1428551191475,com.android.systemui,10012,904,false,FOREGROUND,true
1428551207384,com.google.android.googlequicksearchbox,10022,1194,true,FOREGROUND,true
1428555601481,com.google.android.deskclock,10035,25144,false,FOREGROUND,true
1428555618544,com.android.systemui,10012,904,false,FOREGROUND,true
1428555619540,com.android.systemui,10012,904,false,FOREGROUND,true
1428555623375,com.google.android.googlequicksearchbox,10022,1194,true,FOREGROUND,true
1428555627448,com.tinder,10079,24609,true,FOREGROUND,true
1428555628992,com.tinder,10079,24609,true,FOREGROUND,true
1428555643946,com.android.systemui,10012,904,false,FOREGROUND,true
1428555645468,com.tinder,10079,24609,true,FOREGROUND,true
1428555646182,com.android.systemui,10012,904,false,FOREGROUND,true
1428555646810,com.tinder,10079,24609,true,FOREGROUND,true
1428555653916,com.android.systemui,10012,904,false,FOREGROUND,true
1428555654991,com.google.android.googlequicksearchbox,10022,1194,true,FOREGROUND,true
1428555655640,com.google.android.googlequicksearchbox,10022,1194,true,FOREGROUND,true
1428555656959,com.android.systemui,10012,904,false,FOREGROUND,true
1428555657018,com.google.android.googlequicksearchbox,10022,1194,true,FOREGROUND,true
1428555910775,com.android.systemui,10012,904,false,FOREGROUND,true
1428555913009,com.google.android.googlequicksearchbox,10022,1194,true,FOREGROUND,true
1428555915831,com.battlelancer.seriesguide,10093,26587,true,FOREGROUND,true
1428555920754,com.google.android.googlequicksearchbox,10022,1194,true,FOREGROUND,true
1428555921856,com.android.systemui,10012,904,false,FOREGROUND,true
1428555922515,com.google.android.googlequicksearchbox,10022,1194,true,FOREGROUND,true
1428555927721,com.android.systemui,10012,904,false,FOREGROUND,true
1428555928321,com.google.android.googlequicksearchbox,10022,1194,true,FOREGROUND,true
1428555928793,com.google.android.googlequicksearchbox,10022,1194,true,FOREGROUND,true
1428555931562,com.google.android.calendar,10029,27147,true,FOREGROUND,true
1428555954144,com.google.android.calendar,10029,27147,true,FOREGROUND,true
1428555955904,com.google.android.calendar,10029,27147,true,FOREGROUND,true
1428555957691,com.google.android.googlequicksearchbox,10022,1194,true,FOREGROUND,true
1428555958395,com.android.systemui,10012,904,false,FOREGROUND,true
1428555959247,com.google.android.googlequicksearchbox,10022,1194,true,FOREGROUND,true
1428555960459,com.android.systemui,10012,904,false,FOREGROUND,true
1428555960534,com.google.android.googlequicksearchbox,10022,1194,true,FOREGROUND,true
1428556270608,com.android.systemui,10012,904,false,FOREGROUND,true
1428556275265,com.google.android.googlequicksearchbox,10022,1194,true,FOREGROUND,true
1428556277267,com.google.android.calendar,10029,27844,true,FOREGROUND,true
1428556281929,com.google.android.googlequicksearchbox,10022,1194,true,FOREGROUND,true
1428556282238,com.android.systemui,10012,904,false,FOREGROUND,true
1428556282784,com.google.android.googlequicksearchbox,10022,1194,true,FOREGROUND,true
1428556283656,com.android.systemui,10012,904,false,FOREGROUND,true
1428556283726,com.google.android.googlequicksearchbox,10022,1194,true,FOREGROUND,true
1428556725491,com.google.android.googlequicksearchbox,10022,1194,true,FOREGROUND,true
1428557041489,com.google.android.googlequicksearchbox,10022,1194,true,FOREGROUND,true
1428559340511,com.google.android.googlequicksearchbox,10022,1194,true,FOREGROUND,true
1428559611478,com.google.android.googlequicksearchbox,10022,1194,true,FOREGROUND,true
1428562137420,com.google.android.googlequicksearchbox,10022,1194,true,FOREGROUND,true
1428562252169,com.android.systemui,10012,904,false,FOREGROUND,true
1428562254662,com.google.android.googlequicksearchbox,10022,1194,true,FOREGROUND,true
1428562254965,com.android.systemui,10012,904,false,FOREGROUND,true
1428562255102,com.google.android.googlequicksearchbox,10022,1194,true,FOREGROUND,true
1428562258303,com.google.android.googlequicksearchbox,10022,1194,true,FOREGROUND,true
1428562259372,com.android.systemui,10012,904,false,FOREGROUND,true
1428562259467,com.google.android.googlequicksearchbox,10022,1194,true,FOREGROUND,true
1428563091169,com.google.android.googlequicksearchbox,10022,1194,true,FOREGROUND,true
1428563091788,com.android.systemui,10012,904,false,FOREGROUND,true
1428563092380,com.google.android.googlequicksearchbox,10022,1194,true,FOREGROUND,true
1428563093924,com.android.systemui,10012,904,false,FOREGROUND,true
1428563704516,com.google.android.googlequicksearchbox,10022,1194,true,FOREGROUND,true
1428563735493,com.google.android.googlequicksearchbox,10022,1194,true,FOREGROUND,true
1428564362335,com.android.mi.email,10163,15717,true,FOREGROUND,true
1428564376120,com.android.systemui,10012,904,false,FOREGROUND,true
1428564658767,com.android.mi.email,10163,15717,true,FOREGROUND,true
1428564706401,com.google.android.googlequicksearchbox,10022,1194,true,FOREGROUND,true
1428564706756,com.android.systemui,10012,904,false,FOREGROUND,true
1428564707308,com.google.android.googlequicksearchbox,10022,1194,true,FOREGROUND,true
1428564709852,com.android.settings,1000,7621,true,FOREGROUND,true
1428564712147,com.android.systemui,10012,904,false,FOREGROUND,true
1428564713233,com.android.settings,1000,7621,true,FOREGROUND,true
1428564713769,com.android.systemui,10012,904,false,FOREGROUND,true
1428564714256,com.google.android.googlequicksearchbox,10022,1194,true,FOREGROUND,true
1428564716823,com.android.mi.email,10163,7579,true,FOREGROUND,true
1428564717484,com.android.mi.email,10163,7579,true,FOREGROUND,true
1428564718672,com.android.mi.email,10163,7579,true,FOREGROUND,true
1428564719874,com.android.mi.email,10163,7579,true,FOREGROUND,true
1428564727612,com.android.mi.email,10163,7579,true,FOREGROUND,true
1428564730263,com.google.android.inputmethod.latin,10055,1086,true,PERCEPTIBLE,true
1428564732051,com.android.mi.email,10163,7579,true,FOREGROUND,true
1428564745640,com.android.mi.email,10163,7579,true,FOREGROUND,true
1428564751089,com.android.mi.email,10163,7579,true,FOREGROUND,true
1428564754757,com.android.mi.email,10163,7579,true,FOREGROUND,true
1428564756269,com.android.mi.email,10163,7579,true,FOREGROUND,true
1428564758272,com.android.mi.email,10163,7579,true,FOREGROUND,true
1428564758362,com.google.android.inputmethod.latin,10055,1086,true,VISIBLE,true
1428564759109,com.google.android.inputmethod.latin,10055,1086,true,PERCEPTIBLE,true
1428564759521,com.android.mi.email,10163,7579,true,FOREGROUND,true
1428564760371,com.android.mi.email,10163,7579,true,FOREGROUND,true
1428564760534,com.google.android.inputmethod.latin,10055,1086,true,VISIBLE,true
1428564761014,com.google.android.inputmethod.latin,10055,1086,true,PERCEPTIBLE,true
1428564761453,com.android.mi.email,10163,7579,true,FOREGROUND,true
1428564762221,com.android.mi.email,10163,7579,true,FOREGROUND,true
1428564762316,com.google.android.inputmethod.latin,10055,1086,true,VISIBLE,true
1428564762835,com.google.android.inputmethod.latin,10055,1086,true,VISIBLE,true
1428564763255,com.android.mi.email,10163,7579,true,FOREGROUND,true
1428564764055,com.android.mi.email,10163,7579,true,FOREGROUND,true
1428564764730,com.android.mi.email,10163,7579,true,FOREGROUND,true
1428564773277,com.android.mi.email,10163,7579,true,FOREGROUND,true
1428564773402,com.google.android.inputmethod.latin,10055,1086,true,VISIBLE,true
1428564775964,com.google.android.inputmethod.latin,10055,1086,true,PERCEPTIBLE,true
1428564776723,com.android.mi.email,10163,7579,true,FOREGROUND,true
1428564781508,com.android.mi.email,10163,7579,true,FOREGROUND,true
1428564781688,com.google.android.inputmethod.latin,10055,1086,true,VISIBLE,true
1428564782277,com.google.android.inputmethod.latin,10055,1086,true,PERCEPTIBLE,true
1428564787038,com.android.mi.email,10163,7579,true,FOREGROUND,true
1428564790718,com.android.mi.email,10163,7579,true,FOREGROUND,true
1428564792057,com.android.mi.email,10163,7579,true,FOREGROUND,true
1428564793532,com.android.mi.email,10163,7579,true,FOREGROUND,true
1428564794630,com.android.mi.email,10163,7579,true,FOREGROUND,true
1428564795696,com.android.mi.email,10163,7579,true,FOREGROUND,true
1428564796730,com.android.mi.email,10163,7579,true,FOREGROUND,true
1428564799322,com.android.mi.email,10163,7579,true,FOREGROUND,true
1428564800985,com.android.mi.email,10163,7579,true,FOREGROUND,true
1428564802746,com.android.mi.email,10163,7579,true,FOREGROUND,true
1428564803696,com.android.mi.email,10163,7579,true,FOREGROUND,true
1428564804610,com.google.android.googlequicksearchbox,10022,1194,true,FOREGROUND,true
1428564805068,com.android.systemui,10012,904,false,FOREGROUND,true
1428564805657,com.google.android.googlequicksearchbox,10022,1194,true,FOREGROUND,true
1428564808110,com.tinder,10079,8356,true,FOREGROUND,true
1428564809472,com.tinder,10079,8356,true,FOREGROUND,true
1428564838961,com.google.android.googlequicksearchbox,10022,1194,true,FOREGROUND,true
1428564839251,com.android.systemui,10012,904,false,FOREGROUND,true
1428564839753,com.google.android.googlequicksearchbox,10022,1194,true,FOREGROUND,true
1428564841532,com.android.systemui,10012,904,false,FOREGROUND,true
1428564841628,com.google.android.googlequicksearchbox,10022,1194,true,FOREGROUND,true
1428564961352,com.google.android.googlequicksearchbox,10022,1194,true,FOREGROUND,true
1428564997898,com.google.android.googlequicksearchbox,10022,1194,true,FOREGROUND,true
1428565002083,com.google.android.GoogleCamera,10043,9189,true,FOREGROUND,true
1428565008844,com.android.systemui,10012,904,false,FOREGROUND,true
1428565009455,com.google.android.GoogleCamera,10043,9189,true,FOREGROUND,true
1428565009782,com.android.systemui,10012,904,false,FOREGROUND,true
1428565010556,com.google.android.googlequicksearchbox,10022,1194,true,FOREGROUND,true
1428565011655,com.android.systemui,10012,904,false,FOREGROUND,true
1428565011803,com.google.android.googlequicksearchbox,10022,1194,true,FOREGROUND,true
1428565181040,com.google.android.googlequicksearchbox,10022,1194,true,FOREGROUND,true
1428565184567,com.android.mi.email,10163,8305,true,FOREGROUND,true
1428565185743,com.android.mi.email,10163,8305,true,FOREGROUND,true
1428565186473,com.android.mi.email,10163,8305,true,FOREGROUND,true
1428565187544,com.android.mi.email,10163,8305,true,FOREGROUND,true
1428565189444,com.android.mi.email,10163,8305,true,FOREGROUND,true
1428565190540,com.android.mi.email,10163,8305,true,FOREGROUND,true
1428565190980,com.android.mi.email,10163,8305,true,FOREGROUND,true
1428565191681,com.android.mi.email,10163,8305,true,FOREGROUND,true
1428565196993,com.android.mi.email,10163,8305,true,FOREGROUND,true
1428565199821,com.android.mi.email,10163,8305,true,FOREGROUND,true
1428565208565,com.android.mi.email,10163,8305,true,FOREGROUND,true
1428565208736,com.google.android.inputmethod.latin,10055,1086,true,VISIBLE,true
1428565209716,com.google.android.inputmethod.latin,10055,1086,true,PERCEPTIBLE,true
1428565212034,com.android.mi.email,10163,8305,true,FOREGROUND,true
1428565213734,com.android.mi.email,10163,8305,true,FOREGROUND,true
1428565215386,com.android.mi.email,10163,8305,true,FOREGROUND,true
1428565216228,com.android.mi.email,10163,8305,true,FOREGROUND,true
1428565217608,com.android.mi.email,10163,8305,true,FOREGROUND,true
1428565218193,com.android.mi.email,10163,8305,true,FOREGROUND,true
1428565219382,com.android.mi.email,10163,8305,true,FOREGROUND,true
1428565220007,com.android.mi.email,10163,8305,true,FOREGROUND,true
1428565220803,com.android.mi.email,10163,8305,true,FOREGROUND,true
1428565224373,com.android.mi.email,10163,8305,true,FOREGROUND,true
1428565225314,com.android.mi.email,10163,8305,true,FOREGROUND,true
1428565226332,com.android.mi.email,10163,8305,true,FOREGROUND,true
1428565226990,com.google.android.googlequicksearchbox,10022,1194,true,FOREGROUND,true
1428565227226,com.android.systemui,10012,904,false,FOREGROUND,true
1428565227712,com.google.android.googlequicksearchbox,10022,1194,true,FOREGROUND,true
1428565227989,com.google.android.googlequicksearchbox,10022,1194,true,FOREGROUND,true
1428565229302,com.android.settings,1000,11381,true,FOREGROUND,true
1428565232919,com.android.settings,1000,11381,true,FOREGROUND,true
1428565234394,com.google.android.gms,10007,7216,true,FOREGROUND,true
1428565240444,com.android.settings,1000,11381,true,FOREGROUND,true
1428565246844,com.android.settings,1000,11381,true,FOREGROUND,true
1428565250741,com.android.settings,1000,11381,true,FOREGROUND,true
1428565253427,com.android.settings,1000,11381,true,FOREGROUND,true
1428565257533,com.android.settings,1000,11381,true,FOREGROUND,true
1428565269383,com.android.settings,1000,11381,true,FOREGROUND,true
1428565271169,com.android.systemui,10012,904,false,FOREGROUND,true
1428565380224,com.android.settings,1000,11381,true,FOREGROUND,true
1428565401730,com.android.settings,1000,11381,true,FOREGROUND,true
1428565416981,com.google.android.gms,10007,7216,true,FOREGROUND,true
1428565443684,com.android.settings,1000,11381,true,FOREGROUND,true
1428565444502,com.android.settings,1000,11381,true,FOREGROUND,true
1428565445076,com.google.android.googlequicksearchbox,10022,1194,true,FOREGROUND,true
1428565445696,com.android.systemui,10012,904,false,FOREGROUND,true
1428565446242,com.android.settings,1000,11381,true,FOREGROUND,true
1428565464106,com.android.settings,1000,11381,true,FOREGROUND,true
1428565464748,com.android.settings,1000,11381,true,FOREGROUND,true
1428565488499,com.android.settings,1000,11381,true,FOREGROUND,true
1428565494107,com.android.settings,1000,11381,true,FOREGROUND,true
1428565494647,com.android.settings,1000,11381,true,FOREGROUND,true
1428565498397,com.android.settings,1000,11381,true,FOREGROUND,true
1428565509806,com.android.settings,1000,11381,true,FOREGROUND,true
1428565515599,com.android.settings,1000,11381,true,FOREGROUND,true
1428565516023,com.android.settings,1000,11381,true,FOREGROUND,true
1428565534900,com.android.settings,1000,11381,true,FOREGROUND,true
1428565548553,com.android.settings,1000,11381,true,FOREGROUND,true
1428565549057,com.android.settings,1000,11381,true,FOREGROUND,true
1428565549607,com.google.android.googlequicksearchbox,10022,1194,true,FOREGROUND,true
1428565549864,com.android.systemui,10012,904,false,FOREGROUND,true
1428565550590,com.google.android.googlequicksearchbox,10022,1194,true,FOREGROUND,true
1428565566918,com.mobileiron,10162,12067,true,FOREGROUND,true
1428565682313,com.android.systemui,10012,904,false,FOREGROUND,true
1428565682794,com.mobileiron,10162,12067,true,FOREGROUND,true
1428565683691,com.google.android.apps.plus,10066,3491,true,FOREGROUND,true
1428565683969,com.android.systemui,10012,904,false,FOREGROUND,true
1428565685127,com.mobileiron,10162,12067,true,FOREGROUND,true
1428565687661,com.mobileiron,10162,12067,true,FOREGROUND,true
1428565688858,com.mobileiron,10162,12067,true,FOREGROUND,true
1428565689703,com.mobileiron,10162,12067,true,FOREGROUND,true
1428565690843,com.mobileiron,10162,12067,true,FOREGROUND,true
1428565692782,com.mobileiron,10162,12067,true,FOREGROUND,true
1428565698327,com.mobileiron,10162,12067,true,FOREGROUND,true
1428565700230,com.mobileiron,10162,12067,true,FOREGROUND,true
1428565700787,com.mobileiron,10162,12067,true,FOREGROUND,true
1428565703206,com.mobileiron,10162,12067,true,FOREGROUND,true
1428565708560,com.mobileiron,10162,12067,true,FOREGROUND,true
1428565710355,com.mobileiron,10162,12067,true,FOREGROUND,true
1428565716806,com.mobileiron,10162,12067,true,FOREGROUND,true
1428565718769,com.mobileiron,10162,12067,true,FOREGROUND,true
1428565719583,com.mobileiron,10162,12067,true,FOREGROUND,true
1428565720500,com.mobileiron,10162,12067,true,FOREGROUND,true
1428565723492,com.mobileiron,10162,12067,true,FOREGROUND,true
1428565724001,com.mobileiron,10162,12067,true,FOREGROUND,true
1428565724983,com.mobileiron,10162,12067,true,FOREGROUND,true
1428565730782,com.mobileiron,10162,12067,true,FOREGROUND,true
1428565732489,com.android.systemui,10012,904,false,FOREGROUND,true
1428565733514,com.google.android.googlequicksearchbox,10022,1194,true,FOREGROUND,true
1428565734840,com.android.systemui,10012,904,false,FOREGROUND,true
1428565734933,com.google.android.googlequicksearchbox,10022,1194,true,FOREGROUND,true
1428565751888,com.google.android.googlequicksearchbox,10022,1194,true,FOREGROUND,true
1428565755103,com.android.settings,1000,14218,true,FOREGROUND,true
1428565755785,com.android.systemui,10012,904,false,FOREGROUND,true
1428565756244,com.google.android.googlequicksearchbox,10022,1194,true,FOREGROUND,true
1428565757850,com.android.systemui,10012,904,false,FOREGROUND,true
1428565757951,com.google.android.apps.plus,10066,14344,true,FOREGROUND,true
1428565759309,com.google.android.apps.plus,10066,14344,true,FOREGROUND,true
1428565761084,com.google.android.apps.plus,10066,14344,true,FOREGROUND,true
1428565782658,com.google.android.googlequicksearchbox,10022,1194,true,FOREGROUND,true
1428565782886,com.android.systemui,10012,904,false,FOREGROUND,true
1428565783722,com.google.android.googlequicksearchbox,10022,1194,true,FOREGROUND,true
1428565785785,com.android.mi.email,10163,11358,true,FOREGROUND,true
1428565791001,com.android.mi.email,10163,11358,true,FOREGROUND,true
1428565799473,com.android.mi.email,10163,11358,true,FOREGROUND,true
1428565800961,com.android.mi.email,10163,11358,true,FOREGROUND,true
1428565801828,com.android.mi.email,10163,11358,true,FOREGROUND,true
1428565802571,com.android.mi.email,10163,11358,true,FOREGROUND,true
1428565803392,com.android.mi.email,10163,11358,true,FOREGROUND,true
1428565815824,com.android.mi.email,10163,11358,true,FOREGROUND,true
1428565828330,com.android.mi.email,10163,11358,true,FOREGROUND,true
1428565837174,com.android.mi.email,10163,11358,true,FOREGROUND,true
1428565847999,com.android.mi.email,10163,11358,true,FOREGROUND,true
1428565881613,com.android.mi.email,10163,11358,true,FOREGROUND,true
1428565883583,com.android.mi.email,10163,11358,true,FOREGROUND,true
1428565883694,com.google.android.inputmethod.latin,10055,1086,true,VISIBLE,true
1428565893409,com.google.android.inputmethod.latin,10055,1086,true,PERCEPTIBLE,true
1428565942680,com.android.mi.email,10163,11358,true,FOREGROUND,true
1428565943397,com.android.mi.email,10163,11358,true,FOREGROUND,true
1428565943511,com.google.android.inputmethod.latin,10055,1086,true,VISIBLE,true
1428565945921,com.google.android.inputmethod.latin,10055,1086,true,PERCEPTIBLE,true
1428565945969,com.android.systemui,10012,904,false,FOREGROUND,true
1428565946676,com.google.android.googlequicksearchbox,10022,1194,true,FOREGROUND,true
1428565946875,com.google.android.googlequicksearchbox,10022,1194,true,FOREGROUND,true
1428565947469,com.google.android.googlequicksearchbox,10022,1194,true,FOREGROUND,true
1428565947759,com.android.systemui,10012,904,false,FOREGROUND,true
1428565948721,com.google.android.googlequicksearchbox,10022,1194,true,FOREGROUND,true
1428566068696,com.google.android.googlequicksearchbox,10022,1194,true,FOREGROUND,true
1428566188813,com.android.systemui,10012,904,false,FOREGROUND,true
1428566245385,com.google.android.googlequicksearchbox,10022,1194,true,FOREGROUND,true
1428566540957,com.google.android.googlequicksearchbox,10022,1194,true,FOREGROUND,true
1428566542836,com.google.android.apps.plus,10066,15127,true,FOREGROUND,true
1428566546492,com.google.android.apps.plus,10066,15127,true,FOREGROUND,true
1428566547131,com.google.android.apps.plus,10066,15127,true,FOREGROUND,true
1428566549630,com.android.systemui,10012,904,false,FOREGROUND,true
1428566552438,com.google.android.apps.plus,10066,15127,true,FOREGROUND,true
1428566555641,com.google.android.apps.plus,10066,15127,true,FOREGROUND,true
1428566557618,com.google.android.apps.plus,10066,15127,true,FOREGROUND,true
1428566558022,com.google.android.apps.plus,10066,15127,true,FOREGROUND,true
1428566559012,com.google.android.apps.plus,10066,15127,true,FOREGROUND,true
1428566559587,com.google.android.apps.plus,10066,15127,true,FOREGROUND,true
1428566559742,com.google.android.apps.plus,10066,15127,true,FOREGROUND,true
1428566562447,com.google.android.apps.plus,10066,15127,true,FOREGROUND,true
1428566564327,com.google.android.apps.plus,10066,15127,true,FOREGROUND,true
1428566621696,com.google.android.apps.plus,10066,15127,true,FOREGROUND,true
1428566622596,com.google.android.apps.plus,10066,15127,true,FOREGROUND,true
1428566623101,com.google.android.apps.plus,10066,15127,true,FOREGROUND,true
1428566625184,com.google.android.apps.plus,10066,15127,true,FOREGROUND,true
1428566625521,com.google.android.apps.plus,10066,15127,true,FOREGROUND,true
1428566626223,com.google.android.apps.plus,10066,15127,true,FOREGROUND,true
1428566626679,com.google.android.apps.plus,10066,15127,true,FOREGROUND,true
1428566626833,com.google.android.apps.plus,10066,15127,true,FOREGROUND,true
1428566627405,com.google.android.googlequicksearchbox,10022,1194,true,FOREGROUND,true
1428566627628,com.android.systemui,10012,904,false,FOREGROUND,true
1428566628249,com.google.android.googlequicksearchbox,10022,1194,true,FOREGROUND,true
1428566629425,com.android.systemui,10012,904,false,FOREGROUND,true
1428566629524,com.google.android.googlequicksearchbox,10022,1194,true,FOREGROUND,true
1428566640195,com.google.android.googlequicksearchbox,10022,1194,true,FOREGROUND,true
1428567371681,com.google.android.googlequicksearchbox,10022,1194,true,FOREGROUND,true
1428567377292,com.google.android.apps.docs,10037,19110,true,FOREGROUND,true
1428567395060,com.google.android.apps.docs,10037,19110,true,FOREGROUND,true
1428567395684,com.google.android.apps.docs.editors.sheets,10140,19342,true,FOREGROUND,true
1428567396751,com.google.android.apps.docs.editors.sheets,10140,19342,true,FOREGROUND,true
1428567401240,com.google.android.apps.docs.editors.sheets,10140,19342,true,BACKGROUND,true
1428567430151,com.android.systemui,10012,904,false,FOREGROUND,true
1428567467685,com.google.android.apps.docs.editors.sheets,10140,19342,true,BACKGROUND,true
1428567469281,com.android.systemui,10012,904,false,FOREGROUND,true
1428567485876,com.google.android.apps.docs.editors.sheets,10140,19342,true,BACKGROUND,true
1428567491120,com.android.systemui,10012,904,false,FOREGROUND,true
1428567531531,com.google.android.apps.docs.editors.sheets,10140,19342,true,BACKGROUND,true
1428567547009,com.android.systemui,10012,904,false,FOREGROUND,true
1428567550430,com.google.android.apps.docs.editors.sheets,10140,19342,true,BACKGROUND,true
1428567552949,com.android.systemui,10012,904,false,FOREGROUND,true
1428568352692,com.google.android.apps.docs.editors.sheets,10140,19342,true,BACKGROUND,true
1428568354461,com.google.android.googlequicksearchbox,10022,1194,true,BACKGROUND,true
1428568354564,com.android.systemui,10012,904,false,FOREGROUND,true
1428568355727,com.google.android.googlequicksearchbox,10022,1194,true,FOREGROUND,true
1428568356945,com.android.systemui,10012,904,false,FOREGROUND,true
1428568357014,com.google.android.googlequicksearchbox,10022,1194,true,FOREGROUND,true
1428568358532,com.google.android.googlequicksearchbox,10022,1194,true,FOREGROUND,true
1428572325069,com.google.android.googlequicksearchbox,10022,1194,true,FOREGROUND,true
1428572326229,com.google.android.googlequicksearchbox,10022,1194,true,FOREGROUND,true
1428572326578,com.android.chrome,10032,29674,true,FOREGROUND,true
1428572385667,com.android.systemui,10012,904,false,FOREGROUND,true
1428572447699,com.android.chrome,10032,29674,true,FOREGROUND,true
1428572448406,com.google.android.googlequicksearchbox,10022,1194,true,FOREGROUND,true
1428572448619,com.android.systemui,10012,904,false,FOREGROUND,true
1428572449297,com.google.android.googlequicksearchbox,10022,1194,true,FOREGROUND,true
1428572451708,com.google.android.calendar,10029,31162,true,FOREGROUND,true
1428572454376,com.google.android.calendar,10029,31162,true,FOREGROUND,true
1428572455972,com.android.chrome,10032,29674,true,FOREGROUND,true
1428572469554,com.android.chrome,10032,29674,true,FOREGROUND,true
1428572470212,com.android.chrome,10032,29674,true,FOREGROUND,true
1428572471533,com.android.chrome,10032,29674,true,FOREGROUND,true
1428572472075,com.android.chrome,10032,29674,true,FOREGROUND,true
1428572474533,com.android.chrome,10032,29674,true,FOREGROUND,true
1428572475027,com.android.chrome,10032,29674,true,FOREGROUND,true
1428572499200,com.google.android.talk,10051,29178,true,FOREGROUND,true
1428572500691,com.android.chrome,10032,29674,true,FOREGROUND,true
1428572510417,com.google.android.googlequicksearchbox,10022,1194,true,FOREGROUND,true
1428572511807,com.google.android.dialer,10008,32114,true,FOREGROUND,true
1428572517028,com.google.android.dialer,10008,32114,true,FOREGROUND,true
1428572517367,com.google.android.dialer,10008,32114,true,FOREGROUND,true
1428572518233,com.google.android.dialer,10008,32114,true,FOREGROUND,true
1428572577721,com.google.android.dialer,10008,32114,true,FOREGROUND,true
1428572578394,com.google.android.googlequicksearchbox,10022,1194,true,BACKGROUND,true
1428572578538,com.android.systemui,10012,904,false,FOREGROUND,true
1428572581664,com.android.systemui,10012,904,false,FOREGROUND,true
1428573944489,com.google.android.googlequicksearchbox,10022,1194,true,FOREGROUND,true
1428573944741,com.google.android.googlequicksearchbox,10022,1194,true,FOREGROUND,true
1428573945459,com.android.systemui,10012,904,false,FOREGROUND,true
1428573945517,com.google.android.googlequicksearchbox,10022,1194,true,FOREGROUND,true
1428573966065,com.google.android.googlequicksearchbox,10022,1194,true,FOREGROUND,true
1428573968158,com.android.systemui,10012,904,false,FOREGROUND,true
1428573971677,com.google.android.googlequicksearchbox,10022,1194,true,FOREGROUND,true
1428573972410,com.android.systemui,10012,904,false,FOREGROUND,true
1428573974168,com.google.android.googlequicksearchbox,10022,1194,true,FOREGROUND,true
1428573979298,com.android.systemui,10012,904,false,FOREGROUND,true
1428573979366,com.google.android.googlequicksearchbox,10022,1194,true,FOREGROUND,true
1428573989170,com.google.android.googlequicksearchbox,10022,1194,true,FOREGROUND,true
1428573992261,com.google.android.googlequicksearchbox,10022,1194,true,FOREGROUND,true
1428573993587,com.google.android.googlequicksearchbox,10022,1194,true,FOREGROUND,true
1428573994949,com.google.android.googlequicksearchbox,10022,1194,true,FOREGROUND,true
1428574019709,com.google.android.googlequicksearchbox,10022,1194,true,FOREGROUND,true
1428574039421,com.google.android.googlequicksearchbox,10022,1194,true,FOREGROUND,true
1428574110746,com.google.android.googlequicksearchbox,10022,1194,true,FOREGROUND,true
1428574207278,com.google.android.googlequicksearchbox,10022,1194,true,FOREGROUND,true
1428574879361,com.google.android.googlequicksearchbox,10022,1194,true,FOREGROUND,true
1428574881035,com.android.systemui,10012,904,false,FOREGROUND,true
1428574883177,com.google.android.googlequicksearchbox,10022,1194,true,FOREGROUND,true
1428574885275,com.android.systemui,10012,904,false,FOREGROUND,true
1428574885352,com.google.android.googlequicksearchbox,10022,1194,true,FOREGROUND,true
1428574885954,com.google.android.googlequicksearchbox,10022,1194,true,FOREGROUND,true
1428574889613,com.android.systemui,10012,904,false,FOREGROUND,true
1428574889696,com.google.android.googlequicksearchbox,10022,1194,true,FOREGROUND,true
1428574912835,com.google.android.googlequicksearchbox,10022,1194,true,FOREGROUND,true
1428574926356,com.google.android.googlequicksearchbox,10022,1194,true,FOREGROUND,true
1428574935743,com.google.android.googlequicksearchbox,10022,1194,true,FOREGROUND,true
1428576223459,com.google.android.gm,10042,11147,true,FOREGROUND,true
1428576290256,com.google.android.googlequicksearchbox,10022,1194,true,FOREGROUND,true
1428576290638,com.android.systemui,10012,904,false,FOREGROUND,true
1428576294213,com.android.chrome,10032,29674,true,FOREGROUND,true
1428576452415,com.android.chrome,10032,29674,true,FOREGROUND,true
1428576453141,com.android.chrome,10032,29674,true,FOREGROUND,true
1428576885385,com.android.systemui,10012,904,false,FOREGROUND,true
1428577723384,com.android.chrome,10032,29674,true,FOREGROUND,true
1428577724360,com.google.android.googlequicksearchbox,10022,1194,true,FOREGROUND,true
1428577727288,com.hidglobal.ia.token.generic,10119,19017,false,FOREGROUND,true
1428577729516,com.hidglobal.ia.token.generic,10119,19017,false,FOREGROUND,true
1428577729922,com.google.android.inputmethod.latin,10055,1086,true,VISIBLE,true
1428577732146,com.google.android.inputmethod.latin,10055,1086,true,PERCEPTIBLE,true
1428577732609,com.hidglobal.ia.token.generic,10119,19017,false,FOREGROUND,true
1428577796048,com.android.systemui,10012,904,false,FOREGROUND,true
1428577797316,com.google.android.googlequicksearchbox,10022,1194,true,FOREGROUND,true
1428577798701,com.google.android.googlequicksearchbox,10022,1194,true,FOREGROUND,true
1428577871133,com.hidglobal.ia.token.generic,10119,19017,false,FOREGROUND,true
1428577871188,com.google.android.inputmethod.latin,10055,1086,true,VISIBLE,true
1428577871792,com.google.android.googlequicksearchbox,10022,1194,true,FOREGROUND,true
1428577871962,com.android.systemui,10012,904,false,FOREGROUND,true
1428577872847,com.google.android.googlequicksearchbox,10022,1194,true,FOREGROUND,true
1428577873045,com.android.systemui,10012,904,false,FOREGROUND,true
1428577873695,com.google.android.googlequicksearchbox,10022,1194,true,FOREGROUND,true
1428577873914,com.google.android.googlequicksearchbox,10022,1194,true,FOREGROUND,true
1428577874486,com.android.systemui,10012,904,false,FOREGROUND,true
1428577874669,com.google.android.googlequicksearchbox,10022,1194,true,FOREGROUND,true
1428577884768,com.google.android.googlequicksearchbox,10022,1194,true,FOREGROUND,true
1428577886043,com.android.systemui,10012,904,false,FOREGROUND,true
1428577886111,com.google.android.googlequicksearchbox,10022,1194,true,FOREGROUND,true
1428578036453,com.google.android.googlequicksearchbox,10022,1194,true,FOREGROUND,true
1428578605258,com.android.systemui,10012,904,false,FOREGROUND,true
1428578613368,com.google.android.googlequicksearchbox,10022,1194,true,FOREGROUND,true
1428578614147,com.android.systemui,10012,904,false,FOREGROUND,true
1428578614204,com.google.android.googlequicksearchbox,10022,1194,true,FOREGROUND,true
1428578618074,com.google.android.googlequicksearchbox,10022,1194,true,FOREGROUND,true
1428578620464,com.android.systemui,10012,904,false,FOREGROUND,true
1428578620553,com.google.android.googlequicksearchbox,10022,1194,true,FOREGROUND,true
1428578684884,com.google.android.googlequicksearchbox,10022,1194,true,FOREGROUND,true
1428578686087,com.google.android.googlequicksearchbox,10022,1194,true,FOREGROUND,true
1428578687606,com.android.settings,1000,24229,true,FOREGROUND,true
1428578690787,com.android.systemui,10012,904,false,FOREGROUND,true
1428578693873,com.android.settings,1000,24229,true,FOREGROUND,true
1428578696080,com.google.android.googlequicksearchbox,10022,1194,true,FOREGROUND,true
1428578696435,com.android.systemui,10012,904,false,FOREGROUND,true
1428578698977,com.google.android.googlequicksearchbox,10022,1194,true,FOREGROUND,true
1428578700309,com.android.systemui,10012,904,false,FOREGROUND,true
1428578700361,com.google.android.googlequicksearchbox,10022,1194,true,FOREGROUND,true
1428578724951,com.android.systemui,10012,904,false,FOREGROUND,true
1428578727394,com.google.android.googlequicksearchbox,10022,1194,true,FOREGROUND,true
1428578729617,ch.rts.rtsinfo,10125,1891,true,FOREGROUND,true
1428578736632,ch.rts.rtsinfo,10125,1891,true,FOREGROUND,true
1428578764293,com.google.android.googlequicksearchbox,10022,1194,true,FOREGROUND,true
1428578764473,com.android.systemui,10012,904,false,FOREGROUND,true
1428578765224,com.google.android.googlequicksearchbox,10022,1194,true,FOREGROUND,true
1428578769665,com.google.android.apps.maps,10060,25581,true,FOREGROUND,true
1428578772942,com.google.android.inputmethod.latin,10055,1086,true,VISIBLE,true
1428578776450,com.google.android.inputmethod.latin,10055,1086,true,VISIBLE,true
1428578778817,com.google.android.apps.maps,10060,25581,true,FOREGROUND,true
1428578780266,com.google.android.apps.maps,10060,25581,true,FOREGROUND,true
1428578813350,com.google.android.googlequicksearchbox,10022,1194,true,FOREGROUND,true
1428578813497,com.android.systemui,10012,904,false,FOREGROUND,true
1428578814260,com.google.android.googlequicksearchbox,10022,1194,true,FOREGROUND,true
1428578815089,com.android.systemui,10012,904,false,FOREGROUND,true
1428578815467,com.google.android.googlequicksearchbox,10022,1194,true,FOREGROUND,true
1428578921975,com.google.android.googlequicksearchbox,10022,1194,true,FOREGROUND,true
1428578923781,ch.rts.rtsinfo,10125,26416,true,FOREGROUND,true
1428578927465,com.android.systemui,10012,904,false,FOREGROUND,true
1428578928121,com.google.android.googlequicksearchbox,10022,1194,true,FOREGROUND,true
1428578930809,com.tinder,10079,26553,true,FOREGROUND,true
1428578932324,com.tinder,10079,26553,true,FOREGROUND,true
1428578938169,com.tinder,10079,26553,true,FOREGROUND,true
1428578941132,com.tinder,10079,26553,true,FOREGROUND,true
1428578943621,com.tinder,10079,26553,true,FOREGROUND,true
1428578948839,com.tinder,10079,26553,true,FOREGROUND,true
1428578950219,com.tinder,10079,26553,true,FOREGROUND,true
1428578951395,com.tinder,10079,26553,true,FOREGROUND,true
1428578953773,com.tinder,10079,26553,true,FOREGROUND,true
1428578960827,com.tinder,10079,26553,true,FOREGROUND,true
1428578962550,com.tinder,10079,26553,true,FOREGROUND,true
1428578966885,com.tinder,10079,26553,true,FOREGROUND,true
1428578967850,com.tinder,10079,26553,true,FOREGROUND,true
1428578975088,com.tinder,10079,26553,true,FOREGROUND,true
1428578978545,com.android.systemui,10012,904,false,FOREGROUND,true
1428578993422,com.tinder,10079,26553,true,FOREGROUND,true
1428579006015,com.tinder,10079,26553,true,FOREGROUND,true
1428579006765,com.tinder,10079,26553,true,FOREGROUND,true
1428579010856,com.android.systemui,10012,904,false,FOREGROUND,true
1428579226779,com.tinder,10079,26553,true,FOREGROUND,true
1428579231559,com.android.systemui,10012,904,false,FOREGROUND,true
1428580148599,com.android.systemui,10012,904,false,FOREGROUND,true
1428580153970,com.whatsapp,10077,3463,true,FOREGROUND,true
1428580161664,com.facebook.orca,10135,2073,true,VISIBLE,true
1428580163965,com.google.android.inputmethod.latin,10055,1086,true,VISIBLE,true
1428580170195,com.google.android.inputmethod.latin,10055,1086,true,VISIBLE,true
1428580170339,com.android.systemui,10012,904,false,FOREGROUND,true
1428580172397,com.tinder,10079,26553,true,FOREGROUND,true
1428580172515,com.google.android.inputmethod.latin,10055,1086,true,VISIBLE,true
1428580173626,com.google.android.inputmethod.latin,10055,1086,true,VISIBLE,true
1428580175742,com.android.systemui,10012,904,false,FOREGROUND,true
1428580607763,com.tinder,10079,26553,true,FOREGROUND,true
1428580688654,com.google.android.inputmethod.latin,10055,1086,true,VISIBLE,true
1428580698213,com.google.android.inputmethod.latin,10055,1086,true,VISIBLE,true
1428580698732,com.google.android.inputmethod.latin,10055,1086,true,VISIBLE,true
1428580761989,com.android.systemui,10012,904,false,FOREGROUND,true
1428580873668,com.tinder,10079,26553,true,FOREGROUND,true
1428580875713,com.google.android.inputmethod.latin,10055,1086,true,VISIBLE,true
1428580879999,com.google.android.inputmethod.latin,10055,1086,true,VISIBLE,true
1428580884865,com.android.systemui,10012,904,false,FOREGROUND,true
1428580886092,com.tinder,10079,26553,true,FOREGROUND,true
1428580895366,com.google.android.inputmethod.latin,10055,1086,true,VISIBLE,true
1428580895652,com.google.android.inputmethod.latin,10055,1086,true,VISIBLE,true
1428580908167,com.google.android.inputmethod.latin,10055,1086,true,VISIBLE,true
1428580908522,com.google.android.inputmethod.latin,10055,1086,true,VISIBLE,true
1428580964885,com.google.android.inputmethod.latin,10055,1086,true,VISIBLE,true
1428580966073,com.google.android.inputmethod.latin,10055,1086,true,VISIBLE,true
1428580970069,com.android.systemui,10012,904,false,FOREGROUND,true
1428581161899,com.tinder,10079,26553,true,FOREGROUND,true
1428581163632,com.google.android.inputmethod.latin,10055,1086,true,VISIBLE,true
1428581165630,com.google.android.inputmethod.latin,10055,1086,true,VISIBLE,true
1428581170045,com.google.android.inputmethod.latin,10055,1086,true,VISIBLE,true
1428581172361,com.google.android.inputmethod.latin,10055,1086,true,VISIBLE,true
1428581172512,com.android.systemui,10012,904,false,FOREGROUND,true
1428581195545,com.tinder,10079,26553,true,FOREGROUND,true
1428581216369,com.tinder,10079,26553,true,FOREGROUND,true
1428581218095,com.tinder,10079,26553,true,FOREGROUND,true
1428581227774,com.google.android.inputmethod.latin,10055,1086,true,VISIBLE,true
1428581265825,com.android.systemui,10012,904,false,FOREGROUND,true
1428581275348,com.tinder,10079,26553,true,FOREGROUND,true
1428581291027,com.tinder,10079,26553,true,FOREGROUND,true
1428581299458,com.tinder,10079,26553,true,FOREGROUND,true
1428581302243,com.tinder,10079,26553,true,FOREGROUND,true
1428581305728,com.tinder,10079,26553,true,FOREGROUND,true
1428581307900,com.tinder,10079,26553,true,FOREGROUND,true
1428581313504,com.tinder,10079,26553,true,FOREGROUND,true
1428581314291,com.tinder,10079,26553,true,FOREGROUND,true
1428581317455,com.tinder,10079,26553,true,FOREGROUND,true
1428581321619,com.tinder,10079,26553,true,FOREGROUND,true
1428581326222,com.tinder,10079,26553,true,FOREGROUND,true
1428581327133,com.tinder,10079,26553,true,FOREGROUND,true
1428581327897,com.tinder,10079,26553,true,FOREGROUND,true
1428581329654,com.tinder,10079,26553,true,FOREGROUND,true
1428581334458,com.tinder,10079,26553,true,FOREGROUND,true
1428581336187,com.tinder,10079,26553,true,FOREGROUND,true
1428581339005,com.tinder,10079,26553,true,FOREGROUND,true
1428581341728,com.android.systemui,10012,904,false,FOREGROUND,true
1428581651750,com.tinder,10079,26553,true,FOREGROUND,true
1428581656825,com.android.systemui,10012,904,false,FOREGROUND,true
1428581658059,com.whatsapp,10077,3463,true,FOREGROUND,true
1428581660897,com.google.android.inputmethod.latin,10055,1086,true,VISIBLE,true
1428581675164,com.google.android.inputmethod.latin,10055,1086,true,VISIBLE,true
1428581676580,com.whatsapp,10077,3463,true,FOREGROUND,true
1428581677816,com.whatsapp,10077,3463,true,FOREGROUND,true
1428581688500,com.google.android.googlequicksearchbox,10022,1194,true,FOREGROUND,true
1428581688644,com.google.android.googlequicksearchbox,10022,1194,true,FOREGROUND,true
1428581689111,com.android.systemui,10012,904,false,FOREGROUND,true
1428581690084,com.google.android.googlequicksearchbox,10022,1194,true,FOREGROUND,true
1428581690527,com.android.systemui,10012,904,false,FOREGROUND,true
1428581691938,com.google.android.googlequicksearchbox,10022,1194,true,FOREGROUND,true
1428581694270,com.google.android.apps.plus,10066,9928,true,FOREGROUND,true
1428581696740,com.android.systemui,10012,904,false,FOREGROUND,true
1428581872531,com.google.android.apps.plus,10066,9928,true,FOREGROUND,true
1428581873837,com.google.android.apps.plus,10066,9928,true,FOREGROUND,true
1428581886184,com.android.systemui,10012,904,false,FOREGROUND,true
1428581887046,com.google.android.googlequicksearchbox,10022,1194,true,FOREGROUND,true
1428581890343,com.android.systemui,10012,904,false,FOREGROUND,true
1428581890399,com.google.android.googlequicksearchbox,10022,1194,true,FOREGROUND,true
1428585732091,com.android.mi.email,10163,15302,true,FOREGROUND,true
1428585738142,com.android.systemui,10012,904,false,FOREGROUND,true
1428585813593,com.android.mi.email,10163,15302,true,FOREGROUND,true
1428585820631,com.android.systemui,10012,904,false,FOREGROUND,true
1428589638499,com.android.mi.email,10163,15302,true,FOREGROUND,true
1428589645752,com.android.systemui,10012,904,false,FOREGROUND,true
1428589685144,com.android.mi.email,10163,15302,true,FOREGROUND,true
1428589686038,com.google.android.googlequicksearchbox,10022,1194,true,FOREGROUND,true
1428589687581,com.google.android.apps.plus,10066,26215,true,FOREGROUND,true
1428589688986,com.google.android.apps.plus,10066,26215,true,FOREGROUND,true
1428589694024,com.google.android.googlequicksearchbox,10022,1194,true,FOREGROUND,true
1428589695731,com.google.android.GoogleCamera,10043,30879,true,FOREGROUND,true
1428589700753,com.android.systemui,10012,904,false,FOREGROUND,true
1428589702784,com.android.systemui,10012,904,false,FOREGROUND,true
1428589703619,com.android.systemui,10012,904,false,FOREGROUND,true
1428589704601,com.google.android.apps.plus,10066,26215,true,FOREGROUND,true
1428589705696,com.google.android.apps.plus,10066,26215,true,FOREGROUND,true
1428589854942,com.google.android.apps.plus,10066,26215,true,FOREGROUND,true
1428589859177,com.google.android.apps.plus,10066,26215,true,FOREGROUND,true
1428589862811,com.google.android.apps.plus,10066,26215,true,FOREGROUND,true
1428589863597,com.google.android.apps.plus,10066,26215,true,FOREGROUND,true
1428589865062,com.google.android.apps.plus,10066,26215,true,FOREGROUND,true
1428589866011,com.android.systemui,10012,904,false,FOREGROUND,true
1428589868486,com.google.android.googlequicksearchbox,10022,1194,true,FOREGROUND,true
1428589869919,com.android.systemui,10012,904,false,FOREGROUND,true
1428589869991,com.google.android.googlequicksearchbox,10022,1194,true,FOREGROUND,true
1428589895912,com.google.android.googlequicksearchbox,10022,1194,true,FOREGROUND,true
1428589945379,com.google.android.googlequicksearchbox,10022,1194,true,FOREGROUND,true
1428589947249,com.google.android.GoogleCamera,10043,32703,true,FOREGROUND,true
1428589948891,com.android.systemui,10012,904,false,FOREGROUND,true
1428589977659,com.google.android.GoogleCamera,10043,32703,true,FOREGROUND,true
1428590005923,com.android.systemui,10012,904,false,FOREGROUND,true
1428590100767,com.google.android.GoogleCamera,10043,32703,true,FOREGROUND,true
1428590287836,com.android.systemui,10012,904,false,FOREGROUND,true
1428590288580,com.google.android.googlequicksearchbox,10022,1194,true,FOREGROUND,true
1428590290138,com.google.android.apps.plus,10066,32345,true,FOREGROUND,true
1428590292692,com.google.android.apps.plus,10066,32345,true,FOREGROUND,true
1428590306729,com.android.systemui,10012,904,false,FOREGROUND,true
1428590347664,com.google.android.apps.plus,10066,32345,true,FOREGROUND,true
1428590452538,com.google.android.apps.plus,10066,32345,true,FOREGROUND,true
1428590456054,com.google.android.apps.plus,10066,32345,true,FOREGROUND,true
1428590457999,com.android.systemui,10012,904,false,FOREGROUND,true
1428590494727,com.google.android.apps.plus,10066,32345,true,FOREGROUND,true
1428590496238,com.android.systemui,10012,904,false,FOREGROUND,true
1428590876503,com.google.android.apps.plus,10066,32345,true,FOREGROUND,true
1428590878502,com.google.android.googlequicksearchbox,10022,1194,true,FOREGROUND,true
1428590878658,com.android.systemui,10012,904,false,FOREGROUND,true
1428590879767,com.google.android.googlequicksearchbox,10022,1194,true,FOREGROUND,true
1428590880054,com.google.android.googlequicksearchbox,10022,1194,true,FOREGROUND,true
1428590881109,com.google.android.googlequicksearchbox,10022,1194,true,FOREGROUND,true
1428591362705,com.google.android.googlequicksearchbox,10022,1194,true,FOREGROUND,true
1428592405560,com.google.android.googlequicksearchbox,10022,1194,true,FOREGROUND,true
1428592415996,com.google.android.googlequicksearchbox,10022,1194,true,FOREGROUND,true
1428592478064,com.google.android.googlequicksearchbox,10022,1194,true,FOREGROUND,true
1428592495051,com.google.android.googlequicksearchbox,10022,1194,true,FOREGROUND,true
1428592496507,com.whatsapp,10077,9848,true,FOREGROUND,true
1428592498817,com.android.systemui,10012,904,false,FOREGROUND,true
1428592501253,com.whatsapp,10077,9848,true,FOREGROUND,true
1428592506108,com.whatsapp,10077,9848,true,FOREGROUND,true
1428592507498,com.whatsapp,10077,9848,true,FOREGROUND,true
1428592537111,com.android.systemui,10012,904,false,FOREGROUND,true
1428593166734,com.whatsapp,10077,9848,true,FOREGROUND,true
1428593167774,com.whatsapp,10077,9848,true,FOREGROUND,true
1428593169128,com.whatsapp,10077,9848,true,FOREGROUND,true
1428593170675,com.google.android.inputmethod.latin,10055,1086,true,VISIBLE,true
1428593172328,com.google.android.inputmethod.latin,10055,1086,true,VISIBLE,true
1428593174171,com.android.systemui,10012,904,false,FOREGROUND,true
1428593174880,com.google.android.googlequicksearchbox,10022,1194,true,FOREGROUND,true
1428593175701,com.android.systemui,10012,904,false,FOREGROUND,true
1428593178463,com.google.android.googlequicksearchbox,10022,1194,true,FOREGROUND,true
1428593636161,com.google.android.googlequicksearchbox,10022,1194,true,FOREGROUND,true
1428593705487,com.google.android.googlequicksearchbox,10022,1194,true,FOREGROUND,true
1428594780702,com.google.android.googlequicksearchbox,10022,1194,true,FOREGROUND,true
1428594832299,com.google.android.googlequicksearchbox,10022,1194,true,FOREGROUND,true
1428594833352,com.google.android.googlequicksearchbox,10022,1194,true,FOREGROUND,true
1428594834493,com.google.android.googlequicksearchbox,10022,1194,true,FOREGROUND,true
1428595040904,com.google.android.googlequicksearchbox,10022,1194,true,FOREGROUND,true
1428595050922,com.google.android.googlequicksearchbox,10022,1194,true,FOREGROUND,true
1428595053038,com.google.android.googlequicksearchbox,10022,1194,true,FOREGROUND,true
1428595072311,com.google.android.googlequicksearchbox,10022,1194,true,FOREGROUND,true
1428595542473,com.google.android.googlequicksearchbox,10022,1194,true,FOREGROUND,true
1428595543318,com.whatsapp,10077,8829,true,FOREGROUND,true
1428595546074,com.whatsapp,10077,8829,true,FOREGROUND,true
1428595546550,com.google.android.inputmethod.latin,10055,1086,true,VISIBLE,true
1428595551896,com.google.android.inputmethod.latin,10055,1086,true,VISIBLE,true
1428595553073,com.google.android.inputmethod.latin,10055,1086,true,VISIBLE,true
1428595566875,com.google.android.inputmethod.latin,10055,1086,true,VISIBLE,true
1428595567312,com.google.android.inputmethod.latin,10055,1086,true,VISIBLE,true
1428595581520,com.google.android.inputmethod.latin,10055,1086,true,VISIBLE,true
1428595581615,com.android.systemui,10012,904,false,FOREGROUND,true
1428596342580,com.android.systemui,10012,904,false,FOREGROUND,true
1428596344716,com.whatsapp,10077,8829,true,FOREGROUND,true
1428596345496,com.android.systemui,10012,904,false,FOREGROUND,true
1428596346612,com.google.android.googlequicksearchbox,10022,1194,true,FOREGROUND,true
1428596347284,com.google.android.googlequicksearchbox,10022,1194,true,FOREGROUND,true
1428596347746,com.android.systemui,10012,904,false,FOREGROUND,true
1428596348352,com.google.android.googlequicksearchbox,10022,1194,true,FOREGROUND,true
1428596349376,com.android.systemui,10012,904,false,FOREGROUND,true
1428596351068,com.android.mi.email,10163,32263,true,FOREGROUND,true
1428596352333,com.google.android.googlequicksearchbox,10022,1194,true,FOREGROUND,true
1428596352557,com.android.systemui,10012,904,false,FOREGROUND,true
1428596353116,com.google.android.googlequicksearchbox,10022,1194,true,FOREGROUND,true
1428596353708,com.android.systemui,10012,904,false,FOREGROUND,true
1428596355053,com.android.systemui,10012,904,false,FOREGROUND,true
1428596356149,com.android.systemui,10012,904,false,FOREGROUND,true
1428596357079,com.android.systemui,10012,904,false,FOREGROUND,true
1428596358664,com.google.android.googlequicksearchbox,10022,1194,true,FOREGROUND,true
1428596358788,com.google.android.googlequicksearchbox,10022,1194,true,FOREGROUND,true
1428596359949,com.android.systemui,10012,904,false,FOREGROUND,true
1428596360020,com.google.android.googlequicksearchbox,10022,1194,true,FOREGROUND,true
1428596467475,com.android.systemui,10012,904,false,FOREGROUND,true
1428596469702,com.google.android.googlequicksearchbox,10022,1194,true,FOREGROUND,true
1428596470233,com.android.systemui,10012,904,false,FOREGROUND,true
1428596470771,com.google.android.googlequicksearchbox,10022,1194,true,FOREGROUND,true
1428596472820,com.tinder,10079,21635,true,FOREGROUND,true
1428596474295,com.tinder,10079,21635,true,FOREGROUND,true
1428596482347,com.tinder,10079,21635,true,FOREGROUND,true
1428596490806,com.tinder,10079,21635,true,FOREGROUND,true
1428596491784,com.tinder,10079,21635,true,FOREGROUND,true
1428596493464,com.tinder,10079,21635,true,FOREGROUND,true
1428596496772,com.tinder,10079,21635,true,FOREGROUND,true
1428596500103,com.tinder,10079,21635,true,FOREGROUND,true
1428596500765,com.tinder,10079,21635,true,FOREGROUND,true
1428596503263,com.tinder,10079,21635,true,FOREGROUND,true
1428596505138,com.tinder,10079,21635,true,FOREGROUND,true
1428596513551,com.android.systemui,10012,904,false,FOREGROUND,true
1428596990632,com.android.systemui,10012,904,false,FOREGROUND,true
1428596992935,com.tinder,10079,21635,true,FOREGROUND,true
1428597015462,com.tinder,10079,21635,true,FOREGROUND,true
1428597018279,com.android.systemui,10012,904,false,FOREGROUND,true
1428597020664,com.tinder,10079,21635,true,FOREGROUND,true
1428597021076,com.android.systemui,10012,904,false,FOREGROUND,true
1428597021620,com.google.android.googlequicksearchbox,10022,1194,true,FOREGROUND,true
1428597022388,com.google.android.googlequicksearchbox,10022,1194,true,FOREGROUND,true
1428597380273,com.android.systemui,10012,904,false,FOREGROUND,true
1428597382478,com.google.android.googlequicksearchbox,10022,1194,true,FOREGROUND,true
1428597383521,com.tinder,10079,25404,true,FOREGROUND,true
1428597385025,com.tinder,10079,25404,true,FOREGROUND,true
1428597419096,com.android.systemui,10012,904,false,FOREGROUND,true
1428597420345,com.google.android.googlequicksearchbox,10022,1194,true,FOREGROUND,true
1428597421502,com.android.systemui,10012,904,false,FOREGROUND,true
1428597421601,com.google.android.googlequicksearchbox,10022,1194,true,FOREGROUND,true
1428597976344,com.android.systemui,10012,904,false,FOREGROUND,true
1428597979389,com.google.android.googlequicksearchbox,10022,1194,true,FOREGROUND,true
1428597982288,com.google.android.apps.plus,10066,19257,true,FOREGROUND,true
1428597984651,com.google.android.googlequicksearchbox,10022,1194,true,FOREGROUND,true
1428597986984,com.whatsapp,10077,20954,true,FOREGROUND,true
1428597989066,com.whatsapp,10077,20954,true,FOREGROUND,true
1428597991672,com.whatsapp,10077,20954,true,FOREGROUND,true
1428598010911,com.android.systemui,10012,904,false,FOREGROUND,true
1428598016096,com.whatsapp,10077,20954,true,FOREGROUND,true
1428598019402,com.whatsapp,10077,20954,true,FOREGROUND,true
1428598020311,com.android.systemui,10012,904,false,FOREGROUND,true
1428598021337,com.google.android.apps.plus,10066,19257,true,FOREGROUND,true
1428598022518,com.google.android.apps.plus,10066,19257,true,FOREGROUND,true
1428598025210,com.google.android.apps.plus,10066,19257,true,FOREGROUND,true
1428598026303,com.android.systemui,10012,904,false,FOREGROUND,true
1428598026952,com.google.android.apps.plus,10066,19257,true,FOREGROUND,true
1428598030241,com.google.android.apps.plus,10066,19257,true,FOREGROUND,true
1428598030817,com.google.android.apps.plus,10066,19257,true,FOREGROUND,true
1428598032928,com.google.android.apps.plus,10066,19257,true,FOREGROUND,true
1428598033463,com.android.systemui,10012,904,false,FOREGROUND,true
1428598034019,com.google.android.googlequicksearchbox,10022,1194,true,FOREGROUND,true
1428598035169,com.android.systemui,10012,904,false,FOREGROUND,true
1428598035239,com.google.android.googlequicksearchbox,10022,1194,true,FOREGROUND,true
1428598074510,com.google.android.googlequicksearchbox,10022,1194,true,FOREGROUND,true
1428598419780,com.google.android.googlequicksearchbox,10022,1194,true,FOREGROUND,true
1428598772419,com.android.systemui,10012,904,false,FOREGROUND,true
1428598774277,com.google.android.googlequicksearchbox,10022,1194,true,FOREGROUND,true
1428598775673,com.google.android.inputmethod.latin,10055,1086,true,VISIBLE,true
1428598778038,com.google.android.inputmethod.latin,10055,1086,true,PERCEPTIBLE,true
1428598778357,com.google.android.googlequicksearchbox,10022,1194,true,FOREGROUND,true
1428598788817,com.android.systemui,10012,904,false,FOREGROUND,true
1428598789695,com.google.android.googlequicksearchbox,10022,1194,true,FOREGROUND,true
1428598799113,com.android.systemui,10012,904,false,FOREGROUND,true
1428598799190,com.google.android.googlequicksearchbox,10022,1194,true,FOREGROUND,true
1428598971481,com.google.android.dialer,10008,32062,true,FOREGROUND,true
1428598990954,com.android.systemui,10012,904,false,FOREGROUND,true
1428598991169,com.google.android.googlequicksearchbox,10022,1194,true,FOREGROUND,true
1428599241836,com.google.android.googlequicksearchbox,10022,1194,true,FOREGROUND,true
1428600078697,com.google.android.googlequicksearchbox,10022,1194,true,FOREGROUND,true
1428601386379,com.android.systemui,10012,904,false,FOREGROUND,true
1428601389342,com.facebook.orca,10135,2073,true,FOREGROUND,true
1428601390013,com.facebook.orca,10135,2073,true,FOREGROUND,true
1428601390810,com.google.android.googlequicksearchbox,10022,1194,true,FOREGROUND,true
1428601391756,com.android.systemui,10012,904,false,FOREGROUND,true
1428601392471,com.google.android.googlequicksearchbox,10022,1194,true,FOREGROUND,true
1428601392988,com.facebook.orca,10135,2073,true,VISIBLE,true
1428601394348,com.google.android.inputmethod.latin,10055,1086,true,VISIBLE,true
1428601404062,com.google.android.inputmethod.latin,10055,1086,true,VISIBLE,true
1428601404887,com.google.android.inputmethod.latin,10055,1086,true,VISIBLE,true
1428601409691,com.google.android.inputmethod.latin,10055,1086,true,VISIBLE,true
1428601409832,com.google.android.googlequicksearchbox,10022,1194,true,FOREGROUND,true
1428601410550,com.android.systemui,10012,904,false,FOREGROUND,true
1428601411166,com.google.android.googlequicksearchbox,10022,1194,true,FOREGROUND,true
1428601412365,com.android.systemui,10012,904,false,FOREGROUND,true
1428601412462,com.google.android.googlequicksearchbox,10022,1194,true,FOREGROUND,true
1428601450151,com.android.systemui,10012,904,false,FOREGROUND,true
1428601452580,com.facebook.orca,10135,2073,true,FOREGROUND,true
1428601453095,com.facebook.orca,10135,2073,true,FOREGROUND,true
1428601454005,com.google.android.googlequicksearchbox,10022,1194,true,FOREGROUND,true
1428601454478,com.facebook.orca,10135,2073,true,VISIBLE,true
1428601455272,com.google.android.inputmethod.latin,10055,1086,true,VISIBLE,true
1428601465891,com.google.android.inputmethod.latin,10055,1086,true,VISIBLE,true
1428601466980,com.google.android.inputmethod.latin,10055,1086,true,VISIBLE,true
1428601467424,com.google.android.inputmethod.latin,10055,1086,true,VISIBLE,true
1428601468657,com.google.android.inputmethod.latin,10055,1086,true,VISIBLE,true
1428601469658,com.google.android.googlequicksearchbox,10022,1194,true,FOREGROUND,true
1428601470020,com.google.android.inputmethod.latin,10055,1086,true,VISIBLE,true
1428601470249,com.google.android.googlequicksearchbox,10022,1194,true,FOREGROUND,true
1428601471459,com.android.settings,1000,9949,true,FOREGROUND,true
1428601472515,com.android.settings,1000,9949,true,FOREGROUND,true
1428601480302,com.facebook.orca,10135,2073,true,VISIBLE,true
1428601482525,com.android.settings,1000,9949,true,FOREGROUND,true
1428601514991,com.android.settings,1000,9949,true,FOREGROUND,true
1428601516707,com.android.settings,1000,9949,true,FOREGROUND,true
1428601530709,com.android.settings,1000,9949,true,FOREGROUND,true
1428601543971,com.google.android.googlequicksearchbox,10022,1194,true,FOREGROUND,true
1428601545623,com.android.systemui,10012,904,false,FOREGROUND,true
1428601546916,com.google.android.googlequicksearchbox,10022,1194,true,FOREGROUND,true
1428601547480,com.android.systemui,10012,904,false,FOREGROUND,true
1428601549567,com.google.android.googlequicksearchbox,10022,1194,true,FOREGROUND,true
1428601552700,com.energy98.radio,10106,11126,true,FOREGROUND,true
1428601554824,com.energy98.radio,10106,11126,true,FOREGROUND,true
1428601557169,com.energy98.radio,10106,11126,true,FOREGROUND,true
1428601558246,com.energy98.radio,10106,11126,true,FOREGROUND,true
1428601560692,com.energy98.radio,10106,11126,true,FOREGROUND,true
1428601563276,com.android.systemui,10012,904,false,FOREGROUND,true
1428601579769,com.android.systemui,10012,904,false,FOREGROUND,true
1428601581362,com.energy98.radio,10106,11126,true,FOREGROUND,true
1428601582864,com.android.systemui,10012,904,false,FOREGROUND,true
1428601585387,com.android.systemui,10012,904,false,FOREGROUND,true
1428601586419,com.energy98.radio,10106,11126,true,FOREGROUND,true
1428601589946,com.android.systemui,10012,904,false,FOREGROUND,true
1428601808442,com.android.systemui,10012,904,false,FOREGROUND,true
1428601999469,com.android.systemui,10012,904,false,FOREGROUND,true
1428602001822,com.energy98.radio,10106,11126,true,FOREGROUND,true
1428602002788,com.google.android.googlequicksearchbox,10022,1194,true,FOREGROUND,true
1428602003538,com.android.systemui,10012,904,false,FOREGROUND,true
1428602005591,com.google.android.googlequicksearchbox,10022,1194,true,FOREGROUND,true
1428602007393,com.whatsapp,10077,28425,true,FOREGROUND,true
1428602007881,com.whatsapp,10077,28425,true,FOREGROUND,true
1428602009358,com.whatsapp,10077,28425,true,FOREGROUND,true
1428602014032,com.whatsapp,10077,28425,true,FOREGROUND,true
1428602025552,com.whatsapp,10077,28425,true,FOREGROUND,true
1428602028122,com.android.systemui,10012,904,false,FOREGROUND,true
1428602029820,com.android.systemui,10012,904,false,FOREGROUND,true
1428602289713,com.android.systemui,10012,904,false,FOREGROUND,true
1428602291894,com.google.android.googlequicksearchbox,10022,1194,true,FOREGROUND,true
1428602291934,com.google.android.googlequicksearchbox,10022,1194,true,FOREGROUND,true
1428602292683,com.android.systemui,10012,904,false,FOREGROUND,true
1428602295296,com.google.android.googlequicksearchbox,10022,1194,true,FOREGROUND,true
1428602295409,com.energy98.radio,10106,11126,true,FOREGROUND,true
1428602296636,com.android.systemui,10012,904,false,FOREGROUND,true
1428602297313,com.energy98.radio,10106,11126,true,FOREGROUND,true
1428602297877,com.android.systemui,10012,904,false,FOREGROUND,true
1428602298440,com.google.android.googlequicksearchbox,10022,1194,true,FOREGROUND,true
1428602298738,com.google.android.googlequicksearchbox,10022,1194,true,FOREGROUND,true
1428602299224,com.android.systemui,10012,904,false,FOREGROUND,true
1428602299751,com.google.android.googlequicksearchbox,10022,1194,true,FOREGROUND,true
1428602299996,com.android.systemui,10012,904,false,FOREGROUND,true
1428602301979,com.google.android.dialer,10008,14340,true,FOREGROUND,true
1428602303027,com.google.android.dialer,10008,14340,true,FOREGROUND,true
1428602315877,com.android.systemui,10012,904,false,FOREGROUND,true
1428602318275,com.google.android.dialer,10008,14340,true,FOREGROUND,true
1428602319726,com.google.android.dialer,10008,14340,true,FOREGROUND,true
1428602348691,com.google.android.googlequicksearchbox,10022,1194,true,FOREGROUND,true
1428602361530,com.android.systemui,10012,904,false,FOREGROUND,true
1428602363104,com.whatsapp,10077,13476,true,FOREGROUND,true
1428602387873,com.android.systemui,10012,904,false,FOREGROUND,true
1428602388552,com.google.android.googlequicksearchbox,10022,1194,true,FOREGROUND,true
1428602389353,com.android.systemui,10012,904,false,FOREGROUND,true
1428602392112,com.google.android.googlequicksearchbox,10022,1194,true,FOREGROUND,true
1428602393137,com.android.systemui,10012,904,false,FOREGROUND,true
1428602393852,com.google.android.googlequicksearchbox,10022,1194,true,FOREGROUND,true
1428602394935,com.android.systemui,10012,904,false,FOREGROUND,true
1428602437857,com.whatsapp,10077,15236,true,FOREGROUND,true
1428602439462,com.google.android.inputmethod.latin,10055,1086,true,VISIBLE,true
1428602443023,com.google.android.inputmethod.latin,10055,1086,true,VISIBLE,true
1428602444742,com.google.android.inputmethod.latin,10055,1086,true,VISIBLE,true
1428602446168,com.google.android.inputmethod.latin,10055,1086,true,VISIBLE,true
1428602446239,com.android.systemui,10012,904,false,FOREGROUND,true
1428602463970,com.android.systemui,10012,904,false,FOREGROUND,true
1428602465772,com.whatsapp,10077,15236,true,FOREGROUND,true
1428602467180,com.google.android.inputmethod.latin,10055,1086,true,VISIBLE,true
1428602486714,com.google.android.inputmethod.latin,10055,1086,true,VISIBLE,true
1428602486812,com.android.systemui,10012,904,false,FOREGROUND,true
1428602487504,com.google.android.googlequicksearchbox,10022,1194,true,FOREGROUND,true
1428602488137,com.android.systemui,10012,904,false,FOREGROUND,true
1428602488223,com.google.android.googlequicksearchbox,10022,1194,true,FOREGROUND,true
1428602928959,com.android.systemui,10012,904,false,FOREGROUND,true
1428602931502,com.whatsapp,10077,16028,true,FOREGROUND,true
1428602933985,com.google.android.inputmethod.latin,10055,1086,true,VISIBLE,true
1428602937761,com.google.android.inputmethod.latin,10055,1086,true,VISIBLE,true
1428602938521,com.google.android.inputmethod.latin,10055,1086,true,VISIBLE,true
1428602939721,com.google.android.inputmethod.latin,10055,1086,true,VISIBLE,true
1428602940563,com.google.android.inputmethod.latin,10055,1086,true,VISIBLE,true
1428602941773,com.google.android.inputmethod.latin,10055,1086,true,VISIBLE,true
1428602942047,com.google.android.googlequicksearchbox,10022,1194,true,FOREGROUND,true
1428602942527,com.android.systemui,10012,904,false,FOREGROUND,true
1428602943269,com.google.android.googlequicksearchbox,10022,1194,true,FOREGROUND,true
1428602944712,ch.rts.rtsinfo,10125,16834,true,FOREGROUND,true
1428602950121,ch.rts.rtsinfo,10125,16834,true,FOREGROUND,true
1428603035061,ch.rts.rtsinfo,10125,16834,true,FOREGROUND,true
1428603040703,ch.rts.rtsinfo,10125,16834,true,FOREGROUND,true
1428603049856,ch.rts.rtsinfo,10125,16834,true,FOREGROUND,true
1428603058285,ch.rts.rtsinfo,10125,16834,true,FOREGROUND,true
1428603101328,ch.rts.rtsinfo,10125,16834,true,FOREGROUND,true
1428603160486,ch.rts.rtsinfo,10125,16834,true,FOREGROUND,true
1428603202480,ch.rts.rtsinfo,10125,16834,true,FOREGROUND,true
1428603209788,ch.rts.rtsinfo,10125,16834,true,FOREGROUND,true
1428603253982,ch.rts.rtsinfo,10125,16834,true,FOREGROUND,true
1428603255401,ch.rts.rtsinfo,10125,16834,true,FOREGROUND,true
1428603256120,ch.rts.rtsinfo,10125,16834,true,FOREGROUND,true
1428603257820,ch.rts.rtsinfo,10125,16834,true,FOREGROUND,true
1428603262153,com.android.systemui,10012,904,false,FOREGROUND,true
1428603351179,com.android.systemui,10012,904,false,FOREGROUND,true
1428603358159,com.android.systemui,10012,904,false,FOREGROUND,true
1428603360084,ch.rts.rtsinfo,10125,16834,true,FOREGROUND,true
1428603360953,ch.rts.rtsinfo,10125,16834,true,FOREGROUND,true
1428603361251,ch.rts.rtsinfo,10125,16834,true,FOREGROUND,true
1428603362021,ch.rts.rtsinfo,10125,16834,true,FOREGROUND,true
1428603364850,ch.rts.rtsinfo,10125,16834,true,FOREGROUND,true
1428603365667,ch.rts.rtsinfo,10125,16834,true,FOREGROUND,true
1428603380482,com.google.android.googlequicksearchbox,10022,1194,true,FOREGROUND,true
1428603380740,com.android.systemui,10012,904,false,FOREGROUND,true
1428603381583,com.google.android.googlequicksearchbox,10022,1194,true,FOREGROUND,true
1428603384413,com.battlelancer.seriesguide,10093,16573,true,FOREGROUND,true
1428603387960,com.android.systemui,10012,904,false,FOREGROUND,true
1428603388517,com.google.android.googlequicksearchbox,10022,1194,true,FOREGROUND,true
1428603389009,com.google.android.googlequicksearchbox,10022,1194,true,FOREGROUND,true
1428603397217,com.google.android.googlequicksearchbox,10022,1194,true,FOREGROUND,true
1428603398608,com.google.android.googlequicksearchbox,10022,1194,true,FOREGROUND,true
1428603399266,com.google.android.googlequicksearchbox,10022,1194,true,FOREGROUND,true
1428603399835,com.google.android.googlequicksearchbox,10022,1194,true,FOREGROUND,true
1428603404023,com.google.android.googlequicksearchbox,10022,1194,true,FOREGROUND,true
1428603404353,com.android.chrome,10032,20533,true,FOREGROUND,true
1428603614709,com.android.chrome,10032,20533,true,FOREGROUND,true
1428603615481,com.android.chrome,10032,20533,true,FOREGROUND,true
1428604285775,com.android.systemui,10012,904,false,FOREGROUND,true
1428606282606,com.android.systemui,10012,904,false,FOREGROUND,true
1428606284914,com.android.chrome,10032,20533,true,FOREGROUND,true
1428606372567,com.android.systemui,10012,904,false,FOREGROUND,true
1428610283557,com.android.systemui,10012,904,false,FOREGROUND,true
1428610285938,com.android.chrome,10032,20533,true,FOREGROUND,true
1428610319555,com.google.android.googlequicksearchbox,10022,1194,true,FOREGROUND,true
1428610319620,com.google.android.googlequicksearchbox,10022,1194,true,FOREGROUND,true
1428610322575,com.tinder,10079,2605,true,FOREGROUND,true
1428610324147,com.tinder,10079,2605,true,FOREGROUND,true
1428610325977,com.android.systemui,10012,904,false,FOREGROUND,true
1428610328696,com.tinder,10079,2605,true,FOREGROUND,true
1428610348584,com.tinder,10079,2605,true,FOREGROUND,true
1428610355003,com.tinder,10079,2605,true,FOREGROUND,true
1428610356613,com.tinder,10079,2605,true,FOREGROUND,true
1428610359266,com.tinder,10079,2605,true,FOREGROUND,true
1428610361036,com.tinder,10079,2605,true,FOREGROUND,true
1428610364536,com.tinder,10079,2605,true,FOREGROUND,true
1428610366200,com.tinder,10079,2605,true,FOREGROUND,true
1428610370267,com.tinder,10079,2605,true,FOREGROUND,true
1428610372701,com.google.android.googlequicksearchbox,10022,1194,true,FOREGROUND,true
1428610372905,com.android.systemui,10012,904,false,FOREGROUND,true
1428610374172,com.android.systemui,10012,904,false,FOREGROUND,true
1428610375602,com.android.systemui,10012,904,false,FOREGROUND,true
1428610376809,com.google.android.googlequicksearchbox,10022,1194,true,FOREGROUND,true
1428610379108,com.android.systemui,10012,904,false,FOREGROUND,true
1428610379189,com.google.android.googlequicksearchbox,10022,1194,true,FOREGROUND,true
1428610382202,com.google.android.googlequicksearchbox,10022,1194,true,FOREGROUND,true
1428610607284,com.android.systemui,10012,904,false,FOREGROUND,true
1428610610942,com.google.android.googlequicksearchbox,10022,1194,true,FOREGROUND,true
1428610612561,com.tinder,10079,4532,true,FOREGROUND,true
1428610614013,com.tinder,10079,4532,true,FOREGROUND,true
1428610778165,com.android.systemui,10012,904,false,FOREGROUND,true
1428610779834,com.android.chrome,10032,20533,true,FOREGROUND,true
1428611136023,com.android.chrome,10032,20533,true,FOREGROUND,true
1428611137043,com.android.chrome,10032,20533,true,FOREGROUND,true
1428611148754,com.android.systemui,10012,904,false,FOREGROUND,true
1428611149574,com.android.chrome,10032,20533,true,FOREGROUND,true
1428611152774,com.android.systemui,10012,904,false,FOREGROUND,true
1428611154110,com.android.chrome,10032,20533,true,FOREGROUND,true
1428611168402,com.google.android.inputmethod.latin,10055,1086,true,VISIBLE,true
1428611170621,com.google.android.inputmethod.latin,10055,1086,true,PERCEPTIBLE,true
1428611250019,com.android.chrome,10032,20533,true,FOREGROUND,true
1428611252688,com.android.chrome,10032,20533,true,FOREGROUND,true
1428611433246,com.google.android.googlequicksearchbox,10022,1194,true,FOREGROUND,true
1428611434581,com.android.systemui,10012,904,false,FOREGROUND,true
1428611435966,com.android.chrome,10032,20533,true,FOREGROUND,true
1428611436685,com.google.android.inputmethod.latin,10055,1086,true,VISIBLE,true
1428611441038,com.google.android.inputmethod.latin,10055,1086,true,PERCEPTIBLE,true
1428611441871,com.android.chrome,10032,20533,true,FOREGROUND,true
1428611442067,com.google.android.inputmethod.latin,10055,1086,true,VISIBLE,true
1428611443368,com.google.android.inputmethod.latin,10055,1086,true,PERCEPTIBLE,true
1428611444831,com.google.android.googlequicksearchbox,10022,1194,true,FOREGROUND,true
1428611445170,com.android.systemui,10012,904,false,FOREGROUND,true
1428611446239,com.google.android.googlequicksearchbox,10022,1194,true,FOREGROUND,true
1428611447943,com.whatsapp,10077,17985,true,FOREGROUND,true
1428611450423,com.whatsapp,10077,17985,true,FOREGROUND,true
1428611454262,com.android.systemui,10012,904,false,FOREGROUND,true
1428611455457,com.android.chrome,10032,20533,true,FOREGROUND,true
1428611539416,com.android.systemui,10012,904,false,FOREGROUND,true
1428611586366,com.android.systemui,10012,904,false,FOREGROUND,true
1428611589199,com.whatsapp,10077,11377,true,FOREGROUND,true
1428611589793,com.google.android.inputmethod.latin,10055,1086,true,VISIBLE,true
1428611595489,com.google.android.inputmethod.latin,10055,1086,true,VISIBLE,true
1428611595633,com.android.systemui,10012,904,false,FOREGROUND,true
1428611596889,com.android.chrome,10032,20533,true,FOREGROUND,true
1428611597689,com.android.systemui,10012,904,false,FOREGROUND,true
1428611598327,com.android.chrome,10032,20533,true,FOREGROUND,true
1428611600774,com.android.systemui,10012,904,false,FOREGROUND,true
1428611601435,com.google.android.googlequicksearchbox,10022,1194,true,FOREGROUND,true
1428611601800,com.google.android.googlequicksearchbox,10022,1194,true,FOREGROUND,true
1428611603710,com.android.systemui,10012,904,false,FOREGROUND,true
1428611603798,com.google.android.googlequicksearchbox,10022,1194,true,FOREGROUND,true
1428612569563,com.google.android.googlequicksearchbox,10022,1194,true,FOREGROUND,true
