1430863450162,com.android.systemui,10012,911,false,FOREGROUND,true
1430863452236,com.google.android.talk,10051,19364,true,FOREGROUND,true
1430863454831,com.google.android.inputmethod.latin,10054,10351,true,VISIBLE,true
1430863455422,com.google.android.inputmethod.latin,10054,10351,true,VISIBLE,true
1430863455911,com.google.android.inputmethod.latin,10054,10351,true,VISIBLE,true
1430863465350,com.google.android.inputmethod.latin,10054,10351,true,VISIBLE,true
1430863466026,com.google.android.inputmethod.latin,10054,10351,true,VISIBLE,true
1430863466614,com.google.android.inputmethod.latin,10054,10351,true,VISIBLE,true
1430863467785,com.google.android.inputmethod.latin,10054,10351,true,VISIBLE,true
1430863530855,com.google.android.inputmethod.latin,10054,10351,true,VISIBLE,true
1430863531625,com.google.android.inputmethod.latin,10054,10351,true,VISIBLE,true
1430863535284,com.google.android.inputmethod.latin,10054,10351,true,VISIBLE,true
1430863536447,com.google.android.inputmethod.latin,10054,10351,true,VISIBLE,true
1430863597902,com.google.android.inputmethod.latin,10054,10351,true,VISIBLE,true
1430863602130,com.android.systemui,10012,911,false,FOREGROUND,true
1430863807037,com.android.systemui,10012,911,false,FOREGROUND,true
1430863809467,com.google.android.talk,10051,19364,true,FOREGROUND,true
1430863916790,com.android.systemui,10012,911,false,FOREGROUND,true
1430864487244,com.android.systemui,10012,911,false,FOREGROUND,true
1430864488471,com.google.android.talk,10051,19364,true,FOREGROUND,true
1430864553057,com.android.systemui,10012,911,false,FOREGROUND,true
1430865131768,com.android.systemui,10012,911,false,FOREGROUND,true
1430865133259,com.google.android.talk,10051,19364,true,FOREGROUND,true
1430865134619,com.google.android.googlequicksearchbox,10019,17814,true,FOREGROUND,true
1430865137844,com.viber.voip,10075,30843,true,FOREGROUND,true
1430865139637,com.viber.voip,10075,30843,true,FOREGROUND,true
1430865140491,com.google.android.inputmethod.latin,10054,10351,true,VISIBLE,true
1430865140637,com.google.android.inputmethod.latin,10054,10351,true,VISIBLE,true
1430865140948,com.google.android.inputmethod.latin,10054,10351,true,VISIBLE,true
1430865143838,com.google.android.inputmethod.latin,10054,10351,true,VISIBLE,true
1430865144386,com.google.android.inputmethod.latin,10054,10351,true,VISIBLE,true
1430865219976,com.android.systemui,10012,911,false,FOREGROUND,true
1430865937794,com.android.systemui,10012,911,false,FOREGROUND,true
1430865938921,com.viber.voip,10075,30843,true,FOREGROUND,true
1430865940095,com.google.android.inputmethod.latin,10054,10351,true,VISIBLE,true
1430865941353,com.viber.voip,10075,30843,true,FOREGROUND,true
1430865943429,com.google.android.googlequicksearchbox,10019,17814,true,FOREGROUND,true
1430866003457,com.google.android.googlequicksearchbox,10019,17814,true,FOREGROUND,true
1430866008454,com.android.systemui,10012,911,false,FOREGROUND,true
1430867970925,com.android.systemui,10012,911,false,FOREGROUND,true
1430867971907,com.google.android.googlequicksearchbox,10019,17814,true,FOREGROUND,true
1430867995166,com.google.android.googlequicksearchbox,10019,17814,true,FOREGROUND,true
1430867995354,com.google.android.googlequicksearchbox,10019,17814,true,FOREGROUND,true
1430867997454,com.android.systemui,10012,911,false,FOREGROUND,true
1430868044724,com.android.systemui,10012,911,false,FOREGROUND,true
1430868049555,com.android.systemui,10012,911,false,FOREGROUND,true
1430868051062,com.android.systemui,10012,911,false,FOREGROUND,true
1430868081057,com.android.systemui,10012,911,false,FOREGROUND,true
1430868082031,com.android.settings,1000,32293,true,FOREGROUND,true
1430868090050,com.android.systemui,10012,911,false,FOREGROUND,true
1430868091038,com.android.settings,1000,32293,true,FOREGROUND,true
1430868111166,com.android.settings,1000,32293,true,FOREGROUND,true
1430868121860,com.android.settings,1000,32293,true,FOREGROUND,true
1430868135592,com.android.systemui,10012,911,false,FOREGROUND,true
1430868138892,com.google.android.googlequicksearchbox,10019,17814,true,FOREGROUND,true
1430868140175,com.google.android.googlequicksearchbox,10019,17814,true,FOREGROUND,true
1430868141470,com.google.android.googlequicksearchbox,10019,17814,true,BACKGROUND,true
1430868144357,com.google.android.inputmethod.latin,10054,10351,true,VISIBLE,true
1430868148326,com.google.android.inputmethod.latin,10054,10351,true,VISIBLE,true
1430868154088,com.google.android.youtube,10071,8975,true,FOREGROUND,true
1430868156364,com.android.systemui,10012,911,false,FOREGROUND,true
1430868174046,com.android.systemui,10012,911,false,FOREGROUND,true
1430868385683,com.android.chrome,10031,4458,true,FOREGROUND,true
1430868817113,com.android.systemui,10012,911,false,FOREGROUND,true
1430869361797,com.google.android.youtube,10071,3753,true,FOREGROUND,true
1430869369363,com.android.chrome,10031,4458,true,FOREGROUND,true
1430869371062,com.google.android.inputmethod.latin,10054,10351,true,VISIBLE,true
1430869376415,com.google.android.inputmethod.latin,10054,10351,true,VISIBLE,true
1430869379957,com.google.android.inputmethod.latin,10054,10351,true,VISIBLE,true
1430869382184,com.google.android.inputmethod.latin,10054,10351,true,VISIBLE,true
1430869387325,com.google.android.youtube,10071,3753,true,FOREGROUND,true
1430869783383,com.android.chrome,10031,4458,true,FOREGROUND,true
1430870030653,com.google.android.inputmethod.latin,10054,10351,true,VISIBLE,true
1430870034981,com.google.android.inputmethod.latin,10054,10351,true,VISIBLE,true
1430870131875,com.google.android.inputmethod.latin,10054,10351,true,VISIBLE,true
1430870136540,com.google.android.inputmethod.latin,10054,10351,true,VISIBLE,true
1430870242282,com.google.android.inputmethod.latin,10054,10351,true,VISIBLE,true
1430870247368,com.google.android.inputmethod.latin,10054,10351,true,VISIBLE,true
1430870274351,com.android.systemui,10012,911,false,FOREGROUND,true
1430870275145,com.google.android.googlequicksearchbox,10019,17814,true,FOREGROUND,true
1430870279241,org.telegram.messenger,10077,3927,true,FOREGROUND,true
1430870291592,com.google.android.inputmethod.latin,10054,10351,true,VISIBLE,true
1430870292238,com.google.android.inputmethod.latin,10054,10351,true,VISIBLE,true
1430870292470,com.google.android.inputmethod.latin,10054,10351,true,VISIBLE,true
1430870294458,com.google.android.googlequicksearchbox,10019,17814,true,FOREGROUND,true
1430870295201,com.android.systemui,10012,911,false,FOREGROUND,true
1430870302309,com.google.android.googlequicksearchbox,10019,17814,true,FOREGROUND,true
1430870312842,com.android.systemui,10012,911,false,FOREGROUND,true
1430870314040,com.google.android.googlequicksearchbox,10019,17814,true,FOREGROUND,true
1430870340444,com.google.android.gm,10041,14401,true,FOREGROUND,true
1430870434578,com.google.android.gm,10041,14401,true,FOREGROUND,true
1430870435253,com.google.android.gm,10041,14401,true,FOREGROUND,true
1430870435626,com.google.android.gm,10041,14401,true,FOREGROUND,true
1430870439849,com.android.systemui,10012,911,false,FOREGROUND,true
1430870443618,com.android.systemui,10012,911,false,FOREGROUND,true
1430900800192,com.android.systemui,10012,911,false,FOREGROUND,true
1430900805026,com.android.systemui,10012,911,false,FOREGROUND,true
1430900806102,com.google.android.gm,10041,14401,true,FOREGROUND,true
1430900806913,com.android.systemui,10012,911,false,FOREGROUND,true
1430900835286,com.viber.voip,10075,6057,true,FOREGROUND,true
1430900835796,com.viber.voip,10075,6057,true,FOREGROUND,true
1430900848634,com.android.systemui,10012,911,false,FOREGROUND,true
1430900853538,com.viber.voip,10075,6057,true,FOREGROUND,true
1430900854188,com.google.android.talk,10051,7962,true,FOREGROUND,true
1430900862948,com.android.systemui,10012,911,false,FOREGROUND,true
1430900864821,com.google.android.talk,10051,7962,true,FOREGROUND,true
1430900865410,com.google.android.gm,10041,14401,true,FOREGROUND,true
1430900871160,com.google.android.gm,10041,14401,true,FOREGROUND,true
1430900907352,com.google.android.gm,10041,14401,true,FOREGROUND,true
1430900909633,com.google.android.gm,10041,14401,true,FOREGROUND,true
1430900922485,com.google.android.gm,10041,14401,true,FOREGROUND,true
1430900979249,com.android.systemui,10012,911,false,FOREGROUND,true
1430900992813,com.android.systemui,10012,911,false,FOREGROUND,true
1430900994053,com.google.android.gm,10041,14401,true,FOREGROUND,true
1430900996537,com.google.android.googlequicksearchbox,10019,17814,true,FOREGROUND,true
1430900999271,org.telegram.messenger,10077,3927,true,FOREGROUND,true
1430900999483,com.google.android.inputmethod.latin,10054,10351,true,VISIBLE,true
1430901063710,com.google.android.inputmethod.latin,10054,10351,true,VISIBLE,true
1430901064549,com.google.android.inputmethod.latin,10054,10351,true,VISIBLE,true
1430901065682,com.android.systemui,10012,911,false,FOREGROUND,true
1430901067387,org.telegram.messenger,10077,3927,true,FOREGROUND,true
1430901069497,com.google.android.googlequicksearchbox,10019,17814,true,FOREGROUND,true
1430901075004,com.google.android.talk,10051,7962,true,FOREGROUND,true
1430901078347,com.google.android.inputmethod.latin,10054,10351,true,VISIBLE,true
1430901081715,com.google.android.inputmethod.latin,10054,10351,true,VISIBLE,true
1430901082411,com.google.android.inputmethod.latin,10054,10351,true,VISIBLE,true
1430901088734,com.google.android.inputmethod.latin,10054,10351,true,VISIBLE,true
1430901089107,com.google.android.inputmethod.latin,10054,10351,true,VISIBLE,true
1430901093526,com.google.android.inputmethod.latin,10054,10351,true,VISIBLE,true
1430901095984,com.google.android.inputmethod.latin,10054,10351,true,VISIBLE,true
1430901120769,com.google.android.inputmethod.latin,10054,10351,true,VISIBLE,true
1430901121563,com.google.android.inputmethod.latin,10054,10351,true,VISIBLE,true
1430901124612,com.google.android.inputmethod.latin,10054,10351,true,VISIBLE,true
1430901126733,com.google.android.inputmethod.latin,10054,10351,true,VISIBLE,true
1430901134705,com.google.android.inputmethod.latin,10054,10351,true,VISIBLE,true
1430901135117,com.google.android.inputmethod.latin,10054,10351,true,VISIBLE,true
1430901137536,com.google.android.inputmethod.latin,10054,10351,true,VISIBLE,true
1430901139167,com.google.android.inputmethod.latin,10054,10351,true,VISIBLE,true
1430901200028,com.google.android.inputmethod.latin,10054,10351,true,VISIBLE,true
1430901204292,com.android.systemui,10012,911,false,FOREGROUND,true
1430901985755,com.android.systemui,10012,911,false,FOREGROUND,true
1430901987068,com.google.android.talk,10051,7962,true,FOREGROUND,true
1430901992416,com.android.systemui,10012,911,false,FOREGROUND,true
1430901993450,com.google.android.talk,10051,7962,true,FOREGROUND,true
1430902006900,com.google.android.inputmethod.latin,10054,10351,true,VISIBLE,true
1430902007349,com.google.android.inputmethod.latin,10054,10351,true,VISIBLE,true
1430902007584,com.google.android.inputmethod.latin,10054,10351,true,VISIBLE,true
1430902008966,com.google.android.inputmethod.latin,10054,10351,true,VISIBLE,true
1430902012428,com.google.android.inputmethod.latin,10054,10351,true,VISIBLE,true
1430902012603,com.google.android.inputmethod.latin,10054,10351,true,VISIBLE,true
1430902012901,com.google.android.inputmethod.latin,10054,10351,true,VISIBLE,true
1430902021904,com.google.android.inputmethod.latin,10054,10351,true,VISIBLE,true
1430902027335,com.google.android.inputmethod.latin,10054,10351,true,VISIBLE,true
1430902037241,com.google.android.talk,10051,7962,true,FOREGROUND,true
1430902037427,com.google.android.inputmethod.latin,10054,10351,true,VISIBLE,true
1430902037597,com.google.android.inputmethod.latin,10054,10351,true,VISIBLE,true
1430902037742,com.android.systemui,10012,911,false,FOREGROUND,true
1430902038944,com.google.android.talk,10051,7962,true,FOREGROUND,true
1430902041739,com.google.android.talk,10051,7962,true,FOREGROUND,true
1430902077938,com.google.android.talk,10051,7962,true,FOREGROUND,true
1430902079115,com.google.android.talk,10051,7962,true,FOREGROUND,true
1430902079868,com.google.android.googlequicksearchbox,10019,17814,true,FOREGROUND,true
1430902139565,com.google.android.googlequicksearchbox,10019,17814,true,FOREGROUND,true
1430902144614,com.android.systemui,10012,911,false,FOREGROUND,true
1430902523223,com.google.android.googlequicksearchbox,10019,17814,true,FOREGROUND,true
1430902530149,com.android.systemui,10012,911,false,FOREGROUND,true
1430902531537,com.google.android.googlequicksearchbox,10019,17814,true,FOREGROUND,true
1430902591235,com.google.android.googlequicksearchbox,10019,17814,true,FOREGROUND,true
1430902594435,com.android.chrome,10031,13666,true,FOREGROUND,true
1430902658677,com.android.systemui,10012,911,false,FOREGROUND,true
1430902701099,com.android.systemui,10012,911,false,FOREGROUND,true
1430902702362,com.android.chrome,10031,13666,true,FOREGROUND,true
1430902801034,com.android.systemui,10012,911,false,FOREGROUND,true
1430902809490,com.android.chrome,10031,13666,true,FOREGROUND,true
1430902809917,com.google.android.gm,10041,14401,true,FOREGROUND,true
1430902868445,com.google.android.gm,10041,14401,true,FOREGROUND,true
1430902873217,com.google.android.gm,10041,14401,true,FOREGROUND,true
1430902876221,com.google.android.gm,10041,14401,true,FOREGROUND,true
1430902888005,com.google.android.gm,10041,14401,true,FOREGROUND,true
1430902934157,com.google.android.gm,10041,14401,true,FOREGROUND,true
1430902935295,com.google.android.googlequicksearchbox,10019,17814,true,FOREGROUND,true
1430902947243,org.telegram.messenger,10077,3927,true,FOREGROUND,true
1430902947436,com.google.android.inputmethod.latin,10054,10351,true,VISIBLE,true
1430902949329,com.google.android.googlequicksearchbox,10019,17814,true,FOREGROUND,true
1430902950942,com.google.android.talk,10051,7962,true,FOREGROUND,true
1430902952783,com.google.android.talk,10051,7962,true,FOREGROUND,true
1430902953440,com.google.android.inputmethod.latin,10054,10351,true,VISIBLE,true
1430902953908,com.google.android.inputmethod.latin,10054,10351,true,VISIBLE,true
1430902954218,com.google.android.inputmethod.latin,10054,10351,true,VISIBLE,true
1430903029273,com.google.android.inputmethod.latin,10054,10351,true,VISIBLE,true
1430903033779,com.android.systemui,10012,911,false,FOREGROUND,true
1430904050346,com.android.systemui,10012,911,false,FOREGROUND,true
1430904051720,com.google.android.talk,10051,7962,true,FOREGROUND,true
1430904055251,com.google.android.inputmethod.latin,10054,10351,true,VISIBLE,true
1430904063782,com.google.android.inputmethod.latin,10054,10351,true,VISIBLE,true
1430904064117,com.google.android.inputmethod.latin,10054,10351,true,VISIBLE,true
1430904072490,com.google.android.inputmethod.latin,10054,10351,true,VISIBLE,true
1430904072724,com.google.android.talk,10051,7962,true,FOREGROUND,true
1430904073906,com.google.android.googlequicksearchbox,10019,17814,true,FOREGROUND,true
1430904137521,com.google.android.googlequicksearchbox,10019,17814,true,FOREGROUND,true
1430904142550,com.android.systemui,10012,911,false,FOREGROUND,true
1430904317209,com.android.systemui,10012,911,false,FOREGROUND,true
1430904318226,com.google.android.googlequicksearchbox,10019,17814,true,FOREGROUND,true
1430904319069,com.android.systemui,10012,911,false,FOREGROUND,true
1430904320299,com.google.android.talk,10051,7962,true,FOREGROUND,true
1430904323175,com.android.systemui,10012,911,false,FOREGROUND,true
1430904323648,com.google.android.talk,10051,7962,true,FOREGROUND,true
1430904324134,com.android.systemui,10012,911,false,FOREGROUND,true
1430904330208,com.google.android.talk,10051,7962,true,FOREGROUND,true
1430904333328,com.google.android.inputmethod.latin,10054,10351,true,VISIBLE,true
1430904334637,com.google.android.inputmethod.latin,10054,10351,true,VISIBLE,true
1430904334862,com.android.systemui,10012,911,false,FOREGROUND,true
1430904339085,com.google.android.apps.genie.geniewidget,10040,8312,true,FOREGROUND,true
1430904421649,com.android.systemui,10012,911,false,FOREGROUND,true
1430904431660,com.android.systemui,10012,911,false,FOREGROUND,true
1430904432805,com.google.android.apps.genie.geniewidget,10040,8312,true,FOREGROUND,true
1430904435099,com.google.android.googlequicksearchbox,10019,17814,true,FOREGROUND,true
1430904495114,com.google.android.googlequicksearchbox,10019,17814,true,FOREGROUND,true
1430904500190,com.android.systemui,10012,911,false,FOREGROUND,true
1430904590850,com.android.systemui,10012,911,false,FOREGROUND,true
1430904591927,com.google.android.googlequicksearchbox,10019,17814,true,FOREGROUND,true
1430904651693,com.google.android.googlequicksearchbox,10019,17814,true,FOREGROUND,true
1430904656715,com.android.systemui,10012,911,false,FOREGROUND,true
1430904848866,com.android.systemui,10012,911,false,FOREGROUND,true
1430904849850,com.google.android.googlequicksearchbox,10019,17814,true,FOREGROUND,true
1430904854906,com.namcobandaigames.spmoja010E,10082,20161,true,FOREGROUND,true
1430904919871,com.viber.voip,10075,6057,true,FOREGROUND,true
1430904924836,com.viber.voip,10075,6057,true,FOREGROUND,true
1430904926538,com.google.android.inputmethod.latin,10054,10351,true,VISIBLE,true
1430904926952,com.google.android.inputmethod.latin,10054,10351,true,VISIBLE,true
1430904927383,com.google.android.inputmethod.latin,10054,10351,true,VISIBLE,true
1430904937174,com.google.android.inputmethod.latin,10054,10351,true,VISIBLE,true
1430904937357,com.google.android.inputmethod.latin,10054,10351,true,VISIBLE,true
1430904945652,com.google.android.inputmethod.latin,10054,10351,true,VISIBLE,true
1430904947026,com.google.android.inputmethod.latin,10054,10351,true,VISIBLE,true
1430904947450,com.google.android.inputmethod.latin,10054,10351,true,VISIBLE,true
1430904948090,com.google.android.inputmethod.latin,10054,10351,true,VISIBLE,true
1430904971046,com.android.systemui,10012,911,false,FOREGROUND,true
1430904972579,com.viber.voip,10075,6057,true,FOREGROUND,true
1430904973564,com.google.android.inputmethod.latin,10054,10351,true,VISIBLE,true
1430904974097,com.google.android.inputmethod.latin,10054,10351,true,VISIBLE,true
1430904975528,com.google.android.inputmethod.latin,10054,10351,true,VISIBLE,true
1430904982562,com.google.android.inputmethod.latin,10054,10351,true,VISIBLE,true
1430904982859,com.google.android.inputmethod.latin,10054,10351,true,VISIBLE,true
1430904994679,com.google.android.inputmethod.latin,10054,10351,true,VISIBLE,true
1430905016337,com.google.android.inputmethod.latin,10054,10351,true,VISIBLE,true
1430905020758,com.google.android.inputmethod.latin,10054,10351,true,VISIBLE,true
1430905022760,com.google.android.inputmethod.latin,10054,10351,true,VISIBLE,true
1430905023649,com.google.android.inputmethod.latin,10054,10351,true,VISIBLE,true
1430905025472,com.google.android.inputmethod.latin,10054,10351,true,VISIBLE,true
1430905040821,com.google.android.inputmethod.latin,10054,10351,true,VISIBLE,true
1430905041446,com.google.android.inputmethod.latin,10054,10351,true,VISIBLE,true
1430905044180,com.google.android.inputmethod.latin,10054,10351,true,VISIBLE,true
1430905047631,com.google.android.inputmethod.latin,10054,10351,true,VISIBLE,true
1430905048792,com.google.android.inputmethod.latin,10054,10351,true,VISIBLE,true
1430905127177,com.android.systemui,10012,911,false,FOREGROUND,true
1430905143836,com.viber.voip,10075,6057,true,FOREGROUND,true
1430905158336,com.android.systemui,10012,911,false,FOREGROUND,true
1430905159126,com.android.systemui,10012,911,false,FOREGROUND,true
1430905160575,com.viber.voip,10075,6057,true,FOREGROUND,true
1430905166045,com.google.android.GoogleCamera,10042,21582,true,FOREGROUND,true
1430905182762,com.viber.voip,10075,6057,true,FOREGROUND,true
1430905183966,com.viber.voip,10075,6057,true,FOREGROUND,true
1430905185175,com.google.android.inputmethod.latin,10054,10351,true,VISIBLE,true
1430905185714,com.google.android.inputmethod.latin,10054,10351,true,VISIBLE,true
1430905185893,com.google.android.inputmethod.latin,10054,10351,true,VISIBLE,true
1430905191865,com.google.android.inputmethod.latin,10054,10351,true,VISIBLE,true
1430905192259,com.google.android.inputmethod.latin,10054,10351,true,VISIBLE,true
1430905269924,com.android.systemui,10012,911,false,FOREGROUND,true
1430905282050,com.google.android.inputmethod.latin,10054,10351,true,VISIBLE,true
1430905284442,com.android.systemui,10012,911,false,FOREGROUND,true
1430905285435,com.android.systemui,10012,911,false,FOREGROUND,true
1430905286448,com.viber.voip,10075,6057,true,FOREGROUND,true
1430905290624,com.viber.voip,10075,6057,true,FOREGROUND,true
1430905293147,com.viber.voip,10075,6057,true,FOREGROUND,true
1430905294407,com.google.android.inputmethod.latin,10054,10351,true,VISIBLE,true
1430905295037,com.google.android.inputmethod.latin,10054,10351,true,VISIBLE,true
1430905296352,com.google.android.inputmethod.latin,10054,10351,true,VISIBLE,true
1430905298581,com.google.android.inputmethod.latin,10054,10351,true,VISIBLE,true
1430905299540,com.google.android.inputmethod.latin,10054,10351,true,VISIBLE,true
1430905301511,com.google.android.inputmethod.latin,10054,10351,true,VISIBLE,true
1430905303768,com.google.android.inputmethod.latin,10054,10351,true,VISIBLE,true
1430905304741,com.google.android.googlequicksearchbox,10019,17814,true,FOREGROUND,true
1430905305671,com.google.android.googlequicksearchbox,10019,17814,true,FOREGROUND,true
1430905306910,com.android.chrome,10031,13666,true,FOREGROUND,true
1430905307716,com.google.android.googlequicksearchbox,10019,17814,true,BACKGROUND,true
1430905308404,com.google.android.inputmethod.latin,10054,10351,true,VISIBLE,true
1430905310871,com.google.android.inputmethod.latin,10054,10351,true,VISIBLE,true
1430905411068,com.android.chrome,10031,13666,true,FOREGROUND,true
1430905411638,com.android.chrome,10031,13666,true,FOREGROUND,true
1430905601747,com.android.systemui,10012,911,false,FOREGROUND,true
1430905704631,com.android.systemui,10012,911,false,FOREGROUND,true
1430905705691,com.android.chrome,10031,13666,true,FOREGROUND,true
1430905706925,com.android.systemui,10012,911,false,FOREGROUND,true
1430905708204,com.viber.voip,10075,6057,true,FOREGROUND,true
1430905710050,com.android.systemui,10012,911,false,FOREGROUND,true
1430905712546,com.google.android.talk,10051,7962,true,FOREGROUND,true
1430905713946,com.google.android.inputmethod.latin,10054,10351,true,VISIBLE,true
1430905714525,com.google.android.inputmethod.latin,10054,10351,true,VISIBLE,true
1430905714910,com.google.android.inputmethod.latin,10054,10351,true,VISIBLE,true
1430905729539,com.google.android.inputmethod.latin,10054,10351,true,VISIBLE,true
1430905734061,com.google.android.talk,10051,7962,true,FOREGROUND,true
1430905735034,com.google.android.inputmethod.latin,10054,10351,true,VISIBLE,true
1430905735156,com.google.android.googlequicksearchbox,10019,17814,true,FOREGROUND,true
1430905756405,com.android.systemui,10012,911,false,FOREGROUND,true
1430905756715,com.google.android.googlequicksearchbox,10019,17814,true,FOREGROUND,true
1430905756910,com.android.systemui,10012,911,false,FOREGROUND,true
1430905758307,com.google.android.googlequicksearchbox,10019,17814,true,FOREGROUND,true
1430905758596,com.google.android.talk,10051,7962,true,FOREGROUND,true
1430905760425,com.google.android.inputmethod.latin,10054,10351,true,VISIBLE,true
1430905760737,com.google.android.inputmethod.latin,10054,10351,true,VISIBLE,true
1430905761012,com.google.android.inputmethod.latin,10054,10351,true,VISIBLE,true
1430905761597,com.google.android.inputmethod.latin,10054,10351,true,VISIBLE,true
1430905761734,com.google.android.inputmethod.latin,10054,10351,true,VISIBLE,true
1430905764964,com.google.android.inputmethod.latin,10054,10351,true,VISIBLE,true
1430905765286,com.google.android.inputmethod.latin,10054,10351,true,VISIBLE,true
1430905773566,com.google.android.inputmethod.latin,10054,10351,true,VISIBLE,true
1430905774305,com.google.android.inputmethod.latin,10054,10351,true,VISIBLE,true
1430905777347,com.google.android.talk,10051,7962,true,FOREGROUND,true
1430905778068,com.google.android.talk,10051,7962,true,FOREGROUND,true
1430905781265,com.google.android.inputmethod.latin,10054,10351,true,VISIBLE,true
1430905781938,com.google.android.inputmethod.latin,10054,10351,true,VISIBLE,true
1430905782091,com.google.android.inputmethod.latin,10054,10351,true,VISIBLE,true
1430905794323,com.google.android.inputmethod.latin,10054,10351,true,VISIBLE,true
1430905798636,com.google.android.inputmethod.latin,10054,10351,true,VISIBLE,true
1430905799845,com.google.android.inputmethod.latin,10054,10351,true,VISIBLE,true
1430905811094,com.google.android.inputmethod.latin,10054,10351,true,VISIBLE,true
1430905813654,com.google.android.inputmethod.latin,10054,10351,true,VISIBLE,true
1430905817231,com.google.android.talk,10051,7962,true,FOREGROUND,true
1430905817499,com.google.android.inputmethod.latin,10054,10351,true,VISIBLE,true
1430905817617,com.google.android.inputmethod.latin,10054,10351,true,VISIBLE,true
1430905878747,com.android.systemui,10012,911,false,FOREGROUND,true
1430905934721,com.android.systemui,10012,911,false,FOREGROUND,true
1430905935683,com.google.android.talk,10051,7962,true,FOREGROUND,true
1430905940946,com.google.android.inputmethod.latin,10054,10351,true,VISIBLE,true
1430905945465,com.google.android.inputmethod.latin,10054,10351,true,VISIBLE,true
1430905945890,com.google.android.inputmethod.latin,10054,10351,true,VISIBLE,true
1430905946417,com.google.android.inputmethod.latin,10054,10351,true,VISIBLE,true
1430905946903,com.google.android.inputmethod.latin,10054,10351,true,VISIBLE,true
1430905957653,com.google.android.talk,10051,7962,true,FOREGROUND,true
1430905958273,com.google.android.talk,10051,7962,true,FOREGROUND,true
1430905962222,com.google.android.inputmethod.latin,10054,10351,true,VISIBLE,true
1430905962508,com.google.android.inputmethod.latin,10054,10351,true,VISIBLE,true
1430905970570,com.google.android.inputmethod.latin,10054,10351,true,VISIBLE,true
1430905972250,com.google.android.inputmethod.latin,10054,10351,true,VISIBLE,true
1430905980010,com.google.android.inputmethod.latin,10054,10351,true,VISIBLE,true
1430905982866,com.google.android.inputmethod.latin,10054,10351,true,VISIBLE,true
1430905989920,com.google.android.inputmethod.latin,10054,10351,true,VISIBLE,true
1430905991529,com.google.android.inputmethod.latin,10054,10351,true,VISIBLE,true
1430905993554,com.google.android.inputmethod.latin,10054,10351,true,VISIBLE,true
1430905994518,com.google.android.inputmethod.latin,10054,10351,true,VISIBLE,true
1430906015305,com.google.android.inputmethod.latin,10054,10351,true,VISIBLE,true
1430906015447,com.google.android.googlequicksearchbox,10019,17814,true,FOREGROUND,true
1430906017911,org.telegram.messenger,10077,3927,true,FOREGROUND,true
1430906018097,com.google.android.inputmethod.latin,10054,10351,true,VISIBLE,true
1430906019793,org.telegram.messenger,10077,3927,true,FOREGROUND,true
1430906021914,com.google.android.inputmethod.latin,10054,10351,true,VISIBLE,true
1430906043961,org.telegram.messenger,10077,3927,true,FOREGROUND,true
1430906045969,org.telegram.messenger,10077,3927,true,FOREGROUND,true
1430906046657,com.google.android.inputmethod.latin,10054,10351,true,VISIBLE,true
1430906064029,com.android.systemui,10012,911,false,FOREGROUND,true
1430906065409,com.google.android.talk,10051,7962,true,FOREGROUND,true
1430906066825,com.google.android.inputmethod.latin,10054,10351,true,VISIBLE,true
1430906069163,com.google.android.inputmethod.latin,10054,10351,true,VISIBLE,true
1430906069320,com.android.systemui,10012,911,false,FOREGROUND,true
1430906070069,org.telegram.messenger,10077,3927,true,FOREGROUND,true
1430906070223,com.google.android.inputmethod.latin,10054,10351,true,VISIBLE,true
1430906136944,com.android.systemui,10012,911,false,FOREGROUND,true
1430906184018,com.android.systemui,10012,911,false,FOREGROUND,true
1430906185223,org.telegram.messenger,10077,3927,true,FOREGROUND,true
1430906186299,com.google.android.inputmethod.latin,10054,10351,true,VISIBLE,true
1430906189020,com.google.android.googlequicksearchbox,10019,17814,true,FOREGROUND,true
1430906190692,org.telegram.messenger,10077,3927,true,FOREGROUND,true
1430906193521,com.google.android.googlequicksearchbox,10019,17814,true,FOREGROUND,true
1430906195360,com.viber.voip,10075,6057,true,FOREGROUND,true
1430906199732,com.google.android.googlequicksearchbox,10019,17814,true,FOREGROUND,true
1430906202982,com.google.android.googlequicksearchbox,10019,17814,true,FOREGROUND,true
1430906206586,com.google.android.googlequicksearchbox,10019,17814,true,FOREGROUND,true
1430906209321,ch.deindeal.android,10107,27797,true,FOREGROUND,true
1430906210991,ch.deindeal.android,10107,27797,true,FOREGROUND,true
1430906213649,ch.deindeal.android,10107,27797,true,FOREGROUND,true
1430906214842,ch.deindeal.android,10107,27797,true,FOREGROUND,true
1430906240042,ch.deindeal.android,10107,27797,true,FOREGROUND,true
1430906253608,ch.deindeal.android,10107,27797,true,FOREGROUND,true
1430906264767,ch.deindeal.android,10107,27797,true,FOREGROUND,true
1430906269806,ch.deindeal.android,10107,27797,true,FOREGROUND,true
1430906271352,ch.deindeal.android,10107,27797,true,FOREGROUND,true
1430906277820,ch.deindeal.android,10107,27797,true,FOREGROUND,true
1430906279564,ch.deindeal.android,10107,27797,true,FOREGROUND,true
1430906281214,com.android.systemui,10012,911,false,FOREGROUND,true
1430906282629,ch.deindeal.android,10107,27797,true,FOREGROUND,true
1430906283706,com.adobe.reader,10084,28365,true,FOREGROUND,true
1430906294543,ch.deindeal.android,10107,27797,true,FOREGROUND,true
1430906296173,ch.deindeal.android,10107,27797,true,FOREGROUND,true
1430906304527,ch.deindeal.android,10107,27797,true,FOREGROUND,true
1430906306498,ch.deindeal.android,10107,27797,true,FOREGROUND,true
1430906307673,ch.deindeal.android,10107,27797,true,FOREGROUND,true
1430906356125,com.android.systemui,10012,911,false,FOREGROUND,true
1430906357823,org.telegram.messenger,10077,28242,true,FOREGROUND,true
1430906359322,com.google.android.inputmethod.latin,10054,10351,true,VISIBLE,true
1430906360053,com.google.android.inputmethod.latin,10054,10351,true,VISIBLE,true
1430906360651,com.google.android.inputmethod.latin,10054,10351,true,VISIBLE,true
1430906378350,com.google.android.inputmethod.latin,10054,10351,true,VISIBLE,true
1430906379398,ch.deindeal.android,10107,27797,true,FOREGROUND,true
1430906387098,ch.deindeal.android,10107,27797,true,FOREGROUND,true
1430906396159,ch.deindeal.android,10107,27797,true,FOREGROUND,true
1430906400797,ch.deindeal.android,10107,27797,true,FOREGROUND,true
1430906404913,ch.deindeal.android,10107,27797,true,FOREGROUND,true
1430906408488,ch.deindeal.android,10107,27797,true,FOREGROUND,true
1430906411551,ch.deindeal.android,10107,27797,true,FOREGROUND,true
1430906421920,ch.deindeal.android,10107,27797,true,FOREGROUND,true
1430906429384,ch.deindeal.android,10107,27797,true,FOREGROUND,true
1430906438972,ch.deindeal.android,10107,27797,true,FOREGROUND,true
1430906444103,ch.deindeal.android,10107,27797,true,FOREGROUND,true
1430906449201,ch.deindeal.android,10107,27797,true,FOREGROUND,true
1430906461311,ch.deindeal.android,10107,27797,true,FOREGROUND,true
1430906467701,ch.deindeal.android,10107,27797,true,FOREGROUND,true
1430906476300,ch.deindeal.android,10107,27797,true,FOREGROUND,true
1430906476944,com.google.android.googlequicksearchbox,10019,17814,true,FOREGROUND,true
1430906536859,com.google.android.googlequicksearchbox,10019,17814,true,FOREGROUND,true
1430906541943,com.android.systemui,10012,911,false,FOREGROUND,true
1430906598865,com.android.systemui,10012,911,false,FOREGROUND,true
1430906602987,com.google.android.googlequicksearchbox,10019,17814,true,FOREGROUND,true
1430906603656,com.android.systemui,10012,911,false,FOREGROUND,true
1430906605303,com.google.android.googlequicksearchbox,10019,17814,true,FOREGROUND,true
1430906605730,com.google.android.talk,10051,7962,true,FOREGROUND,true
1430906622760,com.google.android.inputmethod.latin,10054,10351,true,VISIBLE,true
1430906635992,com.google.android.talk,10051,7962,true,FOREGROUND,true
1430906636064,com.google.android.inputmethod.latin,10054,10351,true,VISIBLE,true
1430906636303,com.google.android.inputmethod.latin,10054,10351,true,VISIBLE,true
1430906642239,com.google.android.talk,10051,7962,true,FOREGROUND,true
1430906645971,com.google.android.talk,10051,7962,true,FOREGROUND,true
1430906648046,com.google.android.talk,10051,7962,true,FOREGROUND,true
1430906650010,com.google.android.inputmethod.latin,10054,10351,true,VISIBLE,true
1430906651069,com.google.android.inputmethod.latin,10054,10351,true,VISIBLE,true
1430906651169,com.google.android.googlequicksearchbox,10019,17814,true,FOREGROUND,true
1430906656889,com.google.android.inputmethod.latin,10054,10351,true,VISIBLE,true
1430906659066,com.google.android.inputmethod.latin,10054,10351,true,VISIBLE,true
1430906661535,com.google.android.googlequicksearchbox,10019,17814,true,FOREGROUND,true
1430906667653,com.namcobandaigames.spmoja010E,10082,20161,true,FOREGROUND,true
1430906978744,com.viber.voip,10075,28437,true,FOREGROUND,true
1430906982747,com.viber.voip,10075,28437,true,FOREGROUND,true
1430906985899,com.android.systemui,10012,911,false,FOREGROUND,true
1430906987510,com.namcobandaigames.spmoja010E,10082,20161,true,FOREGROUND,true
1430907190756,com.google.android.dialer,10008,31976,true,FOREGROUND,true
1430907699385,com.namcobandaigames.spmoja010E,10082,20161,true,FOREGROUND,true
1430908346240,com.google.android.googlequicksearchbox,10019,17814,true,FOREGROUND,true
1430908347943,com.google.android.googlequicksearchbox,10019,17814,true,FOREGROUND,true
1430908349192,com.android.chrome,10031,13666,true,FOREGROUND,true
1430908349913,com.google.android.googlequicksearchbox,10019,17814,true,BACKGROUND,true
1430908350613,com.google.android.inputmethod.latin,10054,10351,true,VISIBLE,true
1430908354161,com.google.android.inputmethod.latin,10054,10351,true,VISIBLE,true
1430908359149,com.android.chrome,10031,13666,true,FOREGROUND,true
1430908361269,com.android.chrome,10031,13666,true,FOREGROUND,true
1430908370860,com.android.chrome,10031,13666,true,FOREGROUND,true
1430908372793,com.android.systemui,10012,911,false,FOREGROUND,true
1430908387140,com.google.android.googlequicksearchbox,10019,17814,true,FOREGROUND,true
1430908387991,com.android.systemui,10012,911,false,FOREGROUND,true
1430908388881,com.google.android.googlequicksearchbox,10019,17814,true,FOREGROUND,true
1430910069193,com.android.systemui,10012,911,false,FOREGROUND,true
1430910070144,com.android.systemui,10012,911,false,FOREGROUND,true
1430910071469,com.google.android.googlequicksearchbox,10019,17814,true,FOREGROUND,true
1430910072220,com.android.systemui,10012,911,false,FOREGROUND,true
1430910073530,com.google.android.talk,10051,2566,true,FOREGROUND,true
1430910076663,com.google.android.talk,10051,2566,true,FOREGROUND,true
1430910078362,com.google.android.talk,10051,2566,true,FOREGROUND,true
1430910079209,com.google.android.inputmethod.latin,10054,10351,true,VISIBLE,true
1430910079639,com.google.android.inputmethod.latin,10054,10351,true,VISIBLE,true
1430910079995,com.google.android.inputmethod.latin,10054,10351,true,VISIBLE,true
1430910087964,com.google.android.inputmethod.latin,10054,10351,true,VISIBLE,true
1430910088402,com.google.android.inputmethod.latin,10054,10351,true,VISIBLE,true
1430910090021,com.google.android.inputmethod.latin,10054,10351,true,VISIBLE,true
1430910090184,com.google.android.googlequicksearchbox,10019,17814,true,FOREGROUND,true
1430910158985,com.google.android.googlequicksearchbox,10019,17814,true,FOREGROUND,true
1430910163965,com.android.systemui,10012,911,false,FOREGROUND,true
1430910175370,com.android.systemui,10012,911,false,FOREGROUND,true
1430910176405,com.google.android.googlequicksearchbox,10019,17814,true,FOREGROUND,true
1430910177653,com.android.systemui,10012,911,false,FOREGROUND,true
1430910178926,com.google.android.googlequicksearchbox,10019,17814,true,FOREGROUND,true
1430910182675,com.viber.voip,10075,1936,true,FOREGROUND,true
1430910203367,com.viber.voip,10075,1936,true,FOREGROUND,true
1430910204396,com.viber.voip,10075,1936,true,FOREGROUND,true
1430910205880,com.viber.voip,10075,1936,true,FOREGROUND,true
1430910213413,com.android.systemui,10012,911,false,FOREGROUND,true
1430910220734,com.android.systemui,10012,911,false,FOREGROUND,true
1430910221750,com.viber.voip,10075,1936,true,FOREGROUND,true
1430910225143,com.google.android.googlequicksearchbox,10019,17814,true,FOREGROUND,true
1430910291985,com.google.android.googlequicksearchbox,10019,17814,true,FOREGROUND,true
1430910297066,com.android.systemui,10012,911,false,FOREGROUND,true
1430910313407,com.android.systemui,10012,911,false,FOREGROUND,true
1430910314521,com.google.android.googlequicksearchbox,10019,17814,true,FOREGROUND,true
1430910316569,org.telegram.messenger,10077,2041,true,FOREGROUND,true
1430910342937,com.google.android.googlequicksearchbox,10019,17814,true,FOREGROUND,true
1430910345484,com.google.android.talk,10051,2566,true,FOREGROUND,true
1430910350381,com.google.android.inputmethod.latin,10054,10351,true,VISIBLE,true
1430910360152,com.android.systemui,10012,911,false,FOREGROUND,true
1430910360542,com.google.android.inputmethod.latin,10054,10351,true,VISIBLE,true
1430910361456,com.google.android.googlequicksearchbox,10019,17814,true,FOREGROUND,true
1430910361619,com.google.android.inputmethod.latin,10054,10351,true,VISIBLE,true
1430910367493,com.google.android.inputmethod.latin,10054,10351,true,VISIBLE,true
1430910367917,com.google.android.inputmethod.latin,10054,10351,true,VISIBLE,true
1430910371930,com.google.android.inputmethod.latin,10054,10351,true,VISIBLE,true
1430910376555,com.google.android.inputmethod.latin,10054,10351,true,VISIBLE,true
1430910377020,com.google.android.inputmethod.latin,10054,10351,true,VISIBLE,true
1430910404020,com.google.android.inputmethod.latin,10054,10351,true,VISIBLE,true
1430910464046,com.google.android.googlequicksearchbox,10019,17814,true,FOREGROUND,true
1430910469116,com.android.systemui,10012,911,false,FOREGROUND,true
1430911345271,com.android.systemui,10012,911,false,FOREGROUND,true
1430911346365,com.google.android.googlequicksearchbox,10019,17814,true,FOREGROUND,true
1430911346964,com.android.systemui,10012,911,false,FOREGROUND,true
1430911347704,com.google.android.googlequicksearchbox,10019,17814,true,FOREGROUND,true
1430911348021,com.google.android.talk,10051,2566,true,FOREGROUND,true
1430911349662,com.google.android.inputmethod.latin,10054,10351,true,VISIBLE,true
1430911422214,com.google.android.inputmethod.latin,10054,10351,true,VISIBLE,true
1430911426459,com.android.systemui,10012,911,false,FOREGROUND,true
1430911725374,com.android.systemui,10012,911,false,FOREGROUND,true
1430911726578,com.google.android.talk,10051,2566,true,FOREGROUND,true
1430911791329,com.android.systemui,10012,911,false,FOREGROUND,true
1430911993779,com.android.systemui,10012,911,false,FOREGROUND,true
1430911994907,com.google.android.talk,10051,2566,true,FOREGROUND,true
1430912059515,com.android.systemui,10012,911,false,FOREGROUND,true
1430912167002,com.android.systemui,10012,911,false,FOREGROUND,true
1430912168138,com.google.android.talk,10051,2566,true,FOREGROUND,true
1430912175334,com.google.android.talk,10051,2566,true,FOREGROUND,true
1430912177389,com.google.android.googlequicksearchbox,10019,17814,true,FOREGROUND,true
1430912189962,com.android.chrome,10031,10629,true,FOREGROUND,true
1430912318766,com.android.systemui,10012,911,false,FOREGROUND,true
1430912324925,com.android.chrome,10031,10629,true,FOREGROUND,true
1430912326240,com.google.android.gm,10041,29113,true,FOREGROUND,true
1430912362865,com.android.chrome,10031,10629,true,FOREGROUND,true
1430912388531,com.android.chrome,10031,10629,true,FOREGROUND,true
1430912538914,com.google.android.talk,10051,13007,true,FOREGROUND,true
1430912545838,com.google.android.inputmethod.latin,10054,10351,true,VISIBLE,true
1430912555122,com.google.android.talk,10051,13007,true,FOREGROUND,true
1430912555365,com.google.android.inputmethod.latin,10054,10351,true,VISIBLE,true
1430912555535,com.google.android.inputmethod.latin,10054,10351,true,VISIBLE,true
1430912556740,com.google.android.talk,10051,13007,true,FOREGROUND,true
1430912557207,com.google.android.inputmethod.latin,10054,10351,true,VISIBLE,true
1430912564887,com.google.android.talk,10051,13007,true,FOREGROUND,true
1430912565686,com.google.android.talk,10051,13007,true,FOREGROUND,true
1430912572175,com.google.android.inputmethod.latin,10054,10351,true,VISIBLE,true
1430912572372,com.android.systemui,10012,911,false,FOREGROUND,true
1430912573241,com.android.chrome,10031,10629,true,FOREGROUND,true
1430913135142,com.android.chrome,10031,10629,true,FOREGROUND,true
1430913135840,com.android.chrome,10031,10629,true,FOREGROUND,true
1430913140255,com.android.chrome,10031,10629,true,FOREGROUND,true
1430913140953,com.android.chrome,10031,10629,true,FOREGROUND,true
1430913142500,com.google.android.googlequicksearchbox,10019,17814,true,FOREGROUND,true
1430913202280,com.google.android.googlequicksearchbox,10019,17814,true,FOREGROUND,true
1430913207243,com.android.systemui,10012,911,false,FOREGROUND,true
1430913303338,com.android.systemui,10012,911,false,FOREGROUND,true
1430913304409,com.google.android.googlequicksearchbox,10019,17814,true,FOREGROUND,true
1430913304970,com.android.systemui,10012,911,false,FOREGROUND,true
1430913306714,com.google.android.talk,10051,18073,true,FOREGROUND,true
1430913322379,com.google.android.inputmethod.latin,10054,10351,true,VISIBLE,true
1430913324358,com.google.android.inputmethod.latin,10054,10351,true,VISIBLE,true
1430913325634,com.google.android.inputmethod.latin,10054,10351,true,VISIBLE,true
1430913327595,com.google.android.inputmethod.latin,10054,10351,true,VISIBLE,true
1430913328886,com.google.android.inputmethod.latin,10054,10351,true,VISIBLE,true
1430913329783,com.google.android.inputmethod.latin,10054,10351,true,VISIBLE,true
1430913331800,com.google.android.inputmethod.latin,10054,10351,true,VISIBLE,true
1430913334688,com.google.android.inputmethod.latin,10054,10351,true,VISIBLE,true
1430913335127,com.google.android.inputmethod.latin,10054,10351,true,VISIBLE,true
1430913335517,com.google.android.inputmethod.latin,10054,10351,true,VISIBLE,true
1430913341820,com.google.android.inputmethod.latin,10054,10351,true,VISIBLE,true
1430913342243,com.google.android.inputmethod.latin,10054,10351,true,VISIBLE,true
1430913344918,com.google.android.inputmethod.latin,10054,10351,true,VISIBLE,true
1430913345911,com.google.android.talk,10051,18073,true,FOREGROUND,true
1430913346516,com.google.android.talk,10051,18073,true,FOREGROUND,true
1430913347296,com.google.android.inputmethod.latin,10054,10351,true,VISIBLE,true
1430913408198,com.google.android.inputmethod.latin,10054,10351,true,VISIBLE,true
1430913412318,com.android.systemui,10012,911,false,FOREGROUND,true
1430913444111,com.android.systemui,10012,911,false,FOREGROUND,true
1430913445230,com.google.android.talk,10051,18073,true,FOREGROUND,true
1430913447448,com.android.systemui,10012,911,false,FOREGROUND,true
1430913448735,com.android.chrome,10031,10629,true,FOREGROUND,true
1430913582779,com.android.chrome,10031,10629,true,FOREGROUND,true
1430913583333,com.android.chrome,10031,10629,true,FOREGROUND,true
1430913757829,com.android.systemui,10012,911,false,FOREGROUND,true
1430913767034,com.android.systemui,10012,911,false,FOREGROUND,true
1430913768279,com.android.chrome,10031,10629,true,FOREGROUND,true
1430913774572,com.android.chrome,10031,10629,true,FOREGROUND,true
1430913774833,com.android.chrome,10031,10629,true,FOREGROUND,true
1430913809025,com.android.systemui,10012,911,false,FOREGROUND,true
1430913912779,com.android.systemui,10012,911,false,FOREGROUND,true
1430913913953,com.android.chrome,10031,10629,true,FOREGROUND,true
1430914044296,com.android.chrome,10031,10629,true,FOREGROUND,true
1430914045030,com.android.chrome,10031,10629,true,FOREGROUND,true
1430914113043,com.android.chrome,10031,10629,true,FOREGROUND,true
1430914113798,com.google.android.talk,10051,18073,true,FOREGROUND,true
1430914130433,com.google.android.inputmethod.latin,10054,10351,true,VISIBLE,true
1430914130805,com.google.android.inputmethod.latin,10054,10351,true,VISIBLE,true
1430914131120,com.google.android.inputmethod.latin,10054,10351,true,VISIBLE,true
1430914143355,com.google.android.inputmethod.latin,10054,10351,true,VISIBLE,true
1430914143669,com.android.systemui,10012,911,false,FOREGROUND,true
1430914144581,com.android.chrome,10031,10629,true,FOREGROUND,true
1430914319350,com.android.chrome,10031,10629,true,FOREGROUND,true
1430914320340,com.android.chrome,10031,10629,true,FOREGROUND,true
1430914394721,com.android.systemui,10012,911,false,FOREGROUND,true
1430914411832,com.google.android.talk,10051,18073,true,FOREGROUND,true
1430914476879,com.android.systemui,10012,911,false,FOREGROUND,true
1430914585767,com.android.systemui,10012,911,false,FOREGROUND,true
1430914586879,com.google.android.talk,10051,18073,true,FOREGROUND,true
1430914588269,com.google.android.inputmethod.latin,10054,10351,true,VISIBLE,true
1430914648732,com.google.android.inputmethod.latin,10054,10351,true,VISIBLE,true
1430914652888,com.android.systemui,10012,911,false,FOREGROUND,true
1430914773929,com.android.systemui,10012,911,false,FOREGROUND,true
1430914775092,com.google.android.talk,10051,18073,true,FOREGROUND,true
1430914776803,com.google.android.inputmethod.latin,10054,10351,true,VISIBLE,true
1430914777128,com.google.android.inputmethod.latin,10054,10351,true,VISIBLE,true
1430914778141,com.google.android.inputmethod.latin,10054,10351,true,VISIBLE,true
1430914788341,com.google.android.inputmethod.latin,10054,10351,true,VISIBLE,true
1430914788708,com.google.android.inputmethod.latin,10054,10351,true,VISIBLE,true
1430914796882,com.google.android.talk,10051,18073,true,FOREGROUND,true
1430914797082,com.google.android.inputmethod.latin,10054,10351,true,VISIBLE,true
1430914797207,com.google.android.inputmethod.latin,10054,10351,true,VISIBLE,true
1430914859377,com.android.systemui,10012,911,false,FOREGROUND,true
1430914926570,com.android.systemui,10012,911,false,FOREGROUND,true
1430914927663,com.google.android.talk,10051,18073,true,FOREGROUND,true
1430914931196,com.google.android.talk,10051,18073,true,FOREGROUND,true
1430914932852,com.google.android.talk,10051,18073,true,FOREGROUND,true
1430914933409,com.google.android.inputmethod.latin,10054,10351,true,VISIBLE,true
1430914994231,com.google.android.inputmethod.latin,10054,10351,true,VISIBLE,true
1430914998550,com.android.systemui,10012,911,false,FOREGROUND,true
1430915008581,com.android.systemui,10012,911,false,FOREGROUND,true
1430915009739,com.google.android.talk,10051,18073,true,FOREGROUND,true
1430915076196,com.android.systemui,10012,911,false,FOREGROUND,true
1430915095682,com.android.systemui,10012,911,false,FOREGROUND,true
1430915096900,com.google.android.talk,10051,18073,true,FOREGROUND,true
1430915100479,com.google.android.talk,10051,18073,true,FOREGROUND,true
1430915101985,com.google.android.talk,10051,18073,true,FOREGROUND,true
1430915107143,com.google.android.inputmethod.latin,10054,10351,true,VISIBLE,true
1430915108152,com.google.android.inputmethod.latin,10054,10351,true,VISIBLE,true
1430915108355,com.google.android.inputmethod.latin,10054,10351,true,VISIBLE,true
1430915111398,com.google.android.inputmethod.latin,10054,10351,true,VISIBLE,true
1430915113045,com.google.android.inputmethod.latin,10054,10351,true,VISIBLE,true
1430915173908,com.google.android.inputmethod.latin,10054,10351,true,VISIBLE,true
1430915178219,com.android.systemui,10012,911,false,FOREGROUND,true
1430915223838,com.android.systemui,10012,911,false,FOREGROUND,true
1430915225032,com.google.android.talk,10051,18073,true,FOREGROUND,true
1430915291695,com.android.systemui,10012,911,false,FOREGROUND,true
1430915597158,com.android.systemui,10012,911,false,FOREGROUND,true
1430915598278,com.google.android.talk,10051,18073,true,FOREGROUND,true
1430915602532,com.google.android.inputmethod.latin,10054,10351,true,VISIBLE,true
1430915603493,com.google.android.inputmethod.latin,10054,10351,true,VISIBLE,true
1430915603699,com.google.android.googlequicksearchbox,10019,17814,true,FOREGROUND,true
1430915605655,org.telegram.messenger,10077,2041,true,FOREGROUND,true
1430915607199,com.google.android.googlequicksearchbox,10019,17814,true,FOREGROUND,true
1430915610300,com.google.android.talk,10051,18073,true,FOREGROUND,true
1430915612390,com.google.android.gms,10007,3770,true,VISIBLE,true
1430915626555,com.google.android.talk,10051,18073,true,FOREGROUND,true
1430915627546,com.google.android.inputmethod.latin,10054,10351,true,VISIBLE,true
1430915627940,com.google.android.inputmethod.latin,10054,10351,true,VISIBLE,true
1430915629084,com.google.android.inputmethod.latin,10054,10351,true,VISIBLE,true
1430915631147,com.google.android.inputmethod.latin,10054,10351,true,VISIBLE,true
1430915642546,com.google.android.inputmethod.latin,10054,10351,true,VISIBLE,true
1430915642784,com.google.android.inputmethod.latin,10054,10351,true,VISIBLE,true
1430915643607,com.google.android.inputmethod.latin,10054,10351,true,VISIBLE,true
1430915644522,com.google.android.inputmethod.latin,10054,10351,true,VISIBLE,true
1430915644997,com.google.android.inputmethod.latin,10054,10351,true,VISIBLE,true
1430915645247,com.google.android.inputmethod.latin,10054,10351,true,VISIBLE,true
1430915645522,com.google.android.inputmethod.latin,10054,10351,true,VISIBLE,true
1430915649801,com.google.android.inputmethod.latin,10054,10351,true,VISIBLE,true
1430915653439,com.google.android.inputmethod.latin,10054,10351,true,VISIBLE,true
1430915659513,com.google.android.inputmethod.latin,10054,10351,true,VISIBLE,true
1430915660233,com.google.android.inputmethod.latin,10054,10351,true,VISIBLE,true
1430915721017,com.google.android.inputmethod.latin,10054,10351,true,VISIBLE,true
1430915725235,com.android.systemui,10012,911,false,FOREGROUND,true
1430915739440,com.android.systemui,10012,911,false,FOREGROUND,true
1430915740660,com.google.android.talk,10051,18073,true,FOREGROUND,true
1430915742429,com.google.android.inputmethod.latin,10054,10351,true,VISIBLE,true
1430915743407,com.google.android.inputmethod.latin,10054,10351,true,VISIBLE,true
1430915743639,com.google.android.inputmethod.latin,10054,10351,true,VISIBLE,true
1430915803518,com.google.android.inputmethod.latin,10054,10351,true,VISIBLE,true
1430915804383,com.google.android.inputmethod.latin,10054,10351,true,VISIBLE,true
1430915808657,com.android.systemui,10012,911,false,FOREGROUND,true
1430915954900,com.android.systemui,10012,911,false,FOREGROUND,true
1430915955243,com.android.systemui,10012,911,false,FOREGROUND,true
1430915956410,com.google.android.talk,10051,18073,true,FOREGROUND,true
1430916001609,com.google.android.inputmethod.latin,10054,10351,true,VISIBLE,true
1430916007939,com.google.android.inputmethod.latin,10054,10351,true,VISIBLE,true
1430916068140,com.google.android.inputmethod.latin,10054,10351,true,VISIBLE,true
1430916068931,com.google.android.inputmethod.latin,10054,10351,true,VISIBLE,true
1430916073106,com.android.systemui,10012,911,false,FOREGROUND,true
1430916241287,com.android.systemui,10012,911,false,FOREGROUND,true
1430916242463,com.google.android.talk,10051,18073,true,FOREGROUND,true
1430916245082,com.google.android.inputmethod.latin,10054,10351,true,VISIBLE,true
1430916257402,com.google.android.inputmethod.latin,10054,10351,true,VISIBLE,true
1430916257594,com.google.android.inputmethod.latin,10054,10351,true,VISIBLE,true
1430916258664,com.google.android.inputmethod.latin,10054,10351,true,VISIBLE,true
1430916259104,com.google.android.inputmethod.latin,10054,10351,true,VISIBLE,true
1430916319198,com.google.android.inputmethod.latin,10054,10351,true,VISIBLE,true
1430916319994,com.google.android.inputmethod.latin,10054,10351,true,VISIBLE,true
1430916324304,com.android.systemui,10012,911,false,FOREGROUND,true
1430916438614,com.android.systemui,10012,911,false,FOREGROUND,true
1430916441178,com.google.android.talk,10051,18073,true,FOREGROUND,true
1430916505786,com.android.systemui,10012,911,false,FOREGROUND,true
1430916631467,com.android.systemui,10012,911,false,FOREGROUND,true
1430916632569,com.google.android.talk,10051,18073,true,FOREGROUND,true
1430916634813,com.android.systemui,10012,911,false,FOREGROUND,true
1430916635971,com.google.android.talk,10051,18073,true,FOREGROUND,true
1430916636477,com.android.systemui,10012,911,false,FOREGROUND,true
1430916638293,org.telegram.messenger,10077,2041,true,FOREGROUND,true
1430916639873,com.android.systemui,10012,911,false,FOREGROUND,true
1430916657883,com.android.chrome,10031,31558,true,FOREGROUND,true
1430916662694,com.android.chrome,10031,31558,true,FOREGROUND,true
1430916663310,com.android.chrome,10031,31558,true,FOREGROUND,true
1430916755692,com.android.systemui,10012,911,false,FOREGROUND,true
1430916757924,com.google.android.talk,10051,18073,true,FOREGROUND,true
1430916759175,com.google.android.inputmethod.latin,10054,10351,true,VISIBLE,true
1430916759371,com.google.android.inputmethod.latin,10054,10351,true,VISIBLE,true
1430916760079,com.google.android.inputmethod.latin,10054,10351,true,VISIBLE,true
1430916760464,com.google.android.inputmethod.latin,10054,10351,true,VISIBLE,true
1430916760808,com.google.android.inputmethod.latin,10054,10351,true,VISIBLE,true
1430916760985,com.google.android.inputmethod.latin,10054,10351,true,VISIBLE,true
1430916761407,com.google.android.inputmethod.latin,10054,10351,true,VISIBLE,true
1430916764500,com.google.android.inputmethod.latin,10054,10351,true,VISIBLE,true
1430916768918,com.google.android.inputmethod.latin,10054,10351,true,VISIBLE,true
1430916769789,com.google.android.inputmethod.latin,10054,10351,true,VISIBLE,true
1430916770572,com.google.android.inputmethod.latin,10054,10351,true,VISIBLE,true
1430916782191,com.google.android.inputmethod.latin,10054,10351,true,VISIBLE,true
1430916782787,com.google.android.inputmethod.latin,10054,10351,true,VISIBLE,true
1430916804482,com.google.android.talk,10051,18073,true,FOREGROUND,true
1430916805635,com.google.android.talk,10051,18073,true,FOREGROUND,true
1430916867377,com.google.android.inputmethod.latin,10054,10351,true,VISIBLE,true
1430916871663,com.android.systemui,10012,911,false,FOREGROUND,true
1430917049473,com.android.systemui,10012,911,false,FOREGROUND,true
1430917050723,com.google.android.talk,10051,18073,true,FOREGROUND,true
1430917117353,com.android.systemui,10012,911,false,FOREGROUND,true
1430917148689,com.android.systemui,10012,911,false,FOREGROUND,true
1430917149875,com.google.android.talk,10051,18073,true,FOREGROUND,true
1430917214600,com.android.systemui,10012,911,false,FOREGROUND,true
1430917264181,com.android.systemui,10012,911,false,FOREGROUND,true
1430917265332,com.google.android.talk,10051,18073,true,FOREGROUND,true
1430917268875,com.android.systemui,10012,911,false,FOREGROUND,true
1430917749752,com.android.systemui,10012,911,false,FOREGROUND,true
1430917750894,com.google.android.talk,10051,18073,true,FOREGROUND,true
1430917817258,com.android.systemui,10012,911,false,FOREGROUND,true
1430918061985,com.android.systemui,10012,911,false,FOREGROUND,true
1430918063288,com.google.android.talk,10051,18073,true,FOREGROUND,true
1430918127911,com.android.systemui,10012,911,false,FOREGROUND,true
1430918453378,com.android.systemui,10012,911,false,FOREGROUND,true
1430918455282,com.google.android.talk,10051,18073,true,FOREGROUND,true
1430918458256,com.google.android.talk,10051,18073,true,FOREGROUND,true
1430918458309,com.android.systemui,10012,911,false,FOREGROUND,true
1430918460514,com.google.android.talk,10051,18073,true,FOREGROUND,true
1430918461123,com.google.android.gms,10007,3770,true,VISIBLE,true
1430918463242,com.google.android.talk,10051,18073,true,FOREGROUND,true
1430918464296,com.google.android.inputmethod.latin,10054,10351,true,VISIBLE,true
1430918469968,com.google.android.inputmethod.latin,10054,10351,true,VISIBLE,true
1430918471258,com.google.android.inputmethod.latin,10054,10351,true,VISIBLE,true
1430918547821,com.google.android.inputmethod.latin,10054,10351,true,VISIBLE,true
1430918552012,com.android.systemui,10012,911,false,FOREGROUND,true
1430918622436,com.android.systemui,10012,911,false,FOREGROUND,true
1430918623651,com.google.android.talk,10051,18073,true,FOREGROUND,true
1430918627709,com.google.android.inputmethod.latin,10054,10351,true,VISIBLE,true
1430918628140,com.google.android.inputmethod.latin,10054,10351,true,VISIBLE,true
1430918628406,com.google.android.inputmethod.latin,10054,10351,true,VISIBLE,true
1430918634818,com.google.android.inputmethod.latin,10054,10351,true,VISIBLE,true
1430918635497,com.google.android.inputmethod.latin,10054,10351,true,VISIBLE,true
1430918701502,com.google.android.inputmethod.latin,10054,10351,true,VISIBLE,true
1430918705798,com.android.systemui,10012,911,false,FOREGROUND,true
1430918716526,com.android.systemui,10012,911,false,FOREGROUND,true
1430918746637,com.android.systemui,10012,911,false,FOREGROUND,true
1430918747739,com.google.android.talk,10051,18073,true,FOREGROUND,true
1430918756484,com.google.android.talk,10051,18073,true,FOREGROUND,true
1430918782345,com.google.android.talk,10051,18073,true,FOREGROUND,true
1430918809790,com.google.android.talk,10051,18073,true,FOREGROUND,true
1430918820945,com.google.android.talk,10051,18073,true,FOREGROUND,true
1430918844157,com.google.android.inputmethod.latin,10054,10351,true,VISIBLE,true
1430918844538,com.google.android.inputmethod.latin,10054,10351,true,VISIBLE,true
1430918844808,com.google.android.inputmethod.latin,10054,10351,true,VISIBLE,true
1430918848447,com.google.android.inputmethod.latin,10054,10351,true,VISIBLE,true
1430918851788,com.google.android.talk,10051,18073,true,FOREGROUND,true
1430918852033,com.google.android.inputmethod.latin,10054,10351,true,VISIBLE,true
1430918852189,com.google.android.inputmethod.latin,10054,10351,true,VISIBLE,true
1430918855293,com.google.android.talk,10051,18073,true,FOREGROUND,true
1430918855943,com.google.android.inputmethod.latin,10054,10351,true,VISIBLE,true
1430918856372,com.google.android.inputmethod.latin,10054,10351,true,VISIBLE,true
1430918856644,com.google.android.inputmethod.latin,10054,10351,true,VISIBLE,true
1430918863597,com.google.android.talk,10051,18073,true,FOREGROUND,true
1430918863798,com.google.android.inputmethod.latin,10054,10351,true,VISIBLE,true
1430918863996,com.google.android.inputmethod.latin,10054,10351,true,VISIBLE,true
1430918875374,com.google.android.talk,10051,18073,true,FOREGROUND,true
1430918897577,com.google.android.talk,10051,18073,true,FOREGROUND,true
1430918901602,com.google.android.talk,10051,18073,true,FOREGROUND,true
1430918908055,com.google.android.talk,10051,18073,true,FOREGROUND,true
1430918909037,com.google.android.talk,10051,18073,true,FOREGROUND,true
1430918910168,com.google.android.talk,10051,18073,true,FOREGROUND,true
1430918915079,com.google.android.talk,10051,18073,true,FOREGROUND,true
1430918920145,com.google.android.googlequicksearchbox,10019,17814,true,FOREGROUND,true
1430918922288,com.google.android.googlequicksearchbox,10019,17814,true,FOREGROUND,true
1430918923388,com.android.chrome,10031,31558,true,FOREGROUND,true
1430918924147,com.google.android.googlequicksearchbox,10019,17814,true,BACKGROUND,true
1430918925129,com.android.chrome,10031,31558,true,FOREGROUND,true
1430918926384,com.android.chrome,10031,31558,true,FOREGROUND,true
1430918926923,com.android.chrome,10031,31558,true,FOREGROUND,true
1430918930036,com.google.android.inputmethod.latin,10054,10351,true,VISIBLE,true
1430918950786,com.google.android.inputmethod.latin,10054,10351,true,VISIBLE,true
1430918958085,com.android.chrome,10031,31558,true,FOREGROUND,true
1430918958770,com.android.chrome,10031,31558,true,FOREGROUND,true
1430918967942,com.android.chrome,10031,31558,true,FOREGROUND,true
1430918968638,com.android.chrome,10031,31558,true,FOREGROUND,true
1430918983943,com.android.chrome,10031,31558,true,FOREGROUND,true
1430918984524,com.android.chrome,10031,31558,true,FOREGROUND,true
1430918997350,com.android.chrome,10031,31558,true,FOREGROUND,true
1430918997923,com.android.chrome,10031,31558,true,FOREGROUND,true
1430919001285,com.android.chrome,10031,31558,true,FOREGROUND,true
1430919001860,com.android.chrome,10031,31558,true,FOREGROUND,true
1430919035963,com.android.systemui,10012,911,false,FOREGROUND,true
1430919173568,com.android.chrome,10031,31558,true,FOREGROUND,true
1430919174310,com.android.chrome,10031,31558,true,FOREGROUND,true
1430919190155,com.android.chrome,10031,31558,true,FOREGROUND,true
1430919191724,com.android.chrome,10031,31558,true,FOREGROUND,true
1430919200205,com.android.chrome,10031,31558,true,FOREGROUND,true
1430919200837,com.android.chrome,10031,31558,true,FOREGROUND,true
1430919202163,com.android.chrome,10031,31558,true,FOREGROUND,true
1430919202707,com.android.chrome,10031,31558,true,FOREGROUND,true
1430919222748,com.android.chrome,10031,31558,true,FOREGROUND,true
1430919224217,com.android.chrome,10031,31558,true,FOREGROUND,true
1430919280851,com.android.chrome,10031,31558,true,FOREGROUND,true
1430919281328,com.android.chrome,10031,31558,true,FOREGROUND,true
1430919286612,com.android.chrome,10031,31558,true,FOREGROUND,true
1430919287166,com.android.chrome,10031,31558,true,FOREGROUND,true
1430919302298,com.android.chrome,10031,31558,true,FOREGROUND,true
1430919302912,com.android.chrome,10031,31558,true,FOREGROUND,true
1430919358598,com.android.chrome,10031,31558,true,FOREGROUND,true
1430919359141,com.android.chrome,10031,31558,true,FOREGROUND,true
1430919366876,com.android.chrome,10031,31558,true,FOREGROUND,true
1430919367466,com.android.chrome,10031,31558,true,FOREGROUND,true
1430919471379,com.android.chrome,10031,31558,true,FOREGROUND,true
1430919471813,com.android.chrome,10031,31558,true,FOREGROUND,true
1430919474642,com.android.chrome,10031,31558,true,FOREGROUND,true
1430919475018,com.android.chrome,10031,31558,true,FOREGROUND,true
1430919478158,com.android.chrome,10031,31558,true,FOREGROUND,true
1430919478676,com.android.chrome,10031,31558,true,FOREGROUND,true
1430919484133,com.android.chrome,10031,31558,true,FOREGROUND,true
1430919484589,com.android.chrome,10031,31558,true,FOREGROUND,true
1430919491438,com.android.chrome,10031,31558,true,FOREGROUND,true
1430919491893,com.android.chrome,10031,31558,true,FOREGROUND,true
1430919499494,com.android.chrome,10031,31558,true,FOREGROUND,true
1430919499969,com.android.chrome,10031,31558,true,FOREGROUND,true
1430919505097,com.android.chrome,10031,31558,true,FOREGROUND,true
1430919505665,com.android.chrome,10031,31558,true,FOREGROUND,true
1430919513979,com.android.chrome,10031,31558,true,FOREGROUND,true
1430919514446,com.android.chrome,10031,31558,true,FOREGROUND,true
1430919524112,com.android.chrome,10031,31558,true,FOREGROUND,true
1430919524460,com.android.chrome,10031,31558,true,FOREGROUND,true
1430919567460,com.android.chrome,10031,31558,true,FOREGROUND,true
1430919567874,com.android.chrome,10031,31558,true,FOREGROUND,true
1430919591849,com.android.chrome,10031,31558,true,FOREGROUND,true
1430919592215,com.android.chrome,10031,31558,true,FOREGROUND,true
1430919596234,com.android.chrome,10031,31558,true,FOREGROUND,true
1430919596689,com.android.chrome,10031,31558,true,FOREGROUND,true
1430919604143,com.android.chrome,10031,31558,true,FOREGROUND,true
1430919604634,com.android.chrome,10031,31558,true,FOREGROUND,true
1430919653632,com.android.chrome,10031,31558,true,FOREGROUND,true
1430919654206,com.android.chrome,10031,31558,true,FOREGROUND,true
1430919662822,com.android.chrome,10031,31558,true,FOREGROUND,true
1430919663275,com.android.chrome,10031,31558,true,FOREGROUND,true
1430919686584,com.android.chrome,10031,31558,true,FOREGROUND,true
1430919687114,com.android.chrome,10031,31558,true,FOREGROUND,true
1430919698896,com.android.chrome,10031,31558,true,FOREGROUND,true
1430919699298,com.android.chrome,10031,31558,true,FOREGROUND,true
1430919706668,com.android.chrome,10031,31558,true,FOREGROUND,true
1430919707113,com.android.chrome,10031,31558,true,FOREGROUND,true
1430919776663,com.android.chrome,10031,31558,true,FOREGROUND,true
1430919777033,com.android.chrome,10031,31558,true,FOREGROUND,true
1430919860079,com.android.systemui,10012,911,false,FOREGROUND,true
1430919862534,com.android.chrome,10031,31558,true,FOREGROUND,true
1430919921774,com.android.systemui,10012,911,false,FOREGROUND,true
1430919922876,com.android.chrome,10031,31558,true,FOREGROUND,true
1430919984123,com.android.systemui,10012,911,false,FOREGROUND,true
1430919986302,com.google.android.talk,10051,18073,true,FOREGROUND,true
1430919989411,com.google.android.inputmethod.latin,10054,10351,true,VISIBLE,true
1430919989720,com.google.android.inputmethod.latin,10054,10351,true,VISIBLE,true
1430919991727,com.google.android.inputmethod.latin,10054,10351,true,VISIBLE,true
1430919992112,com.google.android.inputmethod.latin,10054,10351,true,VISIBLE,true
1430919992561,com.google.android.inputmethod.latin,10054,10351,true,VISIBLE,true
1430919999926,com.google.android.inputmethod.latin,10054,10351,true,VISIBLE,true
1430920001426,com.google.android.inputmethod.latin,10054,10351,true,VISIBLE,true
1430920008492,com.google.android.inputmethod.latin,10054,10351,true,VISIBLE,true
1430920009651,com.google.android.inputmethod.latin,10054,10351,true,VISIBLE,true
1430920009852,com.google.android.inputmethod.latin,10054,10351,true,VISIBLE,true
1430920010750,com.google.android.inputmethod.latin,10054,10351,true,VISIBLE,true
1430920014332,com.android.systemui,10012,911,false,FOREGROUND,true
1430920015041,com.google.android.inputmethod.latin,10054,10351,true,VISIBLE,true
1430920015884,com.viber.voip,10075,12736,true,FOREGROUND,true
1430920017085,com.google.android.inputmethod.latin,10054,10351,true,VISIBLE,true
1430920017499,com.google.android.inputmethod.latin,10054,10351,true,VISIBLE,true
1430920017739,com.google.android.inputmethod.latin,10054,10351,true,VISIBLE,true
1430920031318,com.google.android.inputmethod.latin,10054,10351,true,VISIBLE,true
1430920031851,com.google.android.inputmethod.latin,10054,10351,true,VISIBLE,true
1430920036019,com.google.android.inputmethod.latin,10054,10351,true,VISIBLE,true
1430920036170,com.google.android.inputmethod.latin,10054,10351,true,VISIBLE,true
1430920037155,com.google.android.inputmethod.latin,10054,10351,true,VISIBLE,true
1430920042849,com.android.systemui,10012,911,false,FOREGROUND,true
1430920046398,com.android.systemui,10012,911,false,FOREGROUND,true
1430920108751,com.google.android.googlequicksearchbox,10019,17814,true,FOREGROUND,true
1430920152363,com.android.systemui,10012,911,false,FOREGROUND,true
1430920257813,com.google.android.googlequicksearchbox,10019,17814,true,FOREGROUND,true
1430920262848,com.android.systemui,10012,911,false,FOREGROUND,true
1430920415100,com.android.systemui,10012,911,false,FOREGROUND,true
1430920416251,com.google.android.googlequicksearchbox,10019,17814,true,FOREGROUND,true
1430920416855,com.android.systemui,10012,911,false,FOREGROUND,true
1430920420543,com.google.android.talk,10051,18073,true,FOREGROUND,true
1430920438817,com.google.android.inputmethod.latin,10054,10351,true,VISIBLE,true
1430920450676,com.google.android.inputmethod.latin,10054,10351,true,VISIBLE,true
1430920452117,com.google.android.inputmethod.latin,10054,10351,true,VISIBLE,true
1430920493239,com.google.android.talk,10051,18073,true,FOREGROUND,true
1430920493413,com.google.android.inputmethod.latin,10054,10351,true,VISIBLE,true
1430920493583,com.google.android.inputmethod.latin,10054,10351,true,VISIBLE,true
1430920493783,com.android.systemui,10012,911,false,FOREGROUND,true
1430920561023,com.android.systemui,10012,911,false,FOREGROUND,true
1430920563056,com.android.systemui,10012,911,false,FOREGROUND,true
1430920564229,com.google.android.talk,10051,18073,true,FOREGROUND,true
1430920566514,com.android.systemui,10012,911,false,FOREGROUND,true
1430920567406,com.google.android.talk,10051,18073,true,FOREGROUND,true
1430920567680,com.viber.voip,10075,12736,true,FOREGROUND,true
1430920572522,com.google.android.inputmethod.latin,10054,10351,true,VISIBLE,true
1430920593193,com.google.android.inputmethod.latin,10054,10351,true,VISIBLE,true
1430920594735,com.google.android.inputmethod.latin,10054,10351,true,VISIBLE,true
1430920616946,com.google.android.inputmethod.latin,10054,10351,true,VISIBLE,true
1430920625863,com.viber.voip,10075,12736,true,FOREGROUND,true
1430920634557,com.viber.voip,10075,12736,true,FOREGROUND,true
1430920635298,com.google.android.inputmethod.latin,10054,10351,true,VISIBLE,true
1430920635632,com.google.android.inputmethod.latin,10054,10351,true,VISIBLE,true
1430920635908,com.google.android.inputmethod.latin,10054,10351,true,VISIBLE,true
1430920648518,com.google.android.inputmethod.latin,10054,10351,true,VISIBLE,true
1430920650904,com.google.android.inputmethod.latin,10054,10351,true,VISIBLE,true
1430920655684,com.google.android.inputmethod.latin,10054,10351,true,VISIBLE,true
1430920656253,com.google.android.inputmethod.latin,10054,10351,true,VISIBLE,true
1430920682907,com.google.android.inputmethod.latin,10054,10351,true,VISIBLE,true
1430920688873,com.google.android.inputmethod.latin,10054,10351,true,VISIBLE,true
1430920689329,com.google.android.inputmethod.latin,10054,10351,true,VISIBLE,true
1430920689906,com.google.android.inputmethod.latin,10054,10351,true,VISIBLE,true
1430920703015,com.google.android.inputmethod.latin,10054,10351,true,VISIBLE,true
1430920705865,com.viber.voip,10075,12736,true,FOREGROUND,true
1430920711142,com.viber.voip,10075,12736,true,FOREGROUND,true
1430920713106,com.google.android.inputmethod.latin,10054,10351,true,VISIBLE,true
1430920716908,com.google.android.inputmethod.latin,10054,10351,true,VISIBLE,true
1430920717961,com.google.android.inputmethod.latin,10054,10351,true,VISIBLE,true
1430920722233,com.google.android.inputmethod.latin,10054,10351,true,VISIBLE,true
1430920724264,com.google.android.inputmethod.latin,10054,10351,true,VISIBLE,true
1430920749233,com.google.android.inputmethod.latin,10054,10351,true,VISIBLE,true
1430920750741,com.google.android.inputmethod.latin,10054,10351,true,VISIBLE,true
1430920752160,com.google.android.inputmethod.latin,10054,10351,true,VISIBLE,true
1430920754043,com.google.android.inputmethod.latin,10054,10351,true,VISIBLE,true
1430920755416,com.google.android.inputmethod.latin,10054,10351,true,VISIBLE,true
1430920755858,com.google.android.inputmethod.latin,10054,10351,true,VISIBLE,true
1430920758121,com.google.android.inputmethod.latin,10054,10351,true,VISIBLE,true
1430920758717,com.google.android.inputmethod.latin,10054,10351,true,VISIBLE,true
1430920758927,com.google.android.inputmethod.latin,10054,10351,true,VISIBLE,true
1430920759397,com.google.android.inputmethod.latin,10054,10351,true,VISIBLE,true
1430920782366,com.google.android.inputmethod.latin,10054,10351,true,VISIBLE,true
1430920782813,com.google.android.inputmethod.latin,10054,10351,true,VISIBLE,true
1430920808337,com.google.android.inputmethod.latin,10054,10351,true,VISIBLE,true
1430920811582,com.android.systemui,10012,911,false,FOREGROUND,true
1430920829853,com.viber.voip,10075,12736,true,FOREGROUND,true
1430920844331,com.viber.voip,10075,12736,true,FOREGROUND,true
1430920848386,com.viber.voip,10075,12736,true,FOREGROUND,true
1430920853179,com.viber.voip,10075,12736,true,FOREGROUND,true
1430920854245,com.google.android.inputmethod.latin,10054,10351,true,VISIBLE,true
1430920854457,com.google.android.inputmethod.latin,10054,10351,true,VISIBLE,true
1430920854749,com.google.android.inputmethod.latin,10054,10351,true,VISIBLE,true
1430920855810,com.google.android.inputmethod.latin,10054,10351,true,VISIBLE,true
1430920858420,com.google.android.inputmethod.latin,10054,10351,true,VISIBLE,true
1430920859592,com.google.android.inputmethod.latin,10054,10351,true,VISIBLE,true
1430920871549,com.google.android.inputmethod.latin,10054,10351,true,VISIBLE,true
1430920871822,com.google.android.inputmethod.latin,10054,10351,true,VISIBLE,true
1430920976130,com.google.android.inputmethod.latin,10054,10351,true,VISIBLE,true
1430920981110,com.android.systemui,10012,911,false,FOREGROUND,true
1430920986566,com.google.android.inputmethod.latin,10054,10351,true,VISIBLE,true
1430920987919,com.viber.voip,10075,12736,true,FOREGROUND,true
1430920989206,com.google.android.inputmethod.latin,10054,10351,true,VISIBLE,true
1430920990644,com.google.android.talk,10051,18073,true,FOREGROUND,true
1430920992756,com.google.android.inputmethod.latin,10054,10351,true,VISIBLE,true
1430921000615,com.google.android.inputmethod.latin,10054,10351,true,VISIBLE,true
1430921001148,com.google.android.inputmethod.latin,10054,10351,true,VISIBLE,true
1430921003752,com.google.android.talk,10051,18073,true,FOREGROUND,true
1430921003853,com.google.android.inputmethod.latin,10054,10351,true,VISIBLE,true
1430921004082,com.google.android.inputmethod.latin,10054,10351,true,VISIBLE,true
1430921054472,com.google.android.inputmethod.latin,10054,10351,true,VISIBLE,true
1430921059658,com.google.android.inputmethod.latin,10054,10351,true,VISIBLE,true
1430921060025,com.google.android.inputmethod.latin,10054,10351,true,VISIBLE,true
1430921067254,com.google.android.talk,10051,18073,true,FOREGROUND,true
1430921071868,com.google.android.talk,10051,18073,true,FOREGROUND,true
1430921074769,com.google.android.talk,10051,18073,true,FOREGROUND,true
1430921083436,com.google.android.talk,10051,18073,true,FOREGROUND,true
1430921094401,com.google.android.talk,10051,18073,true,FOREGROUND,true
1430921134257,com.google.android.inputmethod.latin,10054,10351,true,VISIBLE,true
1430921139253,com.google.android.talk,10051,18073,true,FOREGROUND,true
1430921139670,com.google.android.inputmethod.latin,10054,10351,true,VISIBLE,true
1430921141667,com.android.systemui,10012,911,false,FOREGROUND,true
1430921501528,com.android.systemui,10012,911,false,FOREGROUND,true
1430921503127,com.google.android.talk,10051,18073,true,FOREGROUND,true
1430921515308,com.google.android.inputmethod.latin,10054,10351,true,VISIBLE,true
1430921532757,com.google.android.inputmethod.latin,10054,10351,true,VISIBLE,true
1430921533485,com.google.android.inputmethod.latin,10054,10351,true,VISIBLE,true
1430921546445,com.google.android.talk,10051,18073,true,FOREGROUND,true
1430921546615,com.google.android.inputmethod.latin,10054,10351,true,VISIBLE,true
1430921546828,com.google.android.inputmethod.latin,10054,10351,true,VISIBLE,true
1430921547994,com.google.android.talk,10051,18073,true,FOREGROUND,true
1430921549307,com.google.android.inputmethod.latin,10054,10351,true,VISIBLE,true
1430921563880,com.google.android.inputmethod.latin,10054,10351,true,VISIBLE,true
1430921566513,com.google.android.inputmethod.latin,10054,10351,true,VISIBLE,true
1430921591789,com.google.android.talk,10051,18073,true,FOREGROUND,true
1430921591863,com.google.android.inputmethod.latin,10054,10351,true,VISIBLE,true
1430921592118,com.google.android.inputmethod.latin,10054,10351,true,VISIBLE,true
1430921598543,com.google.android.talk,10051,18073,true,FOREGROUND,true
1430921599934,com.google.android.googlequicksearchbox,10019,17814,true,FOREGROUND,true
1430921602741,org.telegram.messenger,10077,13993,true,FOREGROUND,true
1430921605293,org.telegram.messenger,10077,13993,true,FOREGROUND,true
1430921606972,com.google.android.GoogleCamera,10042,21970,true,FOREGROUND,true
1430921612502,org.telegram.messenger,10077,13993,true,FOREGROUND,true
1430921614007,org.telegram.messenger,10077,13993,true,FOREGROUND,true
1430921614561,com.google.android.inputmethod.latin,10054,10351,true,VISIBLE,true
1430921626663,org.telegram.messenger,10077,13993,true,FOREGROUND,true
1430921627244,org.telegram.messenger,10077,13993,true,FOREGROUND,true
1430921646353,com.google.android.googlequicksearchbox,10019,17814,true,FOREGROUND,true
1430921722628,com.google.android.deskclock,10033,14174,false,VISIBLE,true
1430922116066,com.android.systemui,10012,911,false,FOREGROUND,true
1430922117106,com.android.systemui,10012,911,false,FOREGROUND,true
1430922118252,com.google.android.googlequicksearchbox,10019,17814,true,FOREGROUND,true
1430922119095,com.android.systemui,10012,911,false,FOREGROUND,true
1430922120874,com.google.android.googlequicksearchbox,10019,17814,true,FOREGROUND,true
1430922121284,org.telegram.messenger,10077,13993,true,FOREGROUND,true
1430922124949,com.google.android.inputmethod.latin,10054,10351,true,VISIBLE,true
1430922135468,com.google.android.inputmethod.latin,10054,10351,true,VISIBLE,true
1430922135697,com.google.android.inputmethod.latin,10054,10351,true,VISIBLE,true
1430922136520,com.google.android.inputmethod.latin,10054,10351,true,VISIBLE,true
1430922137246,com.google.android.inputmethod.latin,10054,10351,true,VISIBLE,true
1430922137473,com.google.android.inputmethod.latin,10054,10351,true,VISIBLE,true
1430922138620,com.google.android.inputmethod.latin,10054,10351,true,VISIBLE,true
1430922139609,com.google.android.inputmethod.latin,10054,10351,true,VISIBLE,true
1430922139942,com.google.android.inputmethod.latin,10054,10351,true,VISIBLE,true
1430922141966,com.google.android.inputmethod.latin,10054,10351,true,VISIBLE,true
1430922142574,com.google.android.inputmethod.latin,10054,10351,true,VISIBLE,true
1430922142778,com.google.android.inputmethod.latin,10054,10351,true,VISIBLE,true
1430922146665,com.google.android.inputmethod.latin,10054,10351,true,VISIBLE,true
1430922149136,com.google.android.inputmethod.latin,10054,10351,true,VISIBLE,true
1430922150091,com.google.android.googlequicksearchbox,10019,17814,true,FOREGROUND,true
1430922151459,com.viber.voip,10075,12736,true,FOREGROUND,true
1430922155441,com.viber.voip,10075,12736,true,FOREGROUND,true
1430922157577,com.viber.voip,10075,12736,true,FOREGROUND,true
1430922158252,com.google.android.inputmethod.latin,10054,10351,true,VISIBLE,true
1430922166244,com.google.android.inputmethod.latin,10054,10351,true,VISIBLE,true
1430922166779,com.viber.voip,10075,12736,true,FOREGROUND,true
1430922175298,com.viber.voip,10075,12736,true,FOREGROUND,true
1430922176608,com.viber.voip,10075,12736,true,FOREGROUND,true
1430922178055,com.google.android.googlequicksearchbox,10019,17814,true,FOREGROUND,true
1430922180731,org.telegram.messenger,10077,13993,true,FOREGROUND,true
1430922184084,com.google.android.googlequicksearchbox,10019,17814,true,FOREGROUND,true
1430922187368,com.viber.voip,10075,12736,true,FOREGROUND,true
1430922190375,com.viber.voip,10075,12736,true,FOREGROUND,true
1430922191117,com.google.android.inputmethod.latin,10054,10351,true,VISIBLE,true
1430922194087,com.google.android.inputmethod.latin,10054,10351,true,VISIBLE,true
1430922195957,com.google.android.inputmethod.latin,10054,10351,true,VISIBLE,true
1430922198396,com.google.android.inputmethod.latin,10054,10351,true,VISIBLE,true
1430922198726,com.google.android.inputmethod.latin,10054,10351,true,VISIBLE,true
1430922208135,com.google.android.inputmethod.latin,10054,10351,true,VISIBLE,true
1430922208853,com.google.android.inputmethod.latin,10054,10351,true,VISIBLE,true
1430922250847,com.google.android.inputmethod.latin,10054,10351,true,VISIBLE,true
1430922252292,com.google.android.inputmethod.latin,10054,10351,true,VISIBLE,true
1430922255297,com.google.android.inputmethod.latin,10054,10351,true,VISIBLE,true
1430922258047,org.telegram.messenger,10077,13993,true,FOREGROUND,true
1430922262735,com.google.android.googlequicksearchbox,10019,17814,true,FOREGROUND,true
1430922268664,com.viber.voip,10075,12736,true,FOREGROUND,true
1430922297247,com.android.systemui,10012,911,false,FOREGROUND,true
1430922600344,com.android.systemui,10012,911,false,FOREGROUND,true
1430922601481,com.viber.voip,10075,12736,true,FOREGROUND,true
1430922603319,com.android.systemui,10012,911,false,FOREGROUND,true
1430922604821,com.viber.voip,10075,12736,true,FOREGROUND,true
1430922605310,org.telegram.messenger,10077,13993,true,FOREGROUND,true
1430922610206,org.telegram.messenger,10077,13993,true,FOREGROUND,true
1430922610903,org.telegram.messenger,10077,13993,true,FOREGROUND,true
1430922611257,com.google.android.inputmethod.latin,10054,10351,true,VISIBLE,true
1430922618041,com.google.android.inputmethod.latin,10054,10351,true,VISIBLE,true
1430922618812,com.google.android.inputmethod.latin,10054,10351,true,VISIBLE,true
1430922625097,com.android.systemui,10012,911,false,FOREGROUND,true
1430922769616,com.android.systemui,10012,911,false,FOREGROUND,true
1430922771620,org.telegram.messenger,10077,13993,true,FOREGROUND,true
1430922777631,com.android.systemui,10012,911,false,FOREGROUND,true
1430922780057,ch.unige.ping,10074,9001,true,FOREGROUND,true
1430922784650,com.google.android.googlequicksearchbox,10019,17814,true,FOREGROUND,true
1430922785893,com.android.systemui,10012,911,false,FOREGROUND,true
1430922788561,com.google.android.googlequicksearchbox,10019,17814,true,FOREGROUND,true
1430922789816,com.android.systemui,10012,911,false,FOREGROUND,true
1430922789898,com.google.android.googlequicksearchbox,10019,17814,true,FOREGROUND,true
1430922876961,com.android.systemui,10012,911,false,FOREGROUND,true
1430922879691,com.google.android.googlequicksearchbox,10019,17814,true,FOREGROUND,true
1430922882617,org.telegram.messenger,10077,13993,true,FOREGROUND,true
1430922901643,com.android.systemui,10012,911,false,FOREGROUND,true
1430922902300,org.telegram.messenger,10077,13993,true,FOREGROUND,true
1430922902985,com.google.android.inputmethod.latin,10054,10351,true,VISIBLE,true
1430922914993,org.telegram.messenger,10077,13993,true,FOREGROUND,true
1430922916319,org.telegram.messenger,10077,13993,true,FOREGROUND,true
1430922969956,com.google.android.inputmethod.latin,10054,10351,true,VISIBLE,true
1430923090124,com.google.android.deskclock,10033,14174,false,VISIBLE,true
1430923128548,com.android.systemui,10012,911,false,FOREGROUND,true
1430923130461,com.android.systemui,10012,911,false,FOREGROUND,true
1430923132455,org.telegram.messenger,10077,13993,true,FOREGROUND,true
1430923138932,com.android.systemui,10012,911,false,FOREGROUND,true
1430923140713,org.telegram.messenger,10077,13993,true,FOREGROUND,true
1430923142365,com.google.android.googlequicksearchbox,10019,17814,true,FOREGROUND,true
1430923147203,com.android.systemui,10012,911,false,FOREGROUND,true
1430923147881,com.google.android.googlequicksearchbox,10019,17814,true,FOREGROUND,true
1430923228357,com.android.systemui,10012,911,false,FOREGROUND,true
1430923229530,com.google.android.googlequicksearchbox,10019,17814,true,FOREGROUND,true
1430923230699,com.android.systemui,10012,911,false,FOREGROUND,true
1430923231256,com.google.android.googlequicksearchbox,10019,17814,true,FOREGROUND,true
1430923231917,com.google.android.inputmethod.latin,10054,10351,true,VISIBLE,true
1430923242028,com.google.android.inputmethod.latin,10054,10351,true,VISIBLE,true
1430923242910,com.google.android.googlequicksearchbox,10019,17814,true,FOREGROUND,true
1430923274190,com.android.systemui,10012,911,false,FOREGROUND,true
1430925428978,com.android.systemui,10012,911,false,FOREGROUND,true
1430925429977,com.google.android.googlequicksearchbox,10019,17814,true,BACKGROUND,true
1430925432218,com.google.android.googlequicksearchbox,10019,17814,true,FOREGROUND,true
1430925496442,com.google.android.googlequicksearchbox,10019,17814,true,FOREGROUND,true
1430925501471,com.android.systemui,10012,911,false,FOREGROUND,true
1430926437106,com.android.systemui,10012,911,false,FOREGROUND,true
1430926440030,com.google.android.googlequicksearchbox,10019,17814,true,FOREGROUND,true
1430926441104,com.android.systemui,10012,911,false,FOREGROUND,true
1430926442635,com.google.android.googlequicksearchbox,10019,17814,true,FOREGROUND,true
1430926443379,com.google.android.talk,10051,31830,true,FOREGROUND,true
1430926445090,com.google.android.inputmethod.latin,10054,10351,true,VISIBLE,true
1430926453247,com.google.android.talk,10051,31830,true,FOREGROUND,true
1430926453433,com.google.android.inputmethod.latin,10054,10351,true,VISIBLE,true
1430926453603,com.google.android.inputmethod.latin,10054,10351,true,VISIBLE,true
1430926470943,com.google.android.inputmethod.latin,10054,10351,true,VISIBLE,true
1430926471935,com.android.systemui,10012,911,false,FOREGROUND,true
1430926472606,com.google.android.inputmethod.latin,10054,10351,true,VISIBLE,true
1430926475678,com.android.systemui,10012,911,false,FOREGROUND,true
1430926477095,com.google.android.inputmethod.latin,10054,10351,true,VISIBLE,true
1430926478456,com.android.systemui,10012,911,false,FOREGROUND,true
1430926479876,com.google.android.googlequicksearchbox,10019,17814,true,FOREGROUND,true
1430926480162,com.google.android.googlequicksearchbox,10019,17814,true,FOREGROUND,true
1430926481929,com.android.systemui,10012,911,false,FOREGROUND,true
1430926495397,com.android.systemui,10012,911,false,FOREGROUND,true
1430926503641,com.android.systemui,10012,911,false,FOREGROUND,true
1430926508442,com.android.systemui,10012,911,false,FOREGROUND,true
1430926510237,com.google.android.googlequicksearchbox,10019,17814,true,FOREGROUND,true
1430926529133,com.android.systemui,10012,911,false,FOREGROUND,true
1430926596065,com.android.systemui,10012,911,false,FOREGROUND,true
1430927603841,com.android.systemui,10012,911,false,FOREGROUND,true
1430927618834,com.android.systemui,10012,911,false,FOREGROUND,true
1430927622215,com.android.systemui,10012,911,false,FOREGROUND,true
1430928389017,com.android.systemui,10012,911,false,FOREGROUND,true
1430928430895,com.android.systemui,10012,911,false,FOREGROUND,true
1430928434295,com.android.systemui,10012,911,false,FOREGROUND,true
1430929133141,com.android.systemui,10012,911,false,FOREGROUND,true
1430929138663,com.android.systemui,10012,911,false,FOREGROUND,true
1430929389127,com.android.systemui,10012,911,false,FOREGROUND,true
1430929477634,com.android.systemui,10012,911,false,FOREGROUND,true
1430929662680,com.android.systemui,10012,911,false,FOREGROUND,true
1430929664393,com.android.systemui,10012,911,false,FOREGROUND,true
1430929747974,com.android.systemui,10012,911,false,FOREGROUND,true
1430929752102,com.android.systemui,10012,911,false,FOREGROUND,true
1430929756327,com.google.android.googlequicksearchbox,10019,17814,true,FOREGROUND,true
1430929758703,com.google.android.talk,10051,31830,true,FOREGROUND,true
1430929760203,com.google.android.inputmethod.latin,10054,10351,true,VISIBLE,true
1430929785110,com.google.android.talk,10051,31830,true,FOREGROUND,true
1430929785646,com.android.systemui,10012,911,false,FOREGROUND,true
1430929789117,com.google.android.inputmethod.latin,10054,10351,true,VISIBLE,true
1430929789197,com.google.android.inputmethod.latin,10054,10351,true,VISIBLE,true
1430930796873,com.android.systemui,10012,911,false,FOREGROUND,true
1430930798607,com.google.android.talk,10051,31830,true,FOREGROUND,true
1430930799704,com.android.systemui,10012,911,false,FOREGROUND,true
1430930817190,com.google.android.talk,10051,31830,true,FOREGROUND,true
1430930843399,com.google.android.talk,10051,31830,true,FOREGROUND,true
1430930849151,com.google.android.talk,10051,31830,true,FOREGROUND,true
1430930876850,com.google.android.talk,10051,31830,true,FOREGROUND,true
1430930882209,com.android.systemui,10012,911,false,FOREGROUND,true
1430931038086,com.android.systemui,10012,911,false,FOREGROUND,true
1430931039181,com.google.android.talk,10051,31830,true,FOREGROUND,true
1430931040726,com.android.systemui,10012,911,false,FOREGROUND,true
1430931098058,com.google.android.talk,10051,31830,true,FOREGROUND,true
1430931138315,com.android.systemui,10012,911,false,FOREGROUND,true
1430931139832,com.google.android.talk,10051,31830,true,FOREGROUND,true
1430931142572,com.google.android.talk,10051,31830,true,FOREGROUND,true
1430931142984,com.google.android.googlequicksearchbox,10019,17814,true,FOREGROUND,true
1430931144160,com.android.systemui,10012,911,false,FOREGROUND,true
1430931144749,com.google.android.googlequicksearchbox,10019,17814,true,FOREGROUND,true
1430931144883,com.android.systemui,10012,911,false,FOREGROUND,true
1430931145721,com.google.android.googlequicksearchbox,10019,17814,true,FOREGROUND,true
1430931205716,com.google.android.googlequicksearchbox,10019,17814,true,FOREGROUND,true
1430931210644,com.android.systemui,10012,911,false,FOREGROUND,true
1430931244331,com.google.android.googlequicksearchbox,10019,17814,true,FOREGROUND,true
1430931358704,com.android.systemui,10012,911,false,FOREGROUND,true
1430931359787,com.google.android.googlequicksearchbox,10019,17814,true,FOREGROUND,true
1430931360658,com.android.systemui,10012,911,false,FOREGROUND,true
1430931423301,com.google.android.googlequicksearchbox,10019,17814,true,FOREGROUND,true
1430931442476,com.android.systemui,10012,911,false,FOREGROUND,true
1430931443464,com.google.android.googlequicksearchbox,10019,17814,true,FOREGROUND,true
1430931460800,com.google.android.googlequicksearchbox,10019,17814,true,FOREGROUND,true
1430931480474,com.google.android.googlequicksearchbox,10019,17814,true,FOREGROUND,true
1430931583531,com.android.systemui,10012,911,false,FOREGROUND,true
1430931587820,com.android.systemui,10012,911,false,FOREGROUND,true
1430931717940,com.android.shell,2000,15244,false,FOREGROUND,true
1430931740897,com.android.systemui,10012,911,false,FOREGROUND,true
1430932483449,com.android.systemui,10012,911,false,FOREGROUND,true
1430932484478,com.android.shell,2000,15244,false,FOREGROUND,true
1430932487875,com.google.android.googlequicksearchbox,10019,17814,true,FOREGROUND,true
1430932490007,com.google.android.talk,10051,31830,true,FOREGROUND,true
1430932508070,com.android.systemui,10012,911,false,FOREGROUND,true
1430933399419,com.android.systemui,10012,911,false,FOREGROUND,true
1430933400679,com.google.android.talk,10051,31830,true,FOREGROUND,true
1430933402083,com.android.systemui,10012,911,false,FOREGROUND,true
1430934033101,com.android.systemui,10012,911,false,FOREGROUND,true
1430934035443,com.google.android.talk,10051,31830,true,FOREGROUND,true
1430934039986,com.android.systemui,10012,911,false,FOREGROUND,true
1430934091633,com.google.android.talk,10051,31830,true,FOREGROUND,true
1430934093065,com.google.android.gm,10041,32060,true,FOREGROUND,true
1430934100002,com.google.android.gm,10041,32060,true,FOREGROUND,true
1430934101145,com.google.android.gm,10041,32060,true,FOREGROUND,true
1430934102584,com.android.systemui,10012,911,false,FOREGROUND,true
1430934104875,com.android.systemui,10012,911,false,FOREGROUND,true
1430934156240,com.android.systemui,10012,911,false,FOREGROUND,true
1430934157362,com.google.android.gm,10041,32060,true,FOREGROUND,true
1430934159159,com.android.systemui,10012,911,false,FOREGROUND,true
1430934181816,com.android.systemui,10012,911,false,FOREGROUND,true
1430934182868,com.google.android.gm,10041,32060,true,FOREGROUND,true
1430934184017,com.google.android.gm,10041,32060,true,FOREGROUND,true
1430934196442,com.google.android.gm,10041,32060,true,FOREGROUND,true
1430934198672,com.google.android.googlequicksearchbox,10019,17814,true,FOREGROUND,true
1430934202528,com.namcobandaigames.spmoja010E,10082,23273,true,FOREGROUND,true
1430934454677,com.android.systemui,10012,911,false,FOREGROUND,true
1430934611783,com.android.systemui,10012,911,false,FOREGROUND,true
1430934612873,com.namcobandaigames.spmoja010E,10082,23273,true,FOREGROUND,true
1430934630091,com.google.android.googlequicksearchbox,10019,17814,true,FOREGROUND,true
1430934637228,com.android.systemui,10012,911,false,FOREGROUND,true
1430934637312,com.google.android.googlequicksearchbox,10019,17814,true,FOREGROUND,true
1430934949408,com.android.systemui,10012,911,false,FOREGROUND,true
1430934950448,com.google.android.googlequicksearchbox,10019,17814,true,FOREGROUND,true
1430934951333,com.android.systemui,10012,911,false,FOREGROUND,true
1430934952111,com.google.android.googlequicksearchbox,10019,17814,true,FOREGROUND,true
1430934953584,org.telegram.messenger,10077,13993,true,FOREGROUND,true
1430934957650,com.google.android.googlequicksearchbox,10019,17814,true,FOREGROUND,true
1430934959890,com.google.android.talk,10051,31830,true,FOREGROUND,true
1430934962025,com.google.android.talk,10051,31830,true,FOREGROUND,true
1430934962391,com.google.android.inputmethod.latin,10054,10351,true,VISIBLE,true
1430934966767,com.google.android.inputmethod.latin,10054,10351,true,VISIBLE,true
1430935020042,com.google.android.inputmethod.latin,10054,10351,true,VISIBLE,true
1430935021266,com.google.android.inputmethod.latin,10054,10351,true,VISIBLE,true
1430935021429,com.google.android.googlequicksearchbox,10019,17814,true,FOREGROUND,true
1430935025298,com.viber.voip,10075,30415,true,FOREGROUND,true
1430935028057,com.google.android.inputmethod.latin,10054,10351,true,VISIBLE,true
1430935028560,com.google.android.inputmethod.latin,10054,10351,true,VISIBLE,true
1430935028883,com.google.android.inputmethod.latin,10054,10351,true,VISIBLE,true
1430935037935,com.google.android.inputmethod.latin,10054,10351,true,VISIBLE,true
1430935038266,com.google.android.inputmethod.latin,10054,10351,true,VISIBLE,true
1430935044846,com.google.android.inputmethod.latin,10054,10351,true,VISIBLE,true
1430935045487,com.google.android.inputmethod.latin,10054,10351,true,VISIBLE,true
1430935045671,com.google.android.inputmethod.latin,10054,10351,true,VISIBLE,true
1430935046704,com.google.android.inputmethod.latin,10054,10351,true,VISIBLE,true
1430935075967,com.google.android.inputmethod.latin,10054,10351,true,VISIBLE,true
1430935076422,com.viber.voip,10075,30415,true,FOREGROUND,true
1430935076985,com.android.systemui,10012,911,false,FOREGROUND,true
1430935078596,com.google.android.talk,10051,31830,true,FOREGROUND,true
1430935096085,com.google.android.googlequicksearchbox,10019,17814,true,FOREGROUND,true
1430935098989,com.cleanmaster.mguard,10106,26269,true,FOREGROUND,true
1430935127786,com.viber.voip,10075,26098,true,FOREGROUND,true
1430935131587,com.viber.voip,10075,26098,true,FOREGROUND,true
1430935206333,com.google.android.inputmethod.latin,10054,10351,true,VISIBLE,true
1430935206672,com.google.android.inputmethod.latin,10054,10351,true,VISIBLE,true
1430935208024,com.google.android.inputmethod.latin,10054,10351,true,VISIBLE,true
1430935210629,com.google.android.inputmethod.latin,10054,10351,true,VISIBLE,true
1430935212765,com.google.android.talk,10051,31830,true,FOREGROUND,true
1430935215221,com.google.android.talk,10051,31830,true,FOREGROUND,true
1430935216652,com.google.android.inputmethod.latin,10054,10351,true,VISIBLE,true
1430935221215,com.android.systemui,10012,911,false,FOREGROUND,true
1430935223371,com.google.android.talk,10051,31830,true,FOREGROUND,true
1430935224959,com.google.android.inputmethod.latin,10054,10351,true,VISIBLE,true
1430935230532,com.google.android.inputmethod.latin,10054,10351,true,VISIBLE,true
1430935231819,com.google.android.inputmethod.latin,10054,10351,true,VISIBLE,true
1430935232238,com.google.android.inputmethod.latin,10054,10351,true,VISIBLE,true
1430935232534,com.google.android.inputmethod.latin,10054,10351,true,VISIBLE,true
1430935239243,com.google.android.inputmethod.latin,10054,10351,true,VISIBLE,true
1430935239541,com.google.android.inputmethod.latin,10054,10351,true,VISIBLE,true
1430935241362,com.google.android.inputmethod.latin,10054,10351,true,VISIBLE,true
1430935241528,com.google.android.inputmethod.latin,10054,10351,true,VISIBLE,true
1430935246168,com.google.android.inputmethod.latin,10054,10351,true,VISIBLE,true
1430935246256,com.google.android.inputmethod.latin,10054,10351,true,VISIBLE,true
1430935307174,com.google.android.deskclock,10033,26893,false,VISIBLE,true
1430935316952,com.android.systemui,10012,911,false,FOREGROUND,true
1430935318753,com.google.android.talk,10051,31830,true,FOREGROUND,true
1430935319454,com.android.systemui,10012,911,false,FOREGROUND,true
1430935323671,ch.unige.ping,10074,9001,true,FOREGROUND,true
1430935329254,com.google.android.googlequicksearchbox,10019,17814,true,FOREGROUND,true
1430935335138,org.telegram.messenger,10077,13993,true,FOREGROUND,true
1430935383484,com.google.android.googlequicksearchbox,10019,17814,true,FOREGROUND,true
1430935385774,com.google.android.talk,10051,31830,true,FOREGROUND,true
1430935445197,com.google.android.deskclock,10033,26893,false,VISIBLE,true
1430935462493,com.android.systemui,10012,911,false,FOREGROUND,true
1430935464073,com.android.systemui,10012,911,false,FOREGROUND,true
1430935465117,com.google.android.talk,10051,31830,true,FOREGROUND,true
1430935491541,com.google.android.inputmethod.latin,10054,10351,true,VISIBLE,true
1430935551287,com.google.android.deskclock,10033,26893,false,VISIBLE,true
1430935577681,com.android.systemui,10012,911,false,FOREGROUND,true
1430935578313,com.android.systemui,10012,911,false,FOREGROUND,true
1430935579356,com.google.android.talk,10051,31830,true,FOREGROUND,true
1430935596260,com.google.android.inputmethod.latin,10054,10351,true,VISIBLE,true
1430935597657,com.google.android.inputmethod.latin,10054,10351,true,VISIBLE,true
1430935599107,com.google.android.inputmethod.latin,10054,10351,true,VISIBLE,true
1430935599752,com.google.android.inputmethod.latin,10054,10351,true,VISIBLE,true
1430935600255,com.google.android.inputmethod.latin,10054,10351,true,VISIBLE,true
1430935677306,com.google.android.deskclock,10033,26893,false,VISIBLE,true
1430935708699,com.android.systemui,10012,911,false,FOREGROUND,true
1430935709031,com.android.systemui,10012,911,false,FOREGROUND,true
1430935710114,com.google.android.talk,10051,31830,true,FOREGROUND,true
1430935716774,com.google.android.inputmethod.latin,10054,10351,true,VISIBLE,true
1430935717228,com.google.android.inputmethod.latin,10054,10351,true,VISIBLE,true
1430935718412,com.google.android.inputmethod.latin,10054,10351,true,VISIBLE,true
1430935727194,com.google.android.inputmethod.latin,10054,10351,true,VISIBLE,true
1430935728696,com.google.android.inputmethod.latin,10054,10351,true,VISIBLE,true
1430935746297,com.google.android.inputmethod.latin,10054,10351,true,VISIBLE,true
1430935747154,com.google.android.inputmethod.latin,10054,10351,true,VISIBLE,true
1430935747468,com.google.android.inputmethod.latin,10054,10351,true,VISIBLE,true
1430935747643,com.google.android.inputmethod.latin,10054,10351,true,VISIBLE,true
1430935753245,com.google.android.inputmethod.latin,10054,10351,true,VISIBLE,true
1430935759650,com.google.android.inputmethod.latin,10054,10351,true,VISIBLE,true
1430935760244,com.google.android.inputmethod.latin,10054,10351,true,VISIBLE,true
1430935760497,com.google.android.inputmethod.latin,10054,10351,true,VISIBLE,true
1430935760867,com.google.android.inputmethod.latin,10054,10351,true,VISIBLE,true
1430935761129,com.google.android.inputmethod.latin,10054,10351,true,VISIBLE,true
1430935761382,com.google.android.inputmethod.latin,10054,10351,true,VISIBLE,true
1430935821580,com.google.android.deskclock,10033,26893,false,VISIBLE,true
1430935829649,com.android.systemui,10012,911,false,FOREGROUND,true
1430935830088,com.android.systemui,10012,911,false,FOREGROUND,true
1430935831215,com.google.android.talk,10051,31830,true,FOREGROUND,true
1430935894962,com.google.android.deskclock,10033,26893,false,VISIBLE,true
1430935895213,com.google.android.talk,10051,31830,true,FOREGROUND,true
1430935955967,com.google.android.deskclock,10033,26893,false,VISIBLE,true
1430936579241,com.android.systemui,10012,911,false,FOREGROUND,true
1430936580191,com.android.systemui,10012,911,false,FOREGROUND,true
1430936581417,com.google.android.talk,10051,31830,true,FOREGROUND,true
1430936642518,com.google.android.deskclock,10033,26893,false,VISIBLE,true
1430936822684,com.android.systemui,10012,911,false,FOREGROUND,true
1430936823315,com.android.systemui,10012,911,false,FOREGROUND,true
1430936826393,com.google.android.talk,10051,31830,true,FOREGROUND,true
1430936887327,com.google.android.deskclock,10033,26893,false,VISIBLE,true
1430937030917,com.android.systemui,10012,911,false,FOREGROUND,true
1430937040804,com.google.android.deskclock,10033,26893,false,VISIBLE,true
1430937371182,com.android.systemui,10012,911,false,FOREGROUND,true
1430937372023,com.android.systemui,10012,911,false,FOREGROUND,true
1430937375029,com.google.android.talk,10051,31830,true,FOREGROUND,true
1430937451336,com.google.android.deskclock,10033,26893,false,VISIBLE,true
1430937473578,com.android.systemui,10012,911,false,FOREGROUND,true
1430937474055,com.android.systemui,10012,911,false,FOREGROUND,true
1430937477385,com.google.android.talk,10051,31830,true,FOREGROUND,true
1430937539390,com.google.android.deskclock,10033,26893,false,VISIBLE,true
1430942847819,com.android.systemui,10012,911,false,FOREGROUND,true
1430942858442,com.android.systemui,10012,911,false,FOREGROUND,true
1430942859664,com.google.android.talk,10051,31830,true,FOREGROUND,true
1430942865038,com.google.android.inputmethod.latin,10054,10351,true,VISIBLE,true
1430942865558,com.google.android.inputmethod.latin,10054,10351,true,VISIBLE,true
1430942866810,com.google.android.inputmethod.latin,10054,10351,true,VISIBLE,true
1430942883528,com.google.android.inputmethod.latin,10054,10351,true,VISIBLE,true
1430942883718,com.google.android.inputmethod.latin,10054,10351,true,VISIBLE,true
1430942885496,com.google.android.talk,10051,31830,true,FOREGROUND,true
1430942885840,com.google.android.talk,10051,31830,true,FOREGROUND,true
1430942899246,com.google.android.inputmethod.latin,10054,10351,true,VISIBLE,true
1430942900831,com.google.android.inputmethod.latin,10054,10351,true,VISIBLE,true
1430942911149,com.google.android.talk,10051,31830,true,FOREGROUND,true
1430942911728,com.google.android.talk,10051,31830,true,FOREGROUND,true
1430942916453,com.android.systemui,10012,911,false,FOREGROUND,true
1430942917862,com.google.android.talk,10051,31830,true,FOREGROUND,true
1430942917969,com.google.android.inputmethod.latin,10054,10351,true,VISIBLE,true
1430942918299,com.google.android.talk,10051,31830,true,FOREGROUND,true
1430942924460,com.google.android.inputmethod.latin,10054,10351,true,VISIBLE,true
1430942924862,com.google.android.inputmethod.latin,10054,10351,true,VISIBLE,true
1430942965641,com.google.android.talk,10051,31830,true,FOREGROUND,true
1430942966350,com.google.android.inputmethod.latin,10054,10351,true,VISIBLE,true
1430942966478,com.google.android.inputmethod.latin,10054,10351,true,VISIBLE,true
1430942966720,com.google.android.inputmethod.latin,10054,10351,true,VISIBLE,true
1430942967001,com.google.android.inputmethod.latin,10054,10351,true,VISIBLE,true
1430942969660,com.google.android.inputmethod.latin,10054,10351,true,VISIBLE,true
1430942970053,com.google.android.talk,10051,31830,true,FOREGROUND,true
1430942972986,com.google.android.talk,10051,31830,true,FOREGROUND,true
1430942999466,com.google.android.inputmethod.latin,10054,10351,true,VISIBLE,true
1430943000207,com.google.android.inputmethod.latin,10054,10351,true,VISIBLE,true
1430943002729,com.google.android.inputmethod.latin,10054,10351,true,VISIBLE,true
1430943005174,com.google.android.inputmethod.latin,10054,10351,true,VISIBLE,true
1430943015418,com.google.android.inputmethod.latin,10054,10351,true,VISIBLE,true
1430943028237,com.google.android.inputmethod.latin,10054,10351,true,VISIBLE,true
1430943038606,com.google.android.inputmethod.latin,10054,10351,true,VISIBLE,true
1430943040852,com.google.android.inputmethod.latin,10054,10351,true,VISIBLE,true
1430943041769,com.google.android.inputmethod.latin,10054,10351,true,VISIBLE,true
1430943067346,com.android.systemui,10012,911,false,FOREGROUND,true
1430943083835,com.google.android.inputmethod.latin,10054,10351,true,VISIBLE,true
1430943084029,ch.unige.ping,10074,9001,true,FOREGROUND,true
1430943087367,com.google.android.googlequicksearchbox,10019,17814,true,FOREGROUND,true
1430943089594,com.viber.voip,10075,26098,true,FOREGROUND,true
1430943091309,com.google.android.googlequicksearchbox,10019,17814,true,FOREGROUND,true
1430943093673,org.telegram.messenger,10077,28610,true,FOREGROUND,true
1430943093993,com.google.android.googlequicksearchbox,10019,17814,true,FOREGROUND,true
1430943101607,com.android.chrome,10031,12344,true,FOREGROUND,true
1430943173472,com.android.systemui,10012,911,false,FOREGROUND,true
1430943241478,com.android.systemui,10012,911,false,FOREGROUND,true
1430943243234,com.android.chrome,10031,12344,true,FOREGROUND,true
1430943307919,com.android.systemui,10012,911,false,FOREGROUND,true
1430943323551,com.android.systemui,10012,911,false,FOREGROUND,true
1430943324610,com.android.chrome,10031,12344,true,FOREGROUND,true
1430943327075,com.android.systemui,10012,911,false,FOREGROUND,true
1430943331103,com.namcobandaigames.spmoja010E,10082,15878,true,FOREGROUND,true
1430943405081,com.google.android.talk,10051,31830,true,FOREGROUND,true
1430943423566,com.google.android.inputmethod.latin,10054,10351,true,VISIBLE,true
1430943429067,com.google.android.inputmethod.latin,10054,10351,true,VISIBLE,true
1430943429812,com.google.android.inputmethod.latin,10054,10351,true,VISIBLE,true
1430943430206,com.google.android.inputmethod.latin,10054,10351,true,VISIBLE,true
1430943431887,com.google.android.inputmethod.latin,10054,10351,true,VISIBLE,true
1430943433324,com.google.android.inputmethod.latin,10054,10351,true,VISIBLE,true
1430943433806,com.google.android.inputmethod.latin,10054,10351,true,VISIBLE,true
1430943444938,com.google.android.inputmethod.latin,10054,10351,true,VISIBLE,true
1430943445214,com.google.android.inputmethod.latin,10054,10351,true,VISIBLE,true
1430943462509,com.google.android.inputmethod.latin,10054,10351,true,VISIBLE,true
1430943464439,com.android.systemui,10012,911,false,FOREGROUND,true
1430943466044,com.google.android.talk,10051,31830,true,FOREGROUND,true
1430943467273,com.android.systemui,10012,911,false,FOREGROUND,true
1430943470731,com.namcobandaigames.spmoja010E,10082,15878,true,FOREGROUND,true
1430943545950,com.android.systemui,10012,911,false,FOREGROUND,true
1430943547505,com.namcobandaigames.spmoja010E,10082,15878,true,FOREGROUND,true
1430943548007,com.google.android.talk,10051,31830,true,FOREGROUND,true
1430943549688,com.google.android.inputmethod.latin,10054,10351,true,VISIBLE,true
1430943551162,com.google.android.inputmethod.latin,10054,10351,true,VISIBLE,true
1430943551467,com.google.android.inputmethod.latin,10054,10351,true,VISIBLE,true
1430943555003,com.google.android.inputmethod.latin,10054,10351,true,VISIBLE,true
1430943555332,com.google.android.inputmethod.latin,10054,10351,true,VISIBLE,true
1430943557658,com.google.android.inputmethod.latin,10054,10351,true,VISIBLE,true
1430943557850,com.google.android.inputmethod.latin,10054,10351,true,VISIBLE,true
1430943574963,com.google.android.inputmethod.latin,10054,10351,true,VISIBLE,true
1430943584968,com.google.android.inputmethod.latin,10054,10351,true,VISIBLE,true
1430943587244,com.google.android.inputmethod.latin,10054,10351,true,VISIBLE,true
1430943587297,com.google.android.inputmethod.latin,10054,10351,true,VISIBLE,true
1430943626665,com.google.android.inputmethod.latin,10054,10351,true,VISIBLE,true
1430943694860,com.android.systemui,10012,911,false,FOREGROUND,true
1430943725155,com.android.systemui,10012,911,false,FOREGROUND,true
1430943726349,com.google.android.talk,10051,31830,true,FOREGROUND,true
1430943730132,com.google.android.inputmethod.latin,10054,10351,true,VISIBLE,true
1430943730370,com.google.android.inputmethod.latin,10054,10351,true,VISIBLE,true
1430943730671,com.google.android.inputmethod.latin,10054,10351,true,VISIBLE,true
1430943737834,com.google.android.inputmethod.latin,10054,10351,true,VISIBLE,true
1430943743467,com.google.android.inputmethod.latin,10054,10351,true,VISIBLE,true
1430943804330,com.google.android.inputmethod.latin,10054,10351,true,VISIBLE,true
1430943808528,com.android.systemui,10012,911,false,FOREGROUND,true
1430943826973,com.android.systemui,10012,911,false,FOREGROUND,true
1430943828130,com.google.android.talk,10051,31830,true,FOREGROUND,true
1430943837731,com.google.android.inputmethod.latin,10054,10351,true,VISIBLE,true
1430943837914,com.google.android.inputmethod.latin,10054,10351,true,VISIBLE,true
1430943838261,com.google.android.inputmethod.latin,10054,10351,true,VISIBLE,true
1430943845854,com.google.android.inputmethod.latin,10054,10351,true,VISIBLE,true
1430943846032,com.google.android.inputmethod.latin,10054,10351,true,VISIBLE,true
1430943877172,com.google.android.inputmethod.latin,10054,10351,true,VISIBLE,true
1430943878573,com.google.android.inputmethod.latin,10054,10351,true,VISIBLE,true
1430943937491,com.google.android.inputmethod.latin,10054,10351,true,VISIBLE,true
1430943942211,com.google.android.talk,10051,31830,true,FOREGROUND,true
1430943943170,com.google.android.talk,10051,31830,true,FOREGROUND,true
1430943946601,com.google.android.inputmethod.latin,10054,10351,true,VISIBLE,true
1430943949037,com.google.android.inputmethod.latin,10054,10351,true,VISIBLE,true
1430943949293,com.google.android.inputmethod.latin,10054,10351,true,VISIBLE,true
1430943950124,com.google.android.inputmethod.latin,10054,10351,true,VISIBLE,true
1430943951975,com.google.android.inputmethod.latin,10054,10351,true,VISIBLE,true
1430943964171,com.google.android.inputmethod.latin,10054,10351,true,VISIBLE,true
1430943964506,com.google.android.inputmethod.latin,10054,10351,true,VISIBLE,true
1430943966482,com.google.android.inputmethod.latin,10054,10351,true,VISIBLE,true
1430943966796,com.google.android.inputmethod.latin,10054,10351,true,VISIBLE,true
1430943971551,com.google.android.inputmethod.latin,10054,10351,true,VISIBLE,true
1430943972956,com.google.android.inputmethod.latin,10054,10351,true,VISIBLE,true
1430944051371,com.google.android.inputmethod.latin,10054,10351,true,VISIBLE,true
1430944055711,com.android.systemui,10012,911,false,FOREGROUND,true
1430944165056,com.android.systemui,10012,911,false,FOREGROUND,true
1430944166245,com.google.android.talk,10051,31830,true,FOREGROUND,true
1430944194184,com.google.android.inputmethod.latin,10054,10351,true,VISIBLE,true
1430944194682,com.google.android.inputmethod.latin,10054,10351,true,VISIBLE,true
1430944194845,com.google.android.inputmethod.latin,10054,10351,true,VISIBLE,true
1430944195734,com.google.android.inputmethod.latin,10054,10351,true,VISIBLE,true
1430944196017,com.google.android.inputmethod.latin,10054,10351,true,VISIBLE,true
1430944297584,com.google.android.inputmethod.latin,10054,10351,true,VISIBLE,true
1430944301913,com.android.systemui,10012,911,false,FOREGROUND,true
1430944347045,com.android.systemui,10012,911,false,FOREGROUND,true
1430944348936,com.google.android.talk,10051,31830,true,FOREGROUND,true
1430944359109,com.google.android.talk,10051,31830,true,FOREGROUND,true
1430944360154,com.google.android.talk,10051,31830,true,FOREGROUND,true
1430944360332,com.google.android.inputmethod.latin,10054,10351,true,VISIBLE,true
1430944360469,com.google.android.inputmethod.latin,10054,10351,true,VISIBLE,true
1430944376736,com.google.android.inputmethod.latin,10054,10351,true,VISIBLE,true
1430944377868,com.google.android.inputmethod.latin,10054,10351,true,VISIBLE,true
1430944381756,com.google.android.inputmethod.latin,10054,10351,true,VISIBLE,true
1430944392262,com.google.android.inputmethod.latin,10054,10351,true,VISIBLE,true
1430944392468,com.google.android.inputmethod.latin,10054,10351,true,VISIBLE,true
1430944397209,com.google.android.inputmethod.latin,10054,10351,true,VISIBLE,true
1430944397398,com.google.android.inputmethod.latin,10054,10351,true,VISIBLE,true
1430944398970,com.google.android.inputmethod.latin,10054,10351,true,VISIBLE,true
1430944399989,com.google.android.inputmethod.latin,10054,10351,true,VISIBLE,true
1430944405743,com.google.android.inputmethod.latin,10054,10351,true,VISIBLE,true
1430944406331,com.google.android.inputmethod.latin,10054,10351,true,VISIBLE,true
1430944414165,com.android.systemui,10012,911,false,FOREGROUND,true
1430944415060,com.google.android.talk,10051,31830,true,FOREGROUND,true
1430944415148,com.google.android.inputmethod.latin,10054,10351,true,VISIBLE,true
1430944415861,org.telegram.messenger,10077,28610,true,FOREGROUND,true
1430944433285,com.google.android.talk,10051,31830,true,FOREGROUND,true
1430944434448,com.google.android.talk,10051,31830,true,FOREGROUND,true
1430944435488,com.google.android.talk,10051,31830,true,FOREGROUND,true
1430944436549,com.google.android.inputmethod.latin,10054,10351,true,VISIBLE,true
1430944436957,com.google.android.inputmethod.latin,10054,10351,true,VISIBLE,true
1430944437175,com.google.android.inputmethod.latin,10054,10351,true,VISIBLE,true
1430944450415,com.google.android.inputmethod.latin,10054,10351,true,VISIBLE,true
1430944450605,com.google.android.inputmethod.latin,10054,10351,true,VISIBLE,true
1430944514995,com.google.android.inputmethod.latin,10054,10351,true,VISIBLE,true
1430944519381,com.android.systemui,10012,911,false,FOREGROUND,true
1430944715918,com.android.systemui,10012,911,false,FOREGROUND,true
1430944717182,com.google.android.talk,10051,31830,true,FOREGROUND,true
1430944721227,com.google.android.inputmethod.latin,10054,10351,true,VISIBLE,true
1430944721636,com.google.android.inputmethod.latin,10054,10351,true,VISIBLE,true
1430944721850,com.google.android.inputmethod.latin,10054,10351,true,VISIBLE,true
1430944726201,com.google.android.inputmethod.latin,10054,10351,true,VISIBLE,true
1430944727062,com.google.android.inputmethod.latin,10054,10351,true,VISIBLE,true
1430944733287,com.google.android.inputmethod.latin,10054,10351,true,VISIBLE,true
1430944733905,com.google.android.inputmethod.latin,10054,10351,true,VISIBLE,true
1430944741596,com.google.android.inputmethod.latin,10054,10351,true,VISIBLE,true
1430944742206,com.google.android.inputmethod.latin,10054,10351,true,VISIBLE,true
1430944745757,com.google.android.inputmethod.latin,10054,10351,true,VISIBLE,true
1430944748505,com.google.android.inputmethod.latin,10054,10351,true,VISIBLE,true
1430944809111,com.google.android.inputmethod.latin,10054,10351,true,VISIBLE,true
1430944813518,com.android.systemui,10012,911,false,FOREGROUND,true
1430944869903,com.android.systemui,10012,911,false,FOREGROUND,true
1430944871090,com.google.android.talk,10051,31830,true,FOREGROUND,true
1430944873684,com.google.android.inputmethod.latin,10054,10351,true,VISIBLE,true
1430944874001,com.google.android.inputmethod.latin,10054,10351,true,VISIBLE,true
1430944874362,com.google.android.inputmethod.latin,10054,10351,true,VISIBLE,true
1430944876261,com.google.android.inputmethod.latin,10054,10351,true,VISIBLE,true
1430944877145,com.google.android.inputmethod.latin,10054,10351,true,VISIBLE,true
1430944899523,com.google.android.inputmethod.latin,10054,10351,true,VISIBLE,true
1430944964693,com.android.systemui,10012,911,false,FOREGROUND,true
1430945173968,com.android.systemui,10012,911,false,FOREGROUND,true
1430945175294,com.google.android.talk,10051,31830,true,FOREGROUND,true
1430945242468,com.android.systemui,10012,911,false,FOREGROUND,true
1430945367554,com.android.systemui,10012,911,false,FOREGROUND,true
1430945370200,com.google.android.talk,10051,31830,true,FOREGROUND,true
1430945434831,com.android.systemui,10012,911,false,FOREGROUND,true
1430945891435,com.android.systemui,10012,911,false,FOREGROUND,true
1430945892691,com.google.android.talk,10051,31830,true,FOREGROUND,true
1430945898471,org.telegram.messenger,10077,28610,true,FOREGROUND,true
1430945902653,com.google.android.inputmethod.latin,10054,10351,true,VISIBLE,true
1430945903033,com.google.android.inputmethod.latin,10054,10351,true,VISIBLE,true
1430945903283,com.google.android.inputmethod.latin,10054,10351,true,VISIBLE,true
1430945943304,com.google.android.inputmethod.latin,10054,10351,true,VISIBLE,true
1430945944167,com.google.android.inputmethod.latin,10054,10351,true,VISIBLE,true
1430945952032,com.google.android.inputmethod.latin,10054,10351,true,VISIBLE,true
1430945953691,com.google.android.inputmethod.latin,10054,10351,true,VISIBLE,true
1430945953960,org.telegram.messenger,10077,28610,true,FOREGROUND,true
1430945955117,org.telegram.messenger,10077,28610,true,FOREGROUND,true
1430945971273,com.google.android.inputmethod.latin,10054,10351,true,VISIBLE,true
1430945972333,com.google.android.inputmethod.latin,10054,10351,true,VISIBLE,true
1430945972532,com.google.android.inputmethod.latin,10054,10351,true,VISIBLE,true
1430945974216,com.google.android.inputmethod.latin,10054,10351,true,VISIBLE,true
1430945982597,com.google.android.inputmethod.latin,10054,10351,true,VISIBLE,true
1430945985800,com.google.android.inputmethod.latin,10054,10351,true,VISIBLE,true
1430945987371,com.google.android.inputmethod.latin,10054,10351,true,VISIBLE,true
1430945989304,com.google.android.inputmethod.latin,10054,10351,true,VISIBLE,true
1430945989886,com.google.android.inputmethod.latin,10054,10351,true,VISIBLE,true
1430945990099,com.google.android.inputmethod.latin,10054,10351,true,VISIBLE,true
1430946001978,com.google.android.inputmethod.latin,10054,10351,true,VISIBLE,true
1430946009088,com.google.android.inputmethod.latin,10054,10351,true,VISIBLE,true
1430946009401,com.google.android.inputmethod.latin,10054,10351,true,VISIBLE,true
1430946009871,com.google.android.inputmethod.latin,10054,10351,true,VISIBLE,true
1430946043288,com.google.android.inputmethod.latin,10054,10351,true,VISIBLE,true
1430946043520,com.google.android.inputmethod.latin,10054,10351,true,VISIBLE,true
1430946056977,com.google.android.inputmethod.latin,10054,10351,true,VISIBLE,true
1430946058004,com.google.android.inputmethod.latin,10054,10351,true,VISIBLE,true
1430946093762,com.google.android.inputmethod.latin,10054,10351,true,VISIBLE,true
1430946094040,com.google.android.inputmethod.latin,10054,10351,true,VISIBLE,true
1430946096435,com.google.android.inputmethod.latin,10054,10351,true,VISIBLE,true
1430946097061,com.google.android.inputmethod.latin,10054,10351,true,VISIBLE,true
1430946127165,com.google.android.inputmethod.latin,10054,10351,true,VISIBLE,true
1430946130061,com.google.android.inputmethod.latin,10054,10351,true,VISIBLE,true
1430946156544,com.google.android.inputmethod.latin,10054,10351,true,VISIBLE,true
1430946160014,com.google.android.inputmethod.latin,10054,10351,true,VISIBLE,true
1430946161911,com.google.android.inputmethod.latin,10054,10351,true,VISIBLE,true
1430946162589,com.google.android.inputmethod.latin,10054,10351,true,VISIBLE,true
1430946166825,com.google.android.inputmethod.latin,10054,10351,true,VISIBLE,true
1430946167453,com.google.android.inputmethod.latin,10054,10351,true,VISIBLE,true
1430946178591,com.android.systemui,10012,911,false,FOREGROUND,true
1430946179665,org.telegram.messenger,10077,28610,true,FOREGROUND,true
1430946244260,com.android.systemui,10012,911,false,FOREGROUND,true
1430946396259,com.android.systemui,10012,911,false,FOREGROUND,true
1430946397353,org.telegram.messenger,10077,28610,true,FOREGROUND,true
1430946418722,com.google.android.inputmethod.latin,10054,10351,true,VISIBLE,true
1430946419005,com.google.android.inputmethod.latin,10054,10351,true,VISIBLE,true
1430946421558,com.google.android.inputmethod.latin,10054,10351,true,VISIBLE,true
1430946421904,com.google.android.inputmethod.latin,10054,10351,true,VISIBLE,true
1430946463098,com.google.android.inputmethod.latin,10054,10351,true,VISIBLE,true
1430946468621,com.google.android.inputmethod.latin,10054,10351,true,VISIBLE,true
1430946469545,com.google.android.inputmethod.latin,10054,10351,true,VISIBLE,true
1430946470195,com.google.android.inputmethod.latin,10054,10351,true,VISIBLE,true
1430946473001,com.google.android.inputmethod.latin,10054,10351,true,VISIBLE,true
1430946473919,com.google.android.inputmethod.latin,10054,10351,true,VISIBLE,true
1430946474889,com.google.android.inputmethod.latin,10054,10351,true,VISIBLE,true
1430946477921,com.google.android.inputmethod.latin,10054,10351,true,VISIBLE,true
1430946479143,com.google.android.inputmethod.latin,10054,10351,true,VISIBLE,true
1430946479526,com.google.android.inputmethod.latin,10054,10351,true,VISIBLE,true
1430946480825,com.google.android.inputmethod.latin,10054,10351,true,VISIBLE,true
1430946481215,com.google.android.inputmethod.latin,10054,10351,true,VISIBLE,true
1430946501457,com.google.android.inputmethod.latin,10054,10351,true,VISIBLE,true
1430946502459,com.google.android.inputmethod.latin,10054,10351,true,VISIBLE,true
1430946503068,com.google.android.inputmethod.latin,10054,10351,true,VISIBLE,true
1430946504277,com.google.android.inputmethod.latin,10054,10351,true,VISIBLE,true
1430946511415,com.google.android.inputmethod.latin,10054,10351,true,VISIBLE,true
1430946511727,com.google.android.inputmethod.latin,10054,10351,true,VISIBLE,true
1430946536881,com.google.android.inputmethod.latin,10054,10351,true,VISIBLE,true
1430946539406,com.google.android.inputmethod.latin,10054,10351,true,VISIBLE,true
1430946550711,com.google.android.inputmethod.latin,10054,10351,true,VISIBLE,true
1430946555070,com.google.android.inputmethod.latin,10054,10351,true,VISIBLE,true
1430946555699,com.google.android.inputmethod.latin,10054,10351,true,VISIBLE,true
1430946556003,com.google.android.inputmethod.latin,10054,10351,true,VISIBLE,true
1430946558052,com.google.android.inputmethod.latin,10054,10351,true,VISIBLE,true
1430946558261,com.google.android.inputmethod.latin,10054,10351,true,VISIBLE,true
1430946584755,com.google.android.inputmethod.latin,10054,10351,true,VISIBLE,true
1430946718002,com.android.systemui,10012,911,false,FOREGROUND,true
1430946778576,com.android.systemui,10012,911,false,FOREGROUND,true
1430946779738,com.google.android.talk,10051,31830,true,FOREGROUND,true
1430946784434,com.google.android.inputmethod.latin,10054,10351,true,VISIBLE,true
1430946785772,com.google.android.inputmethod.latin,10054,10351,true,VISIBLE,true
1430946786066,com.google.android.inputmethod.latin,10054,10351,true,VISIBLE,true
1430946809010,com.google.android.inputmethod.latin,10054,10351,true,VISIBLE,true
1430946809207,com.google.android.inputmethod.latin,10054,10351,true,VISIBLE,true
1430946813496,com.google.android.inputmethod.latin,10054,10351,true,VISIBLE,true
1430946814194,com.google.android.inputmethod.latin,10054,10351,true,VISIBLE,true
1430946858509,com.google.android.talk,10051,31830,true,FOREGROUND,true
1430946858729,com.google.android.inputmethod.latin,10054,10351,true,VISIBLE,true
1430946859029,com.google.android.inputmethod.latin,10054,10351,true,VISIBLE,true
1430946866236,com.google.android.talk,10051,31830,true,FOREGROUND,true
1430946869782,com.google.android.talk,10051,31830,true,FOREGROUND,true
1430946875514,com.google.android.talk,10051,31830,true,FOREGROUND,true
1430946880423,com.google.android.talk,10051,31830,true,FOREGROUND,true
1430946883479,com.google.android.talk,10051,31830,true,FOREGROUND,true
1430946887294,com.google.android.talk,10051,31830,true,FOREGROUND,true
1430946888233,com.google.android.talk,10051,31830,true,FOREGROUND,true
1430946890822,com.google.android.talk,10051,31830,true,FOREGROUND,true
1430946897099,com.google.android.inputmethod.latin,10054,10351,true,VISIBLE,true
1430946897836,com.google.android.talk,10051,31830,true,FOREGROUND,true
1430946897919,com.google.android.inputmethod.latin,10054,10351,true,VISIBLE,true
1430946898260,com.google.android.inputmethod.latin,10054,10351,true,VISIBLE,true
1430946898741,com.google.android.talk,10051,31830,true,FOREGROUND,true
1430946900037,com.google.android.talk,10051,31830,true,FOREGROUND,true
1430946916583,com.google.android.inputmethod.latin,10054,10351,true,VISIBLE,true
1430946972066,com.google.android.inputmethod.latin,10054,10351,true,VISIBLE,true
1430946972379,com.google.android.inputmethod.latin,10054,10351,true,VISIBLE,true
1430946980829,com.google.android.talk,10051,31830,true,FOREGROUND,true
1430946980908,com.google.android.inputmethod.latin,10054,10351,true,VISIBLE,true
1430946981238,com.google.android.inputmethod.latin,10054,10351,true,VISIBLE,true
1430946983368,com.google.android.inputmethod.latin,10054,10351,true,VISIBLE,true
1430946985092,com.google.android.inputmethod.latin,10054,10351,true,VISIBLE,true
1430946985465,com.google.android.googlequicksearchbox,10019,17814,true,FOREGROUND,true
1430946986586,org.telegram.messenger,10077,28610,true,FOREGROUND,true
1430946986657,com.google.android.inputmethod.latin,10054,10351,true,VISIBLE,true
1430946992448,com.google.android.inputmethod.latin,10054,10351,true,VISIBLE,true
1430947017520,com.google.android.inputmethod.latin,10054,10351,true,VISIBLE,true
1430947027617,com.google.android.googlequicksearchbox,10019,17814,true,FOREGROUND,true
1430947030177,com.google.android.googlequicksearchbox,10019,17814,true,FOREGROUND,true
1430947032240,com.android.chrome,10031,12344,true,FOREGROUND,true
1430947033071,com.google.android.googlequicksearchbox,10019,17814,true,BACKGROUND,true
1430947165895,com.android.chrome,10031,12344,true,FOREGROUND,true
1430947166883,com.android.chrome,10031,12344,true,FOREGROUND,true
1430947167566,com.android.chrome,10031,12344,true,FOREGROUND,true
1430947168566,com.google.android.inputmethod.latin,10054,10351,true,VISIBLE,true
1430947172503,com.google.android.inputmethod.latin,10054,10351,true,VISIBLE,true
1430947179242,com.google.android.googlequicksearchbox,10019,17814,true,FOREGROUND,true
1430947180882,com.google.android.googlequicksearchbox,10019,17814,true,FOREGROUND,true
1430947184352,com.google.android.youtube,10071,10407,true,FOREGROUND,true
1430947185110,com.android.systemui,10012,911,false,FOREGROUND,true
1430947189769,com.android.systemui,10012,911,false,FOREGROUND,true
1430947193025,com.android.systemui,10012,911,false,FOREGROUND,true
1430947200560,com.google.android.youtube,10071,10407,true,FOREGROUND,true
1430947209166,com.android.systemui,10012,911,false,FOREGROUND,true
1430947213000,com.android.systemui,10012,911,false,FOREGROUND,true
1430947221742,org.telegram.messenger,10077,28610,true,FOREGROUND,true
1430947234484,com.google.android.inputmethod.latin,10054,10351,true,VISIBLE,true
1430947237582,com.google.android.inputmethod.latin,10054,10351,true,VISIBLE,true
1430947238818,com.google.android.inputmethod.latin,10054,10351,true,VISIBLE,true
1430947250814,com.google.android.inputmethod.latin,10054,10351,true,VISIBLE,true
1430947252367,com.google.android.inputmethod.latin,10054,10351,true,VISIBLE,true
1430947289364,org.telegram.messenger,10077,28610,true,FOREGROUND,true
1430947289979,org.telegram.messenger,10077,28610,true,FOREGROUND,true
1430947296655,com.google.android.inputmethod.latin,10054,10351,true,VISIBLE,true
1430947307780,com.google.android.inputmethod.latin,10054,10351,true,VISIBLE,true
1430947313404,com.google.android.inputmethod.latin,10054,10351,true,VISIBLE,true
1430947318383,com.google.android.inputmethod.latin,10054,10351,true,VISIBLE,true
1430947373622,com.google.android.talk,10051,31830,true,FOREGROUND,true
1430947373832,com.google.android.inputmethod.latin,10054,10351,true,VISIBLE,true
1430947374102,com.google.android.inputmethod.latin,10054,10351,true,VISIBLE,true
1430947390994,com.android.systemui,10012,911,false,FOREGROUND,true
1430947401109,com.android.systemui,10012,911,false,FOREGROUND,true
1430947402299,com.google.android.talk,10051,31830,true,FOREGROUND,true
1430947403584,com.android.systemui,10012,911,false,FOREGROUND,true
1430947404533,com.google.android.talk,10051,31830,true,FOREGROUND,true
1430947405060,org.telegram.messenger,10077,28610,true,FOREGROUND,true
1430947406367,com.google.android.inputmethod.latin,10054,10351,true,VISIBLE,true
1430947406514,com.google.android.inputmethod.latin,10054,10351,true,VISIBLE,true
1430947407288,com.google.android.inputmethod.latin,10054,10351,true,VISIBLE,true
1430947407773,com.google.android.inputmethod.latin,10054,10351,true,VISIBLE,true
1430947408012,com.google.android.inputmethod.latin,10054,10351,true,VISIBLE,true
1430947408275,com.google.android.inputmethod.latin,10054,10351,true,VISIBLE,true
1430947419601,com.google.android.googlequicksearchbox,10019,17814,true,FOREGROUND,true
1430947422930,com.google.android.googlequicksearchbox,10019,17814,true,FOREGROUND,true
1430947424597,com.android.chrome,10031,12344,true,FOREGROUND,true
1430947425390,com.google.android.googlequicksearchbox,10019,17814,true,BACKGROUND,true
1430947429389,com.android.chrome,10031,12344,true,FOREGROUND,true
1430947430095,com.android.chrome,10031,12344,true,FOREGROUND,true
1430947447659,com.android.chrome,10031,12344,true,FOREGROUND,true
1430947448325,com.android.chrome,10031,12344,true,FOREGROUND,true
1430947468353,com.google.android.inputmethod.latin,10054,10351,true,VISIBLE,true
1430947473640,com.google.android.inputmethod.latin,10054,10351,true,VISIBLE,true
1430947495040,com.android.chrome,10031,12344,true,FOREGROUND,true
1430947495649,com.android.chrome,10031,12344,true,FOREGROUND,true
1430947538930,com.android.systemui,10012,911,false,FOREGROUND,true
1430947542077,com.android.chrome,10031,12344,true,FOREGROUND,true
1430947716617,com.android.chrome,10031,12344,true,FOREGROUND,true
1430947717059,com.android.chrome,10031,12344,true,FOREGROUND,true
1430947727614,com.android.chrome,10031,12344,true,FOREGROUND,true
1430947728295,com.android.chrome,10031,12344,true,FOREGROUND,true
1430947738662,com.android.chrome,10031,12344,true,FOREGROUND,true
1430947739142,com.android.chrome,10031,12344,true,FOREGROUND,true
1430947964833,com.android.chrome,10031,12344,true,FOREGROUND,true
1430947965365,com.android.chrome,10031,12344,true,FOREGROUND,true
1430947973515,com.android.chrome,10031,12344,true,FOREGROUND,true
1430947973986,com.android.chrome,10031,12344,true,FOREGROUND,true
1430948063764,com.android.chrome,10031,12344,true,FOREGROUND,true
1430948064344,com.android.chrome,10031,12344,true,FOREGROUND,true
1430948151813,com.android.chrome,10031,12344,true,FOREGROUND,true
1430948152274,com.android.chrome,10031,12344,true,FOREGROUND,true
1430948206652,com.android.systemui,10012,911,false,FOREGROUND,true
1430948208859,com.android.systemui,10012,911,false,FOREGROUND,true
1430948709568,com.android.systemui,10012,911,false,FOREGROUND,true
1430948710592,com.android.systemui,10012,911,false,FOREGROUND,true
1430948715247,org.telegram.messenger,10077,28610,true,FOREGROUND,true
1430948715542,com.google.android.inputmethod.latin,10054,10351,true,VISIBLE,true
1430948720465,com.google.android.inputmethod.latin,10054,10351,true,VISIBLE,true
1430948724487,com.google.android.talk,10051,21985,true,FOREGROUND,true
1430948729645,com.android.systemui,10012,911,false,FOREGROUND,true
1430949020050,com.android.systemui,10012,911,false,FOREGROUND,true
1430949021248,com.google.android.talk,10051,21985,true,FOREGROUND,true
1430949023165,com.android.systemui,10012,911,false,FOREGROUND,true
1430949083149,com.google.android.talk,10051,21985,true,FOREGROUND,true
1430949083460,com.google.android.deskclock,10033,22777,false,VISIBLE,true
1430949085864,com.google.android.talk,10051,21985,true,FOREGROUND,true
1430949087683,com.google.android.talk,10051,21985,true,FOREGROUND,true
1430949090678,com.google.android.talk,10051,21985,true,FOREGROUND,true
1430949094845,com.google.android.googlequicksearchbox,10019,17814,true,FOREGROUND,true
1430949154750,com.google.android.deskclock,10033,22777,false,VISIBLE,true
1430949179329,com.android.systemui,10012,911,false,FOREGROUND,true
1430949179426,com.android.systemui,10012,911,false,FOREGROUND,true
1430949181250,com.google.android.googlequicksearchbox,10019,17814,true,FOREGROUND,true
1430949249650,com.google.android.deskclock,10033,22777,false,VISIBLE,true
1430949316107,com.android.systemui,10012,911,false,FOREGROUND,true
1430949316673,com.android.systemui,10012,911,false,FOREGROUND,true
1430949318538,com.google.android.googlequicksearchbox,10019,17814,true,FOREGROUND,true
1430949324989,com.android.systemui,10012,911,false,FOREGROUND,true
1430949326143,com.android.systemui,10012,911,false,FOREGROUND,true
1430949370882,com.android.systemui,10012,911,false,FOREGROUND,true
1430949373353,com.android.systemui,10012,911,false,FOREGROUND,true
1430949373764,com.android.systemui,10012,911,false,FOREGROUND,true
1430949373928,com.google.android.googlequicksearchbox,10019,17814,true,FOREGROUND,true
1430949382062,com.google.android.talk,10051,21985,true,FOREGROUND,true
1430949404599,com.android.systemui,10012,911,false,FOREGROUND,true
1430949404655,com.google.android.talk,10051,21985,true,FOREGROUND,true
1430949404783,com.android.systemui,10012,911,false,FOREGROUND,true
1430949405679,com.google.android.talk,10051,21985,true,FOREGROUND,true
1430949406216,com.google.android.googlequicksearchbox,10019,17814,true,FOREGROUND,true
1430949466342,com.google.android.deskclock,10033,22777,false,VISIBLE,true
