1431900028119,com.android.bluetooth.hid.HidService,com.android.bluetooth,1002,0,49150,[],false,true,0,0,49160,
1431900028119,ch.rts.rtskit.service.audio.AudioService,ch.rts.rtsinfo,10142,2290,59429,[STARTED],false,true,0,0,59439,
1431900028119,com.cleanmaster.service.PermanentService,com.cleanmaster.mguard:service,10138,4772,94138,[STARTED],false,true,1,1,23620567,
1431900028119,com.google.android.music.dial.DialMediaRouteProviderService,com.google.android.music:main,10073,0,57202,[],false,true,0,0,57212,
1431900028119,ch.unige.css.services.PingService,ch.unige.ping,10149,1632,23773850,[STARTED],false,true,0,0,23773860,
1431900028119,com.google.android.search.core.service.BroadcastListenerService,com.google.android.googlequicksearchbox:search,10026,17345,75471,[STARTED],false,true,0,0,4806376,
1431900028119,com.android.systemui.keyguard.KeyguardService,com.android.systemui,10014,930,44352,[PERSISTENT],false,false,2,2,68066,
1431900028119,openiab.StoreService,cm.aptoide.pt,10148,0,54787,[],false,true,0,0,54797,
1431900028119,ch.unige.css.services.main.CssRegistryService,ch.unige.ping:background,10149,31176,14941297,[STARTED],false,true,0,0,14941307,
1431900028119,com.google.android.finsky.billing.iab.InAppBillingService,com.android.vending,10024,19930,22044372,[],false,true,1,1,22044382,
1431900088471,com.android.bluetooth.hid.HidService,com.android.bluetooth,1002,0,49150,[],false,true,0,0,49160,
1431900088471,ch.rts.rtskit.service.audio.AudioService,ch.rts.rtsinfo,10142,2290,59429,[STARTED],false,true,0,0,59439,
1431900088471,com.cleanmaster.service.PermanentService,com.cleanmaster.mguard:service,10138,4772,94138,[STARTED],false,true,1,1,23620567,
1431900088471,com.google.android.music.dial.DialMediaRouteProviderService,com.google.android.music:main,10073,0,57202,[],false,true,0,0,57212,
1431900088471,ch.unige.css.services.PingService,ch.unige.ping,10149,1632,23834097,[STARTED],false,true,0,0,23834107,
1431900088471,com.google.android.search.core.service.BroadcastListenerService,com.google.android.googlequicksearchbox:search,10026,17345,75471,[STARTED],false,true,0,0,4806376,
1431900088471,com.android.systemui.keyguard.KeyguardService,com.android.systemui,10014,930,44352,[PERSISTENT],false,false,2,2,68066,
1431900088471,openiab.StoreService,cm.aptoide.pt,10148,0,54787,[],false,true,0,0,54797,
1431900088471,ch.unige.css.services.main.CssRegistryService,ch.unige.ping:background,10149,31176,14941297,[STARTED],false,true,0,0,14941307,
1431900088471,com.google.android.finsky.billing.iab.InAppBillingService,com.android.vending,10024,19930,22044372,[],false,true,1,1,22044382,
1431900148571,com.android.bluetooth.hid.HidService,com.android.bluetooth,1002,0,49150,[],false,true,0,0,49160,
1431900148571,ch.rts.rtskit.service.audio.AudioService,ch.rts.rtsinfo,10142,2290,59429,[STARTED],false,true,0,0,59439,
1431900148571,com.cleanmaster.service.PermanentService,com.cleanmaster.mguard:service,10138,4772,94138,[STARTED],false,true,1,1,23620567,
1431900148571,com.google.android.music.dial.DialMediaRouteProviderService,com.google.android.music:main,10073,0,57202,[],false,true,0,0,57212,
1431900148571,ch.unige.css.services.PingService,ch.unige.ping,10149,1632,23894308,[STARTED],false,true,0,0,23894318,
1431900148571,com.google.android.search.core.service.BroadcastListenerService,com.google.android.googlequicksearchbox:search,10026,17345,75471,[STARTED],false,true,0,0,4806376,
1431900148571,com.android.systemui.keyguard.KeyguardService,com.android.systemui,10014,930,44352,[PERSISTENT],false,false,2,2,68066,
1431900148571,openiab.StoreService,cm.aptoide.pt,10148,0,54787,[],false,true,0,0,54797,
1431900148571,ch.unige.css.services.main.CssRegistryService,ch.unige.ping:background,10149,31176,14941297,[STARTED],false,true,0,0,14941307,
1431900148571,com.google.android.finsky.billing.iab.InAppBillingService,com.android.vending,10024,19930,22044372,[],false,true,1,1,22044382,
1431900230315,com.android.bluetooth.hid.HidService,com.android.bluetooth,1002,0,49150,[],false,true,0,0,49160,
1431900230315,ch.rts.rtskit.service.audio.AudioService,ch.rts.rtsinfo,10142,2290,59429,[STARTED],false,true,0,0,59439,
1431900230315,com.cleanmaster.service.PermanentService,com.cleanmaster.mguard:service,10138,4772,94138,[STARTED],false,true,1,1,23620567,
1431900230315,com.google.android.music.dial.DialMediaRouteProviderService,com.google.android.music:main,10073,0,57202,[],false,true,0,0,57212,
1431900230315,ch.unige.css.services.PingService,ch.unige.ping,10149,1632,23976066,[STARTED],false,true,0,0,23976076,
1431900230315,com.google.android.search.core.service.BroadcastListenerService,com.google.android.googlequicksearchbox:search,10026,17345,75471,[STARTED],false,true,0,0,4806376,
1431900230315,com.android.systemui.keyguard.KeyguardService,com.android.systemui,10014,930,44352,[PERSISTENT],false,false,2,2,68066,
1431900230315,openiab.StoreService,cm.aptoide.pt,10148,0,54787,[],false,true,0,0,54797,
1431900230315,ch.unige.css.services.main.CssRegistryService,ch.unige.ping:background,10149,31176,14941297,[STARTED],false,true,0,0,14941307,
1431900230315,com.google.android.finsky.billing.iab.InAppBillingService,com.android.vending,10024,19930,22044372,[],false,true,1,1,22044382,
1431900301131,com.android.bluetooth.hid.HidService,com.android.bluetooth,1002,0,49150,[],false,true,0,0,49160,
1431900301131,ch.rts.rtskit.service.audio.AudioService,ch.rts.rtsinfo,10142,2290,59429,[STARTED],false,true,0,0,59439,
1431900301131,com.cleanmaster.service.PermanentService,com.cleanmaster.mguard:service,10138,4772,94138,[STARTED],false,true,1,1,23620567,
1431900301131,com.google.android.music.dial.DialMediaRouteProviderService,com.google.android.music:main,10073,0,57202,[],false,true,0,0,57212,
1431900301131,ch.unige.css.services.PingService,ch.unige.ping,10149,1632,24046767,[STARTED],false,true,0,0,24046776,
1431900301131,com.google.android.search.core.service.BroadcastListenerService,com.google.android.googlequicksearchbox:search,10026,17345,75471,[STARTED],false,true,0,0,4806376,
1431900301131,com.android.systemui.keyguard.KeyguardService,com.android.systemui,10014,930,44352,[PERSISTENT],false,false,2,2,68066,
1431900301131,openiab.StoreService,cm.aptoide.pt,10148,0,54787,[],false,true,0,0,54797,
1431900301131,ch.unige.css.services.main.CssRegistryService,ch.unige.ping:background,10149,31176,14941297,[STARTED],false,true,0,0,14941307,
1431900301131,com.google.android.finsky.billing.iab.InAppBillingService,com.android.vending,10024,19930,22044372,[],false,true,1,1,22044382,
1431900361279,com.android.bluetooth.hid.HidService,com.android.bluetooth,1002,0,49150,[],false,true,0,0,49160,
1431900361279,ch.rts.rtskit.service.audio.AudioService,ch.rts.rtsinfo,10142,2290,59429,[STARTED],false,true,0,0,59439,
1431900361279,com.cleanmaster.service.PermanentService,com.cleanmaster.mguard:service,10138,4772,94138,[STARTED],false,true,1,1,23620567,
1431900361279,com.google.android.music.dial.DialMediaRouteProviderService,com.google.android.music:main,10073,0,57202,[],false,true,0,0,57212,
1431900361279,ch.unige.css.services.PingService,ch.unige.ping,10149,1632,24107006,[STARTED],false,true,0,0,24107016,
1431900361279,com.google.android.search.core.service.BroadcastListenerService,com.google.android.googlequicksearchbox:search,10026,17345,75471,[STARTED],false,true,0,0,4806376,
1431900361279,com.android.systemui.keyguard.KeyguardService,com.android.systemui,10014,930,44352,[PERSISTENT],false,false,2,2,68066,
1431900361279,openiab.StoreService,cm.aptoide.pt,10148,0,54787,[],false,true,0,0,54797,
1431900361279,ch.unige.css.services.main.CssRegistryService,ch.unige.ping:background,10149,31176,14941297,[STARTED],false,true,0,0,14941307,
1431900361279,com.google.android.finsky.billing.iab.InAppBillingService,com.android.vending,10024,19930,22044372,[],false,true,1,1,22044382,
1431900421442,com.android.bluetooth.hid.HidService,com.android.bluetooth,1002,0,49150,[],false,true,0,0,49160,
1431900421442,ch.rts.rtskit.service.audio.AudioService,ch.rts.rtsinfo,10142,2290,59429,[STARTED],false,true,0,0,59439,
1431900421442,com.cleanmaster.service.PermanentService,com.cleanmaster.mguard:service,10138,4772,94138,[STARTED],false,true,1,1,23620567,
1431900421442,com.google.android.music.dial.DialMediaRouteProviderService,com.google.android.music:main,10073,0,57202,[],false,true,0,0,57212,
1431900421442,ch.unige.css.services.PingService,ch.unige.ping,10149,1632,24167160,[STARTED],false,true,0,0,24167170,
1431900421442,com.google.android.search.core.service.BroadcastListenerService,com.google.android.googlequicksearchbox:search,10026,17345,75471,[STARTED],false,true,0,0,4806376,
1431900421442,com.android.systemui.keyguard.KeyguardService,com.android.systemui,10014,930,44352,[PERSISTENT],false,false,2,2,68066,
1431900421442,openiab.StoreService,cm.aptoide.pt,10148,0,54787,[],false,true,0,0,54797,
1431900421442,ch.unige.css.services.main.CssRegistryService,ch.unige.ping:background,10149,31176,14941297,[STARTED],false,true,0,0,14941307,
1431900421442,com.google.android.finsky.billing.iab.InAppBillingService,com.android.vending,10024,19930,22044372,[],false,true,1,1,22044382,
1431900481571,com.android.bluetooth.hid.HidService,com.android.bluetooth,1002,0,49150,[],false,true,0,0,49160,
1431900481571,ch.rts.rtskit.service.audio.AudioService,ch.rts.rtsinfo,10142,2290,59429,[STARTED],false,true,0,0,59439,
1431900481571,com.cleanmaster.service.PermanentService,com.cleanmaster.mguard:service,10138,4772,94138,[STARTED],false,true,1,1,23620567,
1431900481571,com.google.android.music.dial.DialMediaRouteProviderService,com.google.android.music:main,10073,0,57202,[],false,true,0,0,57212,
1431900481571,ch.unige.css.services.PingService,ch.unige.ping,10149,1632,24227316,[STARTED],false,true,0,0,24227326,
1431900481571,com.google.android.search.core.service.BroadcastListenerService,com.google.android.googlequicksearchbox:search,10026,17345,75471,[STARTED],false,true,0,0,4806376,
1431900481571,com.android.systemui.keyguard.KeyguardService,com.android.systemui,10014,930,44352,[PERSISTENT],false,false,2,2,68066,
1431900481571,openiab.StoreService,cm.aptoide.pt,10148,0,54787,[],false,true,0,0,54797,
1431900481571,ch.unige.css.services.main.CssRegistryService,ch.unige.ping:background,10149,31176,14941297,[STARTED],false,true,0,0,14941307,
1431900481571,com.google.android.finsky.billing.iab.InAppBillingService,com.android.vending,10024,19930,22044372,[],false,true,1,1,22044382,
1431900541707,com.android.bluetooth.hid.HidService,com.android.bluetooth,1002,0,49150,[],false,true,0,0,49160,
1431900541707,ch.rts.rtskit.service.audio.AudioService,ch.rts.rtsinfo,10142,2290,59429,[STARTED],false,true,0,0,59439,
1431900541707,com.cleanmaster.service.PermanentService,com.cleanmaster.mguard:service,10138,4772,94138,[STARTED],false,true,1,1,23620567,
1431900541707,com.google.android.music.dial.DialMediaRouteProviderService,com.google.android.music:main,10073,0,57202,[],false,true,0,0,57212,
1431900541707,ch.unige.css.services.PingService,ch.unige.ping,10149,1632,24287449,[STARTED],false,true,0,0,24287459,
1431900541707,com.google.android.search.core.service.BroadcastListenerService,com.google.android.googlequicksearchbox:search,10026,17345,75471,[STARTED],false,true,0,0,4806376,
1431900541707,com.android.systemui.keyguard.KeyguardService,com.android.systemui,10014,930,44352,[PERSISTENT],false,false,2,2,68066,
1431900541707,openiab.StoreService,cm.aptoide.pt,10148,0,54787,[],false,true,0,0,54797,
1431900541707,ch.unige.css.services.main.CssRegistryService,ch.unige.ping:background,10149,31176,14941297,[STARTED],false,true,0,0,14941307,
1431900541707,com.google.android.finsky.billing.iab.InAppBillingService,com.android.vending,10024,19930,22044372,[],false,true,1,1,22044382,
1431900601831,com.android.bluetooth.hid.HidService,com.android.bluetooth,1002,0,49150,[],false,true,0,0,49160,
1431900601831,ch.rts.rtskit.service.audio.AudioService,ch.rts.rtsinfo,10142,2290,59429,[STARTED],false,true,0,0,59439,
1431900601831,com.cleanmaster.service.PermanentService,com.cleanmaster.mguard:service,10138,4772,94138,[STARTED],false,true,1,1,23620567,
1431900601831,com.google.android.music.dial.DialMediaRouteProviderService,com.google.android.music:main,10073,0,57202,[],false,true,0,0,57212,
1431900601831,ch.unige.css.services.PingService,ch.unige.ping,10149,1632,24347565,[STARTED],false,true,0,0,24347575,
1431900601831,com.google.android.search.core.service.BroadcastListenerService,com.google.android.googlequicksearchbox:search,10026,17345,75471,[STARTED],false,true,0,0,4806376,
1431900601831,com.android.systemui.keyguard.KeyguardService,com.android.systemui,10014,930,44352,[PERSISTENT],false,false,2,2,68066,
1431900601831,openiab.StoreService,cm.aptoide.pt,10148,0,54787,[],false,true,0,0,54797,
1431900601831,ch.unige.css.services.main.CssRegistryService,ch.unige.ping:background,10149,31176,14941297,[STARTED],false,true,0,0,14941307,
1431900601831,com.google.android.finsky.billing.iab.InAppBillingService,com.android.vending,10024,19930,22044372,[],false,true,1,1,22044382,
1431900661979,com.android.bluetooth.hid.HidService,com.android.bluetooth,1002,0,49150,[],false,true,0,0,49160,
1431900661979,ch.rts.rtskit.service.audio.AudioService,ch.rts.rtsinfo,10142,2290,59429,[STARTED],false,true,0,0,59439,
1431900661979,com.cleanmaster.service.PermanentService,com.cleanmaster.mguard:service,10138,4772,94138,[STARTED],false,true,1,1,23620567,
1431900661979,com.google.android.music.dial.DialMediaRouteProviderService,com.google.android.music:main,10073,0,57202,[],false,true,0,0,57212,
1431900661979,ch.unige.css.services.PingService,ch.unige.ping,10149,1632,24407707,[STARTED],false,true,0,0,24407717,
1431900661979,com.google.android.search.core.service.BroadcastListenerService,com.google.android.googlequicksearchbox:search,10026,17345,75471,[STARTED],false,true,0,0,4806376,
1431900661979,com.android.systemui.keyguard.KeyguardService,com.android.systemui,10014,930,44352,[PERSISTENT],false,false,2,2,68066,
1431900661979,openiab.StoreService,cm.aptoide.pt,10148,0,54787,[],false,true,0,0,54797,
1431900661979,ch.unige.css.services.main.CssRegistryService,ch.unige.ping:background,10149,31176,14941297,[STARTED],false,true,0,0,14941307,
1431900661979,com.google.android.finsky.billing.iab.InAppBillingService,com.android.vending,10024,19930,22044372,[],false,true,1,1,22044382,
1431900722190,com.android.bluetooth.hid.HidService,com.android.bluetooth,1002,0,49150,[],false,true,0,0,49160,
1431900722190,ch.rts.rtskit.service.audio.AudioService,ch.rts.rtsinfo,10142,2290,59429,[STARTED],false,true,0,0,59439,
1431900722190,com.cleanmaster.service.PermanentService,com.cleanmaster.mguard:service,10138,4772,94138,[STARTED],false,true,1,1,23620567,
1431900722190,com.google.android.music.dial.DialMediaRouteProviderService,com.google.android.music:main,10073,0,57202,[],false,true,0,0,57212,
1431900722190,ch.unige.css.services.PingService,ch.unige.ping,10149,1632,24467986,[STARTED],false,true,0,0,24467995,
1431900722190,com.google.android.search.core.service.BroadcastListenerService,com.google.android.googlequicksearchbox:search,10026,17345,75471,[STARTED],false,true,0,0,4806376,
1431900722190,com.android.systemui.keyguard.KeyguardService,com.android.systemui,10014,930,44352,[PERSISTENT],false,false,2,2,68066,
1431900722190,openiab.StoreService,cm.aptoide.pt,10148,0,54787,[],false,true,0,0,54797,
1431900722190,ch.unige.css.services.main.CssRegistryService,ch.unige.ping:background,10149,31176,14941297,[STARTED],false,true,0,0,14941307,
1431900722190,com.google.android.finsky.billing.iab.InAppBillingService,com.android.vending,10024,19930,22044372,[],false,true,1,1,22044382,
1431900782367,com.android.bluetooth.hid.HidService,com.android.bluetooth,1002,0,49150,[],false,true,0,0,49160,
1431900782367,ch.rts.rtskit.service.audio.AudioService,ch.rts.rtsinfo,10142,2290,59429,[STARTED],false,true,0,0,59439,
1431900782367,com.cleanmaster.service.PermanentService,com.cleanmaster.mguard:service,10138,4772,94138,[STARTED],false,true,1,1,23620567,
1431900782367,com.google.android.music.dial.DialMediaRouteProviderService,com.google.android.music:main,10073,0,57202,[],false,true,0,0,57212,
1431900782367,ch.unige.css.services.PingService,ch.unige.ping,10149,1632,24528092,[STARTED],false,true,0,0,24528102,
1431900782367,com.google.android.search.core.service.BroadcastListenerService,com.google.android.googlequicksearchbox:search,10026,17345,75471,[STARTED],false,true,0,0,4806376,
1431900782367,com.android.systemui.keyguard.KeyguardService,com.android.systemui,10014,930,44352,[PERSISTENT],false,false,2,2,68066,
1431900782367,openiab.StoreService,cm.aptoide.pt,10148,0,54787,[],false,true,0,0,54797,
1431900782367,ch.unige.css.services.main.CssRegistryService,ch.unige.ping:background,10149,31176,14941297,[STARTED],false,true,0,0,14941307,
1431900782367,com.google.android.finsky.billing.iab.InAppBillingService,com.android.vending,10024,19930,22044372,[],false,true,1,1,22044382,
1431900842477,com.android.bluetooth.hid.HidService,com.android.bluetooth,1002,0,49150,[],false,true,0,0,49160,
1431900842477,ch.rts.rtskit.service.audio.AudioService,ch.rts.rtsinfo,10142,2290,59429,[STARTED],false,true,0,0,59439,
1431900842477,com.cleanmaster.service.PermanentService,com.cleanmaster.mguard:service,10138,4772,94138,[STARTED],false,true,1,1,23620567,
1431900842477,com.google.android.music.dial.DialMediaRouteProviderService,com.google.android.music:main,10073,0,57202,[],false,true,0,0,57212,
1431900842477,ch.unige.css.services.PingService,ch.unige.ping,10149,1632,24588216,[STARTED],false,true,0,0,24588226,
1431900842477,com.google.android.search.core.service.BroadcastListenerService,com.google.android.googlequicksearchbox:search,10026,17345,75471,[STARTED],false,true,0,0,4806376,
1431900842477,com.android.systemui.keyguard.KeyguardService,com.android.systemui,10014,930,44352,[PERSISTENT],false,false,2,2,68066,
1431900842477,openiab.StoreService,cm.aptoide.pt,10148,0,54787,[],false,true,0,0,54797,
1431900842477,ch.unige.css.services.main.CssRegistryService,ch.unige.ping:background,10149,31176,14941297,[STARTED],false,true,0,0,14941307,
1431900842477,com.google.android.finsky.billing.iab.InAppBillingService,com.android.vending,10024,19930,22044372,[],false,true,1,1,22044382,
1431900902627,com.android.bluetooth.hid.HidService,com.android.bluetooth,1002,0,49150,[],false,true,0,0,49160,
1431900902627,ch.rts.rtskit.service.audio.AudioService,ch.rts.rtsinfo,10142,2290,59429,[STARTED],false,true,0,0,59439,
1431900902627,com.cleanmaster.service.PermanentService,com.cleanmaster.mguard:service,10138,4772,94138,[STARTED],false,true,1,1,23620567,
1431900902627,com.google.android.music.dial.DialMediaRouteProviderService,com.google.android.music:main,10073,0,57202,[],false,true,0,0,57212,
1431900902627,ch.unige.css.services.PingService,ch.unige.ping,10149,1632,24648350,[STARTED],false,true,0,0,24648360,
1431900902627,com.google.android.search.core.service.BroadcastListenerService,com.google.android.googlequicksearchbox:search,10026,17345,75471,[STARTED],false,true,0,0,4806376,
1431900902627,com.android.systemui.keyguard.KeyguardService,com.android.systemui,10014,930,44352,[PERSISTENT],false,false,2,2,68066,
1431900902627,openiab.StoreService,cm.aptoide.pt,10148,0,54787,[],false,true,0,0,54797,
1431900902627,ch.unige.css.services.main.CssRegistryService,ch.unige.ping:background,10149,31176,14941297,[STARTED],false,true,0,0,14941307,
1431900902627,com.google.android.finsky.billing.iab.InAppBillingService,com.android.vending,10024,19930,22044372,[],false,true,1,1,22044382,
1431900962772,com.android.bluetooth.hid.HidService,com.android.bluetooth,1002,0,49150,[],false,true,0,0,49160,
1431900962772,ch.rts.rtskit.service.audio.AudioService,ch.rts.rtsinfo,10142,2290,59429,[STARTED],false,true,0,0,59439,
1431900962772,com.cleanmaster.service.PermanentService,com.cleanmaster.mguard:service,10138,4772,94138,[STARTED],false,true,1,1,23620567,
1431900962772,com.google.android.music.dial.DialMediaRouteProviderService,com.google.android.music:main,10073,0,57202,[],false,true,0,0,57212,
1431900962772,ch.unige.css.services.PingService,ch.unige.ping,10149,1632,24708500,[STARTED],false,true,0,0,24708510,
1431900962772,com.google.android.search.core.service.BroadcastListenerService,com.google.android.googlequicksearchbox:search,10026,17345,75471,[STARTED],false,true,0,0,4806376,
1431900962772,com.android.systemui.keyguard.KeyguardService,com.android.systemui,10014,930,44352,[PERSISTENT],false,false,2,2,68066,
1431900962772,openiab.StoreService,cm.aptoide.pt,10148,0,54787,[],false,true,0,0,54797,
1431900962772,ch.unige.css.services.main.CssRegistryService,ch.unige.ping:background,10149,31176,14941297,[STARTED],false,true,0,0,14941307,
1431900962772,com.google.android.finsky.billing.iab.InAppBillingService,com.android.vending,10024,19930,22044372,[],false,true,1,1,22044382,
1431901022930,com.android.bluetooth.hid.HidService,com.android.bluetooth,1002,0,49150,[],false,true,0,0,49160,
1431901022930,ch.rts.rtskit.service.audio.AudioService,ch.rts.rtsinfo,10142,2290,59429,[STARTED],false,true,0,0,59439,
1431901022930,com.cleanmaster.service.PermanentService,com.cleanmaster.mguard:service,10138,4772,94138,[STARTED],false,true,1,1,23620567,
1431901022930,com.google.android.music.dial.DialMediaRouteProviderService,com.google.android.music:main,10073,0,57202,[],false,true,0,0,57212,
1431901022930,ch.unige.css.services.PingService,ch.unige.ping,10149,1632,24768660,[STARTED],false,true,0,0,24768669,
1431901022930,com.google.android.search.core.service.BroadcastListenerService,com.google.android.googlequicksearchbox:search,10026,17345,75471,[STARTED],false,true,0,0,4806376,
1431901022930,com.android.systemui.keyguard.KeyguardService,com.android.systemui,10014,930,44352,[PERSISTENT],false,false,2,2,68066,
1431901022930,openiab.StoreService,cm.aptoide.pt,10148,0,54787,[],false,true,0,0,54797,
1431901022930,ch.unige.css.services.main.CssRegistryService,ch.unige.ping:background,10149,31176,14941297,[STARTED],false,true,0,0,14941307,
1431901022930,com.google.android.finsky.billing.iab.InAppBillingService,com.android.vending,10024,19930,22044372,[],false,true,1,1,22044382,
1431901102758,com.android.bluetooth.hid.HidService,com.android.bluetooth,1002,0,49150,[],false,true,0,0,49160,
1431901102758,ch.rts.rtskit.service.audio.AudioService,ch.rts.rtsinfo,10142,2290,59429,[STARTED],false,true,0,0,59439,
1431901102758,com.cleanmaster.service.PermanentService,com.cleanmaster.mguard:service,10138,4772,94138,[STARTED],false,true,1,1,23620567,
1431901102758,com.google.android.music.dial.DialMediaRouteProviderService,com.google.android.music:main,10073,0,57202,[],false,true,0,0,57212,
1431901102758,ch.unige.css.services.PingService,ch.unige.ping,10149,1632,24848462,[STARTED],false,true,0,0,24848472,
1431901102758,com.google.android.search.core.service.BroadcastListenerService,com.google.android.googlequicksearchbox:search,10026,17345,75471,[STARTED],false,true,0,0,4806376,
1431901102758,com.android.systemui.keyguard.KeyguardService,com.android.systemui,10014,930,44352,[PERSISTENT],false,false,2,2,68066,
1431901102758,openiab.StoreService,cm.aptoide.pt,10148,0,54787,[],false,true,0,0,54797,
1431901102758,ch.unige.css.services.main.CssRegistryService,ch.unige.ping:background,10149,31176,14941297,[STARTED],false,true,0,0,14941307,
1431901102758,com.google.android.finsky.billing.iab.InAppBillingService,com.android.vending,10024,19930,22044372,[],false,true,1,1,22044382,
1431901162979,com.android.bluetooth.hid.HidService,com.android.bluetooth,1002,0,49150,[],false,true,0,0,49160,
1431901162979,ch.rts.rtskit.service.audio.AudioService,ch.rts.rtsinfo,10142,2290,59429,[STARTED],false,true,0,0,59439,
1431901162979,com.cleanmaster.service.PermanentService,com.cleanmaster.mguard:service,10138,4772,94138,[STARTED],false,true,1,1,23620567,
1431901162979,com.google.android.music.dial.DialMediaRouteProviderService,com.google.android.music:main,10073,0,57202,[],false,true,0,0,57212,
1431901162979,ch.unige.css.services.PingService,ch.unige.ping,10149,1632,24908747,[STARTED],false,true,0,0,24908757,
1431901162979,com.google.android.search.core.service.BroadcastListenerService,com.google.android.googlequicksearchbox:search,10026,17345,75471,[STARTED],false,true,0,0,4806376,
1431901162979,com.android.systemui.keyguard.KeyguardService,com.android.systemui,10014,930,44352,[PERSISTENT],false,false,2,2,68066,
1431901162979,openiab.StoreService,cm.aptoide.pt,10148,0,54787,[],false,true,0,0,54797,
1431901162979,ch.unige.css.services.main.CssRegistryService,ch.unige.ping:background,10149,31176,14941297,[STARTED],false,true,0,0,14941307,
1431901162979,com.google.android.finsky.billing.iab.InAppBillingService,com.android.vending,10024,19930,22044372,[],false,true,1,1,22044382,
1431901223190,com.android.bluetooth.hid.HidService,com.android.bluetooth,1002,0,49150,[],false,true,0,0,49160,
1431901223190,ch.rts.rtskit.service.audio.AudioService,ch.rts.rtsinfo,10142,2290,59429,[STARTED],false,true,0,0,59439,
1431901223190,com.cleanmaster.service.PermanentService,com.cleanmaster.mguard:service,10138,4772,94138,[STARTED],false,true,1,1,23620567,
1431901223190,com.google.android.music.dial.DialMediaRouteProviderService,com.google.android.music:main,10073,0,57202,[],false,true,0,0,57212,
1431901223190,ch.unige.css.services.PingService,ch.unige.ping,10149,1632,24968904,[STARTED],false,true,0,0,24968914,
1431901223190,com.google.android.search.core.service.BroadcastListenerService,com.google.android.googlequicksearchbox:search,10026,17345,75471,[STARTED],false,true,0,0,4806376,
1431901223190,com.android.systemui.keyguard.KeyguardService,com.android.systemui,10014,930,44352,[PERSISTENT],false,false,2,2,68066,
1431901223190,openiab.StoreService,cm.aptoide.pt,10148,0,54787,[],false,true,0,0,54797,
1431901223190,ch.unige.css.services.main.CssRegistryService,ch.unige.ping:background,10149,31176,14941297,[STARTED],false,true,0,0,14941307,
1431901223190,com.google.android.finsky.billing.iab.InAppBillingService,com.android.vending,10024,19930,22044372,[],false,true,1,1,22044382,
1431901283235,com.android.bluetooth.hid.HidService,com.android.bluetooth,1002,0,49150,[],false,true,0,0,49160,
1431901283235,ch.rts.rtskit.service.audio.AudioService,ch.rts.rtsinfo,10142,2290,59429,[STARTED],false,true,0,0,59439,
1431901283235,com.cleanmaster.service.PermanentService,com.cleanmaster.mguard:service,10138,4772,94138,[STARTED],false,true,1,1,25024995,
1431901283235,com.google.android.music.dial.DialMediaRouteProviderService,com.google.android.music:main,10073,0,57202,[],false,true,0,0,57212,
1431901283235,ch.unige.css.services.PingService,ch.unige.ping,10149,1632,25028956,[STARTED],false,true,0,0,25028966,
1431901283235,com.google.android.search.core.service.BroadcastListenerService,com.google.android.googlequicksearchbox:search,10026,17345,75471,[STARTED],false,true,0,0,4806376,
1431901283235,com.android.systemui.keyguard.KeyguardService,com.android.systemui,10014,930,44352,[PERSISTENT],false,false,2,2,68066,
1431901283235,openiab.StoreService,cm.aptoide.pt,10148,0,54787,[],false,true,0,0,54797,
1431901283235,ch.unige.css.services.main.CssRegistryService,ch.unige.ping:background,10149,31176,14941297,[STARTED],false,true,0,0,14941307,
1431901283235,com.google.android.finsky.billing.iab.InAppBillingService,com.android.vending,10024,19930,22044372,[],false,true,1,1,22044382,
1431901343302,com.android.bluetooth.hid.HidService,com.android.bluetooth,1002,0,49150,[],false,true,0,0,49160,
1431901343302,ch.rts.rtskit.service.audio.AudioService,ch.rts.rtsinfo,10142,2290,59429,[STARTED],false,true,0,0,59439,
1431901343302,com.cleanmaster.service.PermanentService,com.cleanmaster.mguard:service,10138,4772,94138,[STARTED],false,true,1,1,25042696,
1431901343302,com.google.android.music.dial.DialMediaRouteProviderService,com.google.android.music:main,10073,0,57202,[],false,true,0,0,57212,
1431901343302,ch.unige.css.services.PingService,ch.unige.ping,10149,1632,25088991,[STARTED],false,true,0,0,25089001,
1431901343302,com.google.android.search.core.service.BroadcastListenerService,com.google.android.googlequicksearchbox:search,10026,17345,75471,[STARTED],false,true,0,0,4806376,
1431901343302,com.android.systemui.keyguard.KeyguardService,com.android.systemui,10014,930,44352,[PERSISTENT],false,false,2,2,68066,
1431901343302,openiab.StoreService,cm.aptoide.pt,10148,0,54787,[],false,true,0,0,54797,
1431901343302,ch.unige.css.services.main.CssRegistryService,ch.unige.ping:background,10149,31176,14941297,[STARTED],false,true,0,0,14941307,
1431901343302,com.google.android.finsky.billing.iab.InAppBillingService,com.android.vending,10024,19930,22044372,[],false,true,1,1,22044382,
1431901403561,com.android.bluetooth.hid.HidService,com.android.bluetooth,1002,0,49150,[],false,true,0,0,49160,
1431901403561,ch.rts.rtskit.service.audio.AudioService,ch.rts.rtsinfo,10142,2290,59429,[STARTED],false,true,0,0,59439,
1431901403561,com.cleanmaster.service.PermanentService,com.cleanmaster.mguard:service,10138,4772,94138,[STARTED],false,true,1,1,25042696,
1431901403561,com.google.android.music.dial.DialMediaRouteProviderService,com.google.android.music:main,10073,0,57202,[],false,true,0,0,57212,
1431901403561,ch.unige.css.services.PingService,ch.unige.ping,10149,1632,25149302,[STARTED],false,true,0,0,25149312,
1431901403561,com.google.android.search.core.service.BroadcastListenerService,com.google.android.googlequicksearchbox:search,10026,17345,75471,[STARTED],false,true,0,0,4806376,
1431901403561,com.android.systemui.keyguard.KeyguardService,com.android.systemui,10014,930,44352,[PERSISTENT],false,false,2,2,68066,
1431901403561,openiab.StoreService,cm.aptoide.pt,10148,0,54787,[],false,true,0,0,54797,
1431901403561,ch.unige.css.services.main.CssRegistryService,ch.unige.ping:background,10149,31176,14941297,[STARTED],false,true,0,0,14941307,
1431901403561,com.google.android.finsky.billing.iab.InAppBillingService,com.android.vending,10024,19930,22044372,[],false,true,1,1,22044382,
1431901463732,com.android.bluetooth.hid.HidService,com.android.bluetooth,1002,0,49150,[],false,true,0,0,49160,
1431901463732,ch.rts.rtskit.service.audio.AudioService,ch.rts.rtsinfo,10142,2290,59429,[STARTED],false,true,0,0,59439,
1431901463732,com.cleanmaster.service.PermanentService,com.cleanmaster.mguard:service,10138,4772,94138,[STARTED],false,true,1,1,25188514,
1431901463732,com.google.android.music.dial.DialMediaRouteProviderService,com.google.android.music:main,10073,0,57202,[],false,true,0,0,57212,
1431901463732,ch.unige.css.services.PingService,ch.unige.ping,10149,1632,25209404,[STARTED],false,true,0,0,25209414,
1431901463732,com.google.android.search.core.service.BroadcastListenerService,com.google.android.googlequicksearchbox:search,10026,17345,75471,[STARTED],false,true,0,0,4806376,
1431901463732,com.android.systemui.keyguard.KeyguardService,com.android.systemui,10014,930,44352,[PERSISTENT],false,false,2,2,68066,
1431901463732,openiab.StoreService,cm.aptoide.pt,10148,0,54787,[],false,true,0,0,54797,
1431901463732,ch.unige.css.services.main.CssRegistryService,ch.unige.ping:background,10149,31176,14941297,[STARTED],false,true,0,0,14941307,
1431901463732,com.google.android.finsky.billing.iab.InAppBillingService,com.android.vending,10024,19930,22044372,[],false,true,1,1,22044382,
1431901523826,com.android.bluetooth.hid.HidService,com.android.bluetooth,1002,0,49150,[],false,true,0,0,49160,
1431901523826,ch.rts.rtskit.service.audio.AudioService,ch.rts.rtsinfo,10142,2290,59429,[STARTED],false,true,0,0,59439,
1431901523826,com.cleanmaster.service.PermanentService,com.cleanmaster.mguard:service,10138,4772,94138,[STARTED],false,true,1,1,25269192,
1431901523826,com.google.android.music.dial.DialMediaRouteProviderService,com.google.android.music:main,10073,0,57202,[],false,true,0,0,57212,
1431901523826,ch.unige.css.services.PingService,ch.unige.ping,10149,1632,25269606,[STARTED],false,true,0,0,25269616,
1431901523826,com.google.android.search.core.service.BroadcastListenerService,com.google.android.googlequicksearchbox:search,10026,17345,75471,[STARTED],false,true,0,0,4806376,
1431901523826,com.android.systemui.keyguard.KeyguardService,com.android.systemui,10014,930,44352,[PERSISTENT],false,false,2,2,68066,
1431901523826,openiab.StoreService,cm.aptoide.pt,10148,0,54787,[],false,true,0,0,54797,
1431901523826,ch.unige.css.services.main.CssRegistryService,ch.unige.ping:background,10149,31176,14941297,[STARTED],false,true,0,0,14941307,
1431901523826,com.google.android.finsky.billing.iab.InAppBillingService,com.android.vending,10024,19930,22044372,[],false,true,1,1,22044382,
1431901583881,com.android.bluetooth.hid.HidService,com.android.bluetooth,1002,0,49150,[],false,true,0,0,49160,
1431901583881,ch.rts.rtskit.service.audio.AudioService,ch.rts.rtsinfo,10142,2290,59429,[STARTED],false,true,0,0,59439,
1431901583881,com.cleanmaster.service.PermanentService,com.cleanmaster.mguard:service,10138,4772,94138,[STARTED],false,true,1,1,25324255,
1431901583881,com.google.android.music.dial.DialMediaRouteProviderService,com.google.android.music:main,10073,0,57202,[],false,true,0,0,57212,
1431901583881,ch.unige.css.services.PingService,ch.unige.ping,10149,1632,25329671,[STARTED],false,true,0,0,25329681,
1431901583881,com.google.android.search.core.service.BroadcastListenerService,com.google.android.googlequicksearchbox:search,10026,17345,75471,[STARTED],false,true,0,0,4806376,
1431901583881,com.android.systemui.keyguard.KeyguardService,com.android.systemui,10014,930,44352,[PERSISTENT],false,false,2,2,68066,
1431901583881,openiab.StoreService,cm.aptoide.pt,10148,0,54787,[],false,true,0,0,54797,
1431901583881,ch.unige.css.services.main.CssRegistryService,ch.unige.ping:background,10149,31176,14941297,[STARTED],false,true,0,0,14941307,
1431901583881,com.google.android.finsky.billing.iab.InAppBillingService,com.android.vending,10024,19930,22044372,[],false,true,1,1,22044382,
1431901644293,com.android.bluetooth.hid.HidService,com.android.bluetooth,1002,0,49150,[],false,true,0,0,49160,
1431901644293,ch.rts.rtskit.service.audio.AudioService,ch.rts.rtsinfo,10142,2290,59429,[STARTED],false,true,0,0,59439,
1431901644293,com.cleanmaster.service.PermanentService,com.cleanmaster.mguard:service,10138,4772,94138,[STARTED],false,true,1,1,25324255,
1431901644293,com.google.android.music.dial.DialMediaRouteProviderService,com.google.android.music:main,10073,0,57202,[],false,true,0,0,57212,
1431901644293,ch.unige.css.services.PingService,ch.unige.ping,10149,1632,25389708,[STARTED],false,true,0,0,25389718,
1431901644293,com.google.android.search.core.service.BroadcastListenerService,com.google.android.googlequicksearchbox:search,10026,17345,75471,[STARTED],false,true,0,0,4806376,
1431901644293,com.android.systemui.keyguard.KeyguardService,com.android.systemui,10014,930,44352,[PERSISTENT],false,false,2,2,68066,
1431901644293,openiab.StoreService,cm.aptoide.pt,10148,0,54787,[],false,true,0,0,54797,
1431901644293,ch.unige.css.services.main.CssRegistryService,ch.unige.ping:background,10149,31176,14941297,[STARTED],false,true,0,0,14941307,
1431901644293,com.google.android.finsky.billing.iab.InAppBillingService,com.android.vending,10024,19930,22044372,[],false,true,1,1,22044382,
1431901704311,com.android.bluetooth.hid.HidService,com.android.bluetooth,1002,0,49150,[],false,true,0,0,49160,
1431901704311,ch.rts.rtskit.service.audio.AudioService,ch.rts.rtsinfo,10142,2290,59429,[STARTED],false,true,0,0,59439,
1431901704311,com.cleanmaster.service.PermanentService,com.cleanmaster.mguard:service,10138,4772,94138,[STARTED],false,true,1,1,25324255,
1431901704311,com.google.android.music.dial.DialMediaRouteProviderService,com.google.android.music:main,10073,0,57202,[],false,true,0,0,57212,
1431901704311,ch.unige.css.services.PingService,ch.unige.ping,10149,1632,25449729,[STARTED],false,true,0,0,25449739,
1431901704311,com.google.android.search.core.service.BroadcastListenerService,com.google.android.googlequicksearchbox:search,10026,17345,75471,[STARTED],false,true,0,0,4806376,
1431901704311,com.android.systemui.keyguard.KeyguardService,com.android.systemui,10014,930,44352,[PERSISTENT],false,false,2,2,68066,
1431901704311,openiab.StoreService,cm.aptoide.pt,10148,0,54787,[],false,true,0,0,54797,
1431901704311,ch.unige.css.services.main.CssRegistryService,ch.unige.ping:background,10149,31176,14941297,[STARTED],false,true,0,0,14941307,
1431901704311,com.google.android.finsky.billing.iab.InAppBillingService,com.android.vending,10024,19930,22044372,[],false,true,1,1,22044382,
1431901764364,com.android.bluetooth.hid.HidService,com.android.bluetooth,1002,0,49150,[],false,true,0,0,49160,
1431901764364,ch.rts.rtskit.service.audio.AudioService,ch.rts.rtsinfo,10142,2290,59429,[STARTED],false,true,0,0,59439,
1431901764364,com.cleanmaster.service.PermanentService,com.cleanmaster.mguard:service,10138,4772,94138,[STARTED],false,true,1,1,25453511,
1431901764364,com.google.android.music.dial.DialMediaRouteProviderService,com.google.android.music:main,10073,0,57202,[],false,true,0,0,57212,
1431901764364,ch.unige.css.services.PingService,ch.unige.ping,10149,1632,25509784,[STARTED],false,true,0,0,25509794,
1431901764364,com.google.android.search.core.service.BroadcastListenerService,com.google.android.googlequicksearchbox:search,10026,17345,75471,[STARTED],false,true,0,0,4806376,
1431901764364,com.android.systemui.keyguard.KeyguardService,com.android.systemui,10014,930,44352,[PERSISTENT],false,false,2,2,68066,
1431901764364,openiab.StoreService,cm.aptoide.pt,10148,0,54787,[],false,true,0,0,54797,
1431901764364,ch.unige.css.services.main.CssRegistryService,ch.unige.ping:background,10149,31176,14941297,[STARTED],false,true,0,0,14941307,
1431901764364,com.google.android.finsky.billing.iab.InAppBillingService,com.android.vending,10024,19930,22044372,[],false,true,1,1,22044382,
1431901826654,com.android.bluetooth.hid.HidService,com.android.bluetooth,1002,0,49150,[],false,true,0,0,49160,
1431901826654,ch.rts.rtskit.service.audio.AudioService,ch.rts.rtsinfo,10142,2290,59429,[STARTED],false,true,0,0,59439,
1431901826654,com.cleanmaster.service.PermanentService,com.cleanmaster.mguard:service,10138,4772,94138,[STARTED],false,true,1,1,25453511,
1431901826654,com.google.android.music.dial.DialMediaRouteProviderService,com.google.android.music:main,10073,0,57202,[],false,true,0,0,57212,
1431901826654,ch.unige.css.services.PingService,ch.unige.ping,10149,1632,25572049,[STARTED],false,true,0,0,25572059,
1431901826654,com.google.android.search.core.service.BroadcastListenerService,com.google.android.googlequicksearchbox:search,10026,17345,75471,[STARTED],false,true,0,0,4806376,
1431901826654,com.android.systemui.keyguard.KeyguardService,com.android.systemui,10014,930,44352,[PERSISTENT],false,false,2,2,68066,
1431901826654,openiab.StoreService,cm.aptoide.pt,10148,0,54787,[],false,true,0,0,54797,
1431901826654,ch.unige.css.services.main.CssRegistryService,ch.unige.ping:background,10149,31176,14941297,[STARTED],false,true,0,0,14941307,
1431901826654,com.google.android.finsky.billing.iab.InAppBillingService,com.android.vending,10024,19930,22044372,[],false,true,1,1,22044382,
1431901886807,com.android.bluetooth.hid.HidService,com.android.bluetooth,1002,0,49150,[],false,true,0,0,49160,
1431901886807,ch.rts.rtskit.service.audio.AudioService,ch.rts.rtsinfo,10142,2290,59429,[STARTED],false,true,0,0,59439,
1431901886807,com.cleanmaster.service.PermanentService,com.cleanmaster.mguard:service,10138,4772,94138,[STARTED],false,true,1,1,25453511,
1431901886807,com.google.android.music.dial.DialMediaRouteProviderService,com.google.android.music:main,10073,0,57202,[],false,true,0,0,57212,
1431901886807,ch.unige.css.services.PingService,ch.unige.ping,10149,1632,25632165,[STARTED],false,true,0,0,25632175,
1431901886807,com.google.android.search.core.service.BroadcastListenerService,com.google.android.googlequicksearchbox:search,10026,17345,75471,[STARTED],false,true,0,0,4806376,
1431901886807,com.android.systemui.keyguard.KeyguardService,com.android.systemui,10014,930,44352,[PERSISTENT],false,false,2,2,68066,
1431901886807,openiab.StoreService,cm.aptoide.pt,10148,0,54787,[],false,true,0,0,54797,
1431901886807,ch.unige.css.services.main.CssRegistryService,ch.unige.ping:background,10149,31176,14941297,[STARTED],false,true,0,0,14941307,
1431901886807,com.google.android.finsky.billing.iab.InAppBillingService,com.android.vending,10024,19930,22044372,[],false,true,1,1,22044382,
1431901946829,com.android.bluetooth.hid.HidService,com.android.bluetooth,1002,0,49150,[],false,true,0,0,49160,
1431901946829,ch.rts.rtskit.service.audio.AudioService,ch.rts.rtsinfo,10142,2290,59429,[STARTED],false,true,0,0,59439,
1431901946829,com.cleanmaster.service.PermanentService,com.cleanmaster.mguard:service,10138,4772,94138,[STARTED],false,true,1,1,25453511,
1431901946829,com.google.android.music.dial.DialMediaRouteProviderService,com.google.android.music:main,10073,0,57202,[],false,true,0,0,57212,
1431901946829,ch.unige.css.services.PingService,ch.unige.ping,10149,1632,25692201,[STARTED],false,true,0,0,25692211,
1431901946829,com.google.android.search.core.service.BroadcastListenerService,com.google.android.googlequicksearchbox:search,10026,17345,75471,[STARTED],false,true,0,0,4806376,
1431901946829,com.android.systemui.keyguard.KeyguardService,com.android.systemui,10014,930,44352,[PERSISTENT],false,false,2,2,68066,
1431901946829,openiab.StoreService,cm.aptoide.pt,10148,0,54787,[],false,true,0,0,54797,
1431901946829,ch.unige.css.services.main.CssRegistryService,ch.unige.ping:background,10149,31176,14941297,[STARTED],false,true,0,0,14941307,
1431901946829,com.google.android.finsky.billing.iab.InAppBillingService,com.android.vending,10024,19930,22044372,[],false,true,1,1,22044382,
1431902007064,com.android.bluetooth.hid.HidService,com.android.bluetooth,1002,0,49150,[],false,true,0,0,49160,
1431902007064,ch.rts.rtskit.service.audio.AudioService,ch.rts.rtsinfo,10142,2290,59429,[STARTED],false,true,0,0,59439,
1431902007064,com.cleanmaster.service.PermanentService,com.cleanmaster.mguard:service,10138,4772,94138,[STARTED],false,true,1,1,25453511,
1431902007064,com.google.android.music.dial.DialMediaRouteProviderService,com.google.android.music:main,10073,0,57202,[],false,true,0,0,57212,
1431902007064,ch.unige.css.services.PingService,ch.unige.ping,10149,1632,25752351,[STARTED],false,true,0,0,25752361,
1431902007064,com.google.android.search.core.service.BroadcastListenerService,com.google.android.googlequicksearchbox:search,10026,17345,75471,[STARTED],false,true,0,0,4806376,
1431902007064,com.android.systemui.keyguard.KeyguardService,com.android.systemui,10014,930,44352,[PERSISTENT],false,false,2,2,68066,
1431902007064,openiab.StoreService,cm.aptoide.pt,10148,0,54787,[],false,true,0,0,54797,
1431902007064,ch.unige.css.services.main.CssRegistryService,ch.unige.ping:background,10149,31176,14941297,[STARTED],false,true,0,0,14941307,
1431902007064,com.google.android.finsky.billing.iab.InAppBillingService,com.android.vending,10024,19930,22044372,[],false,true,1,1,22044382,
1431902066911,com.android.bluetooth.hid.HidService,com.android.bluetooth,1002,0,49150,[],false,true,0,0,49160,
1431902066911,ch.rts.rtskit.service.audio.AudioService,ch.rts.rtsinfo,10142,2290,59429,[STARTED],false,true,0,0,59439,
1431902066911,com.cleanmaster.service.PermanentService,com.cleanmaster.mguard:service,10138,4772,94138,[STARTED],false,true,1,1,25453511,
1431902066911,com.google.android.music.dial.DialMediaRouteProviderService,com.google.android.music:main,10073,0,57202,[],false,true,0,0,57212,
1431902066911,ch.unige.css.services.PingService,ch.unige.ping,10149,1632,25812363,[STARTED],false,true,0,0,25812373,
1431902066911,com.google.android.search.core.service.BroadcastListenerService,com.google.android.googlequicksearchbox:search,10026,17345,75471,[STARTED],false,true,0,0,4806376,
1431902066911,com.android.systemui.keyguard.KeyguardService,com.android.systemui,10014,930,44352,[PERSISTENT],false,false,2,2,68066,
1431902066911,openiab.StoreService,cm.aptoide.pt,10148,0,54787,[],false,true,0,0,54797,
1431902066911,ch.unige.css.services.main.CssRegistryService,ch.unige.ping:background,10149,31176,14941297,[STARTED],false,true,0,0,14941307,
1431902066911,com.google.android.finsky.billing.iab.InAppBillingService,com.android.vending,10024,19930,22044372,[],false,true,1,1,22044382,
1431902127203,com.android.bluetooth.hid.HidService,com.android.bluetooth,1002,0,49150,[],false,true,0,0,49160,
1431902127203,ch.rts.rtskit.service.audio.AudioService,ch.rts.rtsinfo,10142,2290,59429,[STARTED],false,true,0,0,59439,
1431902127203,com.cleanmaster.service.PermanentService,com.cleanmaster.mguard:service,10138,4772,94138,[STARTED],false,true,1,1,25453511,
1431902127203,com.google.android.music.dial.DialMediaRouteProviderService,com.google.android.music:main,10073,0,57202,[],false,true,0,0,57212,
1431902127203,ch.unige.css.services.PingService,ch.unige.ping,10149,1632,25872604,[STARTED],false,true,0,0,25872614,
1431902127203,com.google.android.search.core.service.BroadcastListenerService,com.google.android.googlequicksearchbox:search,10026,17345,75471,[STARTED],false,true,0,0,4806376,
1431902127203,com.android.systemui.keyguard.KeyguardService,com.android.systemui,10014,930,44352,[PERSISTENT],false,false,2,2,68066,
1431902127203,openiab.StoreService,cm.aptoide.pt,10148,0,54787,[],false,true,0,0,54797,
1431902127203,ch.unige.css.services.main.CssRegistryService,ch.unige.ping:background,10149,31176,14941297,[STARTED],false,true,0,0,14941307,
1431902127203,com.google.android.finsky.billing.iab.InAppBillingService,com.android.vending,10024,19930,22044372,[],false,true,1,1,22044382,
1431902187309,com.android.bluetooth.hid.HidService,com.android.bluetooth,1002,0,49150,[],false,true,0,0,49160,
1431902187309,ch.rts.rtskit.service.audio.AudioService,ch.rts.rtsinfo,10142,2290,59429,[STARTED],false,true,0,0,59439,
1431902187309,com.cleanmaster.service.PermanentService,com.cleanmaster.mguard:service,10138,4772,94138,[STARTED],false,true,1,1,25453511,
1431902187309,com.google.android.music.dial.DialMediaRouteProviderService,com.google.android.music:main,10073,0,57202,[],false,true,0,0,57212,
1431902187309,ch.unige.css.services.PingService,ch.unige.ping,10149,1632,25932694,[STARTED],false,true,0,0,25932704,
1431902187309,com.google.android.search.core.service.BroadcastListenerService,com.google.android.googlequicksearchbox:search,10026,17345,75471,[STARTED],false,true,0,0,4806376,
1431902187309,com.android.systemui.keyguard.KeyguardService,com.android.systemui,10014,930,44352,[PERSISTENT],false,false,2,2,68066,
1431902187309,openiab.StoreService,cm.aptoide.pt,10148,0,54787,[],false,true,0,0,54797,
1431902187309,ch.unige.css.services.main.CssRegistryService,ch.unige.ping:background,10149,31176,14941297,[STARTED],false,true,0,0,14941307,
1431902187309,com.google.android.finsky.billing.iab.InAppBillingService,com.android.vending,10024,19930,22044372,[],false,true,2,2,25901891,
1431902247479,com.android.bluetooth.hid.HidService,com.android.bluetooth,1002,0,49150,[],false,true,0,0,49160,
1431902247479,ch.rts.rtskit.service.audio.AudioService,ch.rts.rtsinfo,10142,2290,59429,[STARTED],false,true,0,0,59439,
1431902247479,com.cleanmaster.service.PermanentService,com.cleanmaster.mguard:service,10138,4772,94138,[STARTED],false,true,1,1,25453511,
1431902247479,com.google.android.music.dial.DialMediaRouteProviderService,com.google.android.music:main,10073,0,57202,[],false,true,0,0,57212,
1431902247479,ch.unige.css.services.PingService,ch.unige.ping,10149,1632,25992845,[STARTED],false,true,0,0,25992855,
1431902247479,com.google.android.search.core.service.BroadcastListenerService,com.google.android.googlequicksearchbox:search,10026,17345,75471,[STARTED],false,true,0,0,4806376,
1431902247479,com.android.systemui.keyguard.KeyguardService,com.android.systemui,10014,930,44352,[PERSISTENT],false,false,2,2,68066,
1431902247479,openiab.StoreService,cm.aptoide.pt,10148,0,54787,[],false,true,0,0,54797,
1431902247479,ch.unige.css.services.main.CssRegistryService,ch.unige.ping:background,10149,31176,14941297,[STARTED],false,true,0,0,14941307,
1431902247479,com.google.android.finsky.billing.iab.InAppBillingService,com.android.vending,10024,19930,22044372,[],false,true,1,1,25901891,
1431902307597,com.android.bluetooth.hid.HidService,com.android.bluetooth,1002,0,49150,[],false,true,0,0,49160,
1431902307597,ch.rts.rtskit.service.audio.AudioService,ch.rts.rtsinfo,10142,2290,59429,[STARTED],false,true,0,0,59439,
1431902307597,com.cleanmaster.service.PermanentService,com.cleanmaster.mguard:service,10138,4772,94138,[STARTED],false,true,1,1,25453511,
1431902307597,com.google.android.music.dial.DialMediaRouteProviderService,com.google.android.music:main,10073,0,57202,[],false,true,0,0,57212,
1431902307597,ch.unige.css.services.PingService,ch.unige.ping,10149,1632,26053034,[STARTED],false,true,0,0,26053044,
1431902307597,com.google.android.search.core.service.BroadcastListenerService,com.google.android.googlequicksearchbox:search,10026,17345,75471,[STARTED],false,true,0,0,4806376,
1431902307597,com.android.systemui.keyguard.KeyguardService,com.android.systemui,10014,930,44352,[PERSISTENT],false,false,2,2,68066,
1431902307597,openiab.StoreService,cm.aptoide.pt,10148,0,54787,[],false,true,0,0,54797,
1431902307597,ch.unige.css.services.main.CssRegistryService,ch.unige.ping:background,10149,31176,14941297,[STARTED],false,true,0,0,14941307,
1431902307597,com.google.android.finsky.billing.iab.InAppBillingService,com.android.vending,10024,19930,22044372,[],false,true,1,1,25901891,
1431902367704,com.android.bluetooth.hid.HidService,com.android.bluetooth,1002,0,49150,[],false,true,0,0,49160,
1431902367704,ch.rts.rtskit.service.audio.AudioService,ch.rts.rtsinfo,10142,2290,59429,[STARTED],false,true,0,0,59439,
1431902367704,com.cleanmaster.service.PermanentService,com.cleanmaster.mguard:service,10138,4772,94138,[STARTED],false,true,1,1,25453511,
1431902367704,com.google.android.music.dial.DialMediaRouteProviderService,com.google.android.music:main,10073,0,57202,[],false,true,0,0,57212,
1431902367704,ch.unige.css.services.PingService,ch.unige.ping,10149,1632,26113138,[STARTED],false,true,0,0,26113148,
1431902367704,com.google.android.search.core.service.BroadcastListenerService,com.google.android.googlequicksearchbox:search,10026,17345,75471,[STARTED],false,true,0,0,4806376,
1431902367704,com.android.systemui.keyguard.KeyguardService,com.android.systemui,10014,930,44352,[PERSISTENT],false,false,2,2,68066,
1431902367704,openiab.StoreService,cm.aptoide.pt,10148,0,54787,[],false,true,0,0,54797,
1431902367704,ch.unige.css.services.main.CssRegistryService,ch.unige.ping:background,10149,31176,14941297,[STARTED],false,true,0,0,14941307,
1431902367704,com.google.android.finsky.billing.iab.InAppBillingService,com.android.vending,10024,19930,22044372,[],false,true,1,1,25901891,
1431902427753,com.android.bluetooth.hid.HidService,com.android.bluetooth,1002,0,49150,[],false,true,0,0,49160,
1431902427753,ch.rts.rtskit.service.audio.AudioService,ch.rts.rtsinfo,10142,2290,59429,[STARTED],false,true,0,0,59439,
1431902427753,com.cleanmaster.service.PermanentService,com.cleanmaster.mguard:service,10138,4772,94138,[STARTED],false,true,1,1,25453511,
1431902427753,com.google.android.music.dial.DialMediaRouteProviderService,com.google.android.music:main,10073,0,57202,[],false,true,0,0,57212,
1431902427753,ch.unige.css.services.PingService,ch.unige.ping,10149,1632,26173191,[STARTED],false,true,0,0,26173201,
1431902427753,com.google.android.search.core.service.BroadcastListenerService,com.google.android.googlequicksearchbox:search,10026,17345,75471,[STARTED],false,true,0,0,4806376,
1431902427753,com.android.systemui.keyguard.KeyguardService,com.android.systemui,10014,930,44352,[PERSISTENT],false,false,2,2,68066,
1431902427753,openiab.StoreService,cm.aptoide.pt,10148,0,54787,[],false,true,0,0,54797,
1431902427753,ch.unige.css.services.main.CssRegistryService,ch.unige.ping:background,10149,31176,14941297,[STARTED],false,true,0,0,14941307,
1431902427753,com.google.android.finsky.billing.iab.InAppBillingService,com.android.vending,10024,19930,22044372,[],false,true,1,1,25901891,
1431902487875,com.android.bluetooth.hid.HidService,com.android.bluetooth,1002,0,49150,[],false,true,0,0,49160,
1431902487875,ch.rts.rtskit.service.audio.AudioService,ch.rts.rtsinfo,10142,2290,59429,[STARTED],false,true,0,0,59439,
1431902487875,com.cleanmaster.service.PermanentService,com.cleanmaster.mguard:service,10138,4772,94138,[STARTED],false,true,1,1,25453511,
1431902487875,com.google.android.music.dial.DialMediaRouteProviderService,com.google.android.music:main,10073,0,57202,[],false,true,0,0,57212,
1431902487875,ch.unige.css.services.PingService,ch.unige.ping,10149,1632,26233249,[STARTED],false,true,0,0,26233259,
1431902487875,com.google.android.search.core.service.BroadcastListenerService,com.google.android.googlequicksearchbox:search,10026,17345,75471,[STARTED],false,true,0,0,4806376,
1431902487875,com.android.systemui.keyguard.KeyguardService,com.android.systemui,10014,930,44352,[PERSISTENT],false,false,2,2,68066,
1431902487875,openiab.StoreService,cm.aptoide.pt,10148,0,54787,[],false,true,0,0,54797,
1431902487875,ch.unige.css.services.main.CssRegistryService,ch.unige.ping:background,10149,31176,14941297,[STARTED],false,true,0,0,14941307,
1431902487875,com.google.android.finsky.billing.iab.InAppBillingService,com.android.vending,10024,19930,22044372,[],false,true,1,1,25901891,
1431902547991,com.android.bluetooth.hid.HidService,com.android.bluetooth,1002,0,49150,[],false,true,0,0,49160,
1431902547991,ch.rts.rtskit.service.audio.AudioService,ch.rts.rtsinfo,10142,2290,59429,[STARTED],false,true,0,0,59439,
1431902547991,com.cleanmaster.service.PermanentService,com.cleanmaster.mguard:service,10138,4772,94138,[STARTED],false,true,1,1,25453511,
1431902547991,com.google.android.music.dial.DialMediaRouteProviderService,com.google.android.music:main,10073,0,57202,[],false,true,0,0,57212,
1431902547991,ch.unige.css.services.PingService,ch.unige.ping,10149,1632,26293302,[STARTED],false,true,0,0,26293312,
1431902547991,com.google.android.search.core.service.BroadcastListenerService,com.google.android.googlequicksearchbox:search,10026,17345,75471,[STARTED],false,true,0,0,4806376,
1431902547991,com.android.systemui.keyguard.KeyguardService,com.android.systemui,10014,930,44352,[PERSISTENT],false,false,2,2,68066,
1431902547991,openiab.StoreService,cm.aptoide.pt,10148,0,54787,[],false,true,0,0,54797,
1431902547991,ch.unige.css.services.main.CssRegistryService,ch.unige.ping:background,10149,31176,14941297,[STARTED],false,true,0,0,14941307,
1431902547991,com.google.android.finsky.billing.iab.InAppBillingService,com.android.vending,10024,19930,22044372,[],false,true,1,1,25901891,
1431902607948,com.android.bluetooth.hid.HidService,com.android.bluetooth,1002,0,49150,[],false,true,0,0,49160,
1431902607948,ch.rts.rtskit.service.audio.AudioService,ch.rts.rtsinfo,10142,2290,59429,[STARTED],false,true,0,0,59439,
1431902607948,com.cleanmaster.service.PermanentService,com.cleanmaster.mguard:service,10138,4772,94138,[STARTED],false,true,1,1,25453511,
1431902607948,com.google.android.music.dial.DialMediaRouteProviderService,com.google.android.music:main,10073,0,57202,[],false,true,0,0,57212,
1431902607948,ch.unige.css.services.PingService,ch.unige.ping,10149,1632,26353342,[STARTED],false,true,0,0,26353352,
1431902607948,com.google.android.search.core.service.BroadcastListenerService,com.google.android.googlequicksearchbox:search,10026,17345,75471,[STARTED],false,true,0,0,4806376,
1431902607948,com.android.systemui.keyguard.KeyguardService,com.android.systemui,10014,930,44352,[PERSISTENT],false,false,2,2,68066,
1431902607948,openiab.StoreService,cm.aptoide.pt,10148,0,54787,[],false,true,0,0,54797,
1431902607948,ch.unige.css.services.main.CssRegistryService,ch.unige.ping:background,10149,31176,14941297,[STARTED],false,true,0,0,14941307,
1431902607948,com.google.android.finsky.billing.iab.InAppBillingService,com.android.vending,10024,19930,22044372,[],false,true,1,1,25901891,
1431902668164,com.android.bluetooth.hid.HidService,com.android.bluetooth,1002,0,49150,[],false,true,0,0,49160,
1431902668164,ch.rts.rtskit.service.audio.AudioService,ch.rts.rtsinfo,10142,2290,59429,[STARTED],false,true,0,0,59439,
1431902668164,com.cleanmaster.service.PermanentService,com.cleanmaster.mguard:service,10138,4772,94138,[STARTED],false,true,1,1,25453511,
1431902668164,com.google.android.music.dial.DialMediaRouteProviderService,com.google.android.music:main,10073,0,57202,[],false,true,0,0,57212,
1431902668164,ch.unige.css.services.PingService,ch.unige.ping,10149,1632,26413561,[STARTED],false,true,0,0,26413571,
1431902668164,com.google.android.search.core.service.BroadcastListenerService,com.google.android.googlequicksearchbox:search,10026,17345,75471,[STARTED],false,true,0,0,4806376,
1431902668164,com.android.systemui.keyguard.KeyguardService,com.android.systemui,10014,930,44352,[PERSISTENT],false,false,2,2,68066,
1431902668164,openiab.StoreService,cm.aptoide.pt,10148,0,54787,[],false,true,0,0,54797,
1431902668164,ch.unige.css.services.main.CssRegistryService,ch.unige.ping:background,10149,31176,14941297,[STARTED],false,true,0,0,14941307,
1431902668164,com.google.android.finsky.billing.iab.InAppBillingService,com.android.vending,10024,19930,22044372,[],false,true,1,1,25901891,
1431902728229,com.android.bluetooth.hid.HidService,com.android.bluetooth,1002,0,49150,[],false,true,0,0,49160,
1431902728229,ch.rts.rtskit.service.audio.AudioService,ch.rts.rtsinfo,10142,2290,59429,[STARTED],false,true,0,0,59439,
1431902728229,com.cleanmaster.service.PermanentService,com.cleanmaster.mguard:service,10138,4772,94138,[STARTED],false,true,1,1,25453511,
1431902728229,com.google.android.music.dial.DialMediaRouteProviderService,com.google.android.music:main,10073,0,57202,[],false,true,0,0,57212,
1431902728229,ch.unige.css.services.PingService,ch.unige.ping,10149,1632,26473618,[STARTED],false,true,0,0,26473628,
1431902728229,com.google.android.search.core.service.BroadcastListenerService,com.google.android.googlequicksearchbox:search,10026,17345,75471,[STARTED],false,true,0,0,4806376,
1431902728229,com.android.systemui.keyguard.KeyguardService,com.android.systemui,10014,930,44352,[PERSISTENT],false,false,2,2,68066,
1431902728229,openiab.StoreService,cm.aptoide.pt,10148,0,54787,[],false,true,0,0,54797,
1431902728229,ch.unige.css.services.main.CssRegistryService,ch.unige.ping:background,10149,31176,14941297,[STARTED],false,true,0,0,14941307,
1431902728229,com.google.android.finsky.billing.iab.InAppBillingService,com.android.vending,10024,19930,22044372,[],false,true,1,1,25901891,
1431902788217,com.android.bluetooth.hid.HidService,com.android.bluetooth,1002,0,49150,[],false,true,0,0,49160,
1431902788217,ch.rts.rtskit.service.audio.AudioService,ch.rts.rtsinfo,10142,2290,59429,[STARTED],false,true,0,0,59439,
1431902788217,com.cleanmaster.service.PermanentService,com.cleanmaster.mguard:service,10138,4772,94138,[STARTED],false,true,1,1,25453511,
1431902788217,com.google.android.music.dial.DialMediaRouteProviderService,com.google.android.music:main,10073,0,57202,[],false,true,0,0,57212,
1431902788217,ch.unige.css.services.PingService,ch.unige.ping,10149,1632,26533648,[STARTED],false,true,0,0,26533658,
1431902788217,com.google.android.search.core.service.BroadcastListenerService,com.google.android.googlequicksearchbox:search,10026,17345,75471,[STARTED],false,true,0,0,4806376,
1431902788217,com.android.systemui.keyguard.KeyguardService,com.android.systemui,10014,930,44352,[PERSISTENT],false,false,2,2,68066,
1431902788217,openiab.StoreService,cm.aptoide.pt,10148,0,54787,[],false,true,0,0,54797,
1431902788217,ch.unige.css.services.main.CssRegistryService,ch.unige.ping:background,10149,31176,14941297,[STARTED],false,true,0,0,14941307,
1431902788217,com.google.android.finsky.billing.iab.InAppBillingService,com.android.vending,10024,19930,22044372,[],false,true,2,2,26524955,
1431902848288,com.android.bluetooth.hid.HidService,com.android.bluetooth,1002,0,49150,[],false,true,0,0,49160,
1431902848288,ch.rts.rtskit.service.audio.AudioService,ch.rts.rtsinfo,10142,2290,59429,[STARTED],false,true,0,0,59439,
1431902848288,com.cleanmaster.service.PermanentService,com.cleanmaster.mguard:service,10138,4772,94138,[STARTED],false,true,1,1,25453511,
1431902848288,com.google.android.music.dial.DialMediaRouteProviderService,com.google.android.music:main,10073,0,57202,[],false,true,0,0,57212,
1431902848288,ch.unige.css.services.PingService,ch.unige.ping,10149,1632,26593722,[STARTED],false,true,0,0,26593732,
1431902848288,com.google.android.search.core.service.BroadcastListenerService,com.google.android.googlequicksearchbox:search,10026,17345,75471,[STARTED],false,true,0,0,4806376,
1431902848288,com.android.systemui.keyguard.KeyguardService,com.android.systemui,10014,930,44352,[PERSISTENT],false,false,2,2,68066,
1431902848288,openiab.StoreService,cm.aptoide.pt,10148,0,54787,[],false,true,0,0,54797,
1431902848288,ch.unige.css.services.main.CssRegistryService,ch.unige.ping:background,10149,31176,14941297,[STARTED],false,true,0,0,14941307,
1431902848288,com.google.android.finsky.billing.iab.InAppBillingService,com.android.vending,10024,19930,22044372,[],false,true,1,1,26524955,
1431902908398,com.android.bluetooth.hid.HidService,com.android.bluetooth,1002,0,49150,[],false,true,0,0,49160,
1431902908398,ch.rts.rtskit.service.audio.AudioService,ch.rts.rtsinfo,10142,2290,59429,[STARTED],false,true,0,0,59439,
1431902908398,com.cleanmaster.service.PermanentService,com.cleanmaster.mguard:service,10138,4772,94138,[STARTED],false,true,1,1,25453511,
1431902908398,com.google.android.music.dial.DialMediaRouteProviderService,com.google.android.music:main,10073,0,57202,[],false,true,0,0,57212,
1431902908398,ch.unige.css.services.PingService,ch.unige.ping,10149,1632,26653805,[STARTED],false,true,0,0,26653815,
1431902908398,com.google.android.search.core.service.BroadcastListenerService,com.google.android.googlequicksearchbox:search,10026,17345,75471,[STARTED],false,true,0,0,4806376,
1431902908398,com.android.systemui.keyguard.KeyguardService,com.android.systemui,10014,930,44352,[PERSISTENT],false,false,2,2,68066,
1431902908398,openiab.StoreService,cm.aptoide.pt,10148,0,54787,[],false,true,0,0,54797,
1431902908398,ch.unige.css.services.main.CssRegistryService,ch.unige.ping:background,10149,31176,14941297,[STARTED],false,true,0,0,14941307,
1431902908398,com.google.android.finsky.billing.iab.InAppBillingService,com.android.vending,10024,19930,22044372,[],false,true,1,1,26524955,
1431902968412,com.android.bluetooth.hid.HidService,com.android.bluetooth,1002,0,49150,[],false,true,0,0,49160,
1431902968412,ch.rts.rtskit.service.audio.AudioService,ch.rts.rtsinfo,10142,2290,59429,[STARTED],false,true,0,0,59439,
1431902968412,com.cleanmaster.service.PermanentService,com.cleanmaster.mguard:service,10138,4772,94138,[STARTED],false,true,1,1,25453511,
1431902968412,com.google.android.music.dial.DialMediaRouteProviderService,com.google.android.music:main,10073,0,57202,[],false,true,0,0,57212,
1431902968412,ch.unige.css.services.PingService,ch.unige.ping,10149,1632,26713840,[STARTED],false,true,0,0,26713850,
1431902968412,com.google.android.search.core.service.BroadcastListenerService,com.google.android.googlequicksearchbox:search,10026,17345,75471,[STARTED],false,true,0,0,4806376,
1431902968412,com.android.systemui.keyguard.KeyguardService,com.android.systemui,10014,930,44352,[PERSISTENT],false,false,2,2,68066,
1431902968412,openiab.StoreService,cm.aptoide.pt,10148,0,54787,[],false,true,0,0,54797,
1431902968412,ch.unige.css.services.main.CssRegistryService,ch.unige.ping:background,10149,31176,14941297,[STARTED],false,true,0,0,14941307,
1431902968412,com.google.android.finsky.billing.iab.InAppBillingService,com.android.vending,10024,19930,22044372,[],false,true,1,1,26524955,
1431903028440,com.android.bluetooth.hid.HidService,com.android.bluetooth,1002,0,49150,[],false,true,0,0,49160,
1431903028440,ch.rts.rtskit.service.audio.AudioService,ch.rts.rtsinfo,10142,2290,59429,[STARTED],false,true,0,0,59439,
1431903028440,com.cleanmaster.service.PermanentService,com.cleanmaster.mguard:service,10138,4772,94138,[STARTED],false,true,1,1,25453511,
1431903028440,com.google.android.music.dial.DialMediaRouteProviderService,com.google.android.music:main,10073,0,57202,[],false,true,0,0,57212,
1431903028440,ch.unige.css.services.PingService,ch.unige.ping,10149,1632,26773879,[STARTED],false,true,0,0,26773889,
1431903028440,com.google.android.search.core.service.BroadcastListenerService,com.google.android.googlequicksearchbox:search,10026,17345,75471,[STARTED],false,true,0,0,4806376,
1431903028440,com.android.systemui.keyguard.KeyguardService,com.android.systemui,10014,930,44352,[PERSISTENT],false,false,2,2,68066,
1431903028440,openiab.StoreService,cm.aptoide.pt,10148,0,54787,[],false,true,0,0,54797,
1431903028440,ch.unige.css.services.main.CssRegistryService,ch.unige.ping:background,10149,31176,14941297,[STARTED],false,true,0,0,14941307,
1431903028440,com.google.android.finsky.billing.iab.InAppBillingService,com.android.vending,10024,19930,22044372,[],false,true,1,1,26524955,
1431903088519,com.android.bluetooth.hid.HidService,com.android.bluetooth,1002,0,49150,[],false,true,0,0,49160,
1431903088519,ch.rts.rtskit.service.audio.AudioService,ch.rts.rtsinfo,10142,2290,59429,[STARTED],false,true,0,0,59439,
1431903088519,com.cleanmaster.service.PermanentService,com.cleanmaster.mguard:service,10138,4772,94138,[STARTED],false,true,1,1,25453511,
1431903088519,com.google.android.music.dial.DialMediaRouteProviderService,com.google.android.music:main,10073,0,57202,[],false,true,0,0,57212,
1431903088519,ch.unige.css.services.PingService,ch.unige.ping,10149,1632,26833909,[STARTED],false,true,0,0,26833919,
1431903088519,com.google.android.search.core.service.BroadcastListenerService,com.google.android.googlequicksearchbox:search,10026,17345,75471,[STARTED],false,true,0,0,4806376,
1431903088519,com.android.systemui.keyguard.KeyguardService,com.android.systemui,10014,930,44352,[PERSISTENT],false,false,2,2,68066,
1431903088519,openiab.StoreService,cm.aptoide.pt,10148,0,54787,[],false,true,0,0,54797,
1431903088519,ch.unige.css.services.main.CssRegistryService,ch.unige.ping:background,10149,31176,14941297,[STARTED],false,true,0,0,14941307,
1431903088519,com.google.android.finsky.billing.iab.InAppBillingService,com.android.vending,10024,19930,22044372,[],false,true,1,1,26524955,
1431903150918,com.android.bluetooth.hid.HidService,com.android.bluetooth,1002,0,49150,[],false,true,0,0,49160,
1431903150918,ch.rts.rtskit.service.audio.AudioService,ch.rts.rtsinfo,10142,2290,59429,[STARTED],false,true,0,0,59439,
1431903150918,com.cleanmaster.service.PermanentService,com.cleanmaster.mguard:service,10138,4772,94138,[STARTED],false,true,1,1,25453511,
1431903150918,com.google.android.music.dial.DialMediaRouteProviderService,com.google.android.music:main,10073,0,57202,[],false,true,0,0,57212,
1431903150918,ch.unige.css.services.PingService,ch.unige.ping,10149,1632,26896342,[STARTED],false,true,0,0,26896352,
1431903150918,com.google.android.search.core.service.BroadcastListenerService,com.google.android.googlequicksearchbox:search,10026,17345,75471,[STARTED],false,true,0,0,4806376,
1431903150918,com.android.systemui.keyguard.KeyguardService,com.android.systemui,10014,930,44352,[PERSISTENT],false,false,2,2,68066,
1431903150918,openiab.StoreService,cm.aptoide.pt,10148,0,54787,[],false,true,0,0,54797,
1431903150918,ch.unige.css.services.main.CssRegistryService,ch.unige.ping:background,10149,31176,14941297,[STARTED],false,true,0,0,14941307,
1431903150918,com.google.android.finsky.billing.iab.InAppBillingService,com.android.vending,10024,19930,22044372,[],false,true,1,1,26524955,
1431903210987,com.android.bluetooth.hid.HidService,com.android.bluetooth,1002,0,49150,[],false,true,0,0,49160,
1431903210987,ch.rts.rtskit.service.audio.AudioService,ch.rts.rtsinfo,10142,2290,59429,[STARTED],false,true,0,0,59439,
1431903210987,com.cleanmaster.service.PermanentService,com.cleanmaster.mguard:service,10138,4772,94138,[STARTED],false,true,1,1,25453511,
1431903210987,com.google.android.music.dial.DialMediaRouteProviderService,com.google.android.music:main,10073,0,57202,[],false,true,0,0,57212,
1431903210987,ch.unige.css.services.PingService,ch.unige.ping,10149,1632,26956386,[STARTED],false,true,0,0,26956396,
1431903210987,com.google.android.search.core.service.BroadcastListenerService,com.google.android.googlequicksearchbox:search,10026,17345,75471,[STARTED],false,true,0,0,4806376,
1431903210987,com.android.systemui.keyguard.KeyguardService,com.android.systemui,10014,930,44352,[PERSISTENT],false,false,2,2,68066,
1431903210987,openiab.StoreService,cm.aptoide.pt,10148,0,54787,[],false,true,0,0,54797,
1431903210987,ch.unige.css.services.main.CssRegistryService,ch.unige.ping:background,10149,31176,14941297,[STARTED],false,true,0,0,14941307,
1431903210987,com.google.android.finsky.billing.iab.InAppBillingService,com.android.vending,10024,19930,22044372,[],false,true,1,1,26524955,
1431903271064,com.android.bluetooth.hid.HidService,com.android.bluetooth,1002,0,49150,[],false,true,0,0,49160,
1431903271064,ch.rts.rtskit.service.audio.AudioService,ch.rts.rtsinfo,10142,2290,59429,[STARTED],false,true,0,0,59439,
1431903271064,com.cleanmaster.service.PermanentService,com.cleanmaster.mguard:service,10138,4772,94138,[STARTED],false,true,1,1,25453511,
1431903271064,com.google.android.music.dial.DialMediaRouteProviderService,com.google.android.music:main,10073,0,57202,[],false,true,0,0,57212,
1431903271064,ch.unige.css.services.PingService,ch.unige.ping,10149,1632,27016415,[STARTED],false,true,0,0,27016425,
1431903271064,com.google.android.search.core.service.BroadcastListenerService,com.google.android.googlequicksearchbox:search,10026,17345,75471,[STARTED],false,true,0,0,4806376,
1431903271064,com.android.systemui.keyguard.KeyguardService,com.android.systemui,10014,930,44352,[PERSISTENT],false,false,2,2,68066,
1431903271064,openiab.StoreService,cm.aptoide.pt,10148,0,54787,[],false,true,0,0,54797,
1431903271064,ch.unige.css.services.main.CssRegistryService,ch.unige.ping:background,10149,31176,14941297,[STARTED],false,true,0,0,14941307,
1431903271064,com.google.android.finsky.billing.iab.InAppBillingService,com.android.vending,10024,19930,22044372,[],false,true,1,1,26524955,
1431903331115,com.android.bluetooth.hid.HidService,com.android.bluetooth,1002,0,49150,[],false,true,0,0,49160,
1431903331115,ch.rts.rtskit.service.audio.AudioService,ch.rts.rtsinfo,10142,2290,59429,[STARTED],false,true,0,0,59439,
1431903331115,com.cleanmaster.service.PermanentService,com.cleanmaster.mguard:service,10138,4772,94138,[STARTED],false,true,1,1,25453511,
1431903331115,com.google.android.music.dial.DialMediaRouteProviderService,com.google.android.music:main,10073,0,57202,[],false,true,0,0,57212,
1431903331115,ch.unige.css.services.PingService,ch.unige.ping,10149,1632,27076562,[STARTED],false,true,0,0,27076572,
1431903331115,com.google.android.search.core.service.BroadcastListenerService,com.google.android.googlequicksearchbox:search,10026,17345,75471,[STARTED],false,true,0,0,4806376,
1431903331115,com.android.systemui.keyguard.KeyguardService,com.android.systemui,10014,930,44352,[PERSISTENT],false,false,2,2,68066,
1431903331115,openiab.StoreService,cm.aptoide.pt,10148,0,54787,[],false,true,0,0,54797,
1431903331115,ch.unige.css.services.main.CssRegistryService,ch.unige.ping:background,10149,31176,14941297,[STARTED],false,true,0,0,14941307,
1431903331115,com.google.android.finsky.billing.iab.InAppBillingService,com.android.vending,10024,19930,22044372,[],false,true,1,1,26524955,
1431903391234,com.android.bluetooth.hid.HidService,com.android.bluetooth,1002,0,49150,[],false,true,0,0,49160,
1431903391234,com.cleanmaster.service.PermanentService,com.cleanmaster.mguard:service,10138,4772,94138,[STARTED],false,true,1,1,25453511,
1431903391234,com.google.android.music.dial.DialMediaRouteProviderService,com.google.android.music:main,10073,0,57202,[],false,true,0,0,57212,
1431903391234,ch.unige.css.services.PingService,ch.unige.ping,10149,1632,27136672,[STARTED],false,true,0,0,27136682,
1431903391234,com.google.android.search.core.service.BroadcastListenerService,com.google.android.googlequicksearchbox:search,10026,17345,75471,[STARTED],false,true,0,0,4806376,
1431903391234,com.android.systemui.keyguard.KeyguardService,com.android.systemui,10014,930,44352,[PERSISTENT],false,false,2,2,68066,
1431903391234,openiab.StoreService,cm.aptoide.pt,10148,0,54787,[],false,true,0,0,54797,
1431903391234,ch.unige.css.services.main.CssRegistryService,ch.unige.ping:background,10149,27135,27136666,[STARTED],false,true,0,0,27136676,
1431903391234,com.google.android.finsky.billing.iab.InAppBillingService,com.android.vending,10024,19930,22044372,[],false,true,1,1,27102746,
1431903391234,org.cyanogenmod.audiofx.HeadsetService,org.cyanogenmod.audiofx,10000,1289,67364,"[PERSISTENT,STARTED]",false,true,0,0,67374,
1431903451249,com.android.bluetooth.hid.HidService,com.android.bluetooth,1002,0,49150,[],false,true,0,0,49160,
1431903451249,com.cleanmaster.service.PermanentService,com.cleanmaster.mguard:service,10138,4772,94138,[STARTED],false,true,1,1,25453511,
1431903451249,com.google.android.music.dial.DialMediaRouteProviderService,com.google.android.music:main,10073,0,57202,[],false,true,0,0,57212,
1431903451249,ch.unige.css.services.PingService,ch.unige.ping,10149,1632,27196692,[STARTED],false,true,0,0,27196702,
1431903451249,com.google.android.search.core.service.BroadcastListenerService,com.google.android.googlequicksearchbox:search,10026,17345,75471,[STARTED],false,true,0,0,4806376,
1431903451249,com.android.systemui.keyguard.KeyguardService,com.android.systemui,10014,930,44352,[PERSISTENT],false,false,2,2,68066,
1431903451249,openiab.StoreService,cm.aptoide.pt,10148,0,54787,[],false,true,0,0,54797,
1431903451249,ch.unige.css.services.main.CssRegistryService,ch.unige.ping:background,10149,27135,27136666,[STARTED],false,true,0,0,27136676,
1431903451249,com.google.android.finsky.billing.iab.InAppBillingService,com.android.vending,10024,19930,22044372,[],false,true,1,1,27102746,
1431903451249,org.cyanogenmod.audiofx.HeadsetService,org.cyanogenmod.audiofx,10000,1289,67364,"[PERSISTENT,STARTED]",false,true,0,0,67374,
1431903511248,com.android.bluetooth.hid.HidService,com.android.bluetooth,1002,0,49150,[],false,true,0,0,49160,
1431903511248,com.cleanmaster.service.PermanentService,com.cleanmaster.mguard:service,10138,4772,94138,[STARTED],false,true,1,1,25453511,
1431903511248,com.google.android.music.dial.DialMediaRouteProviderService,com.google.android.music:main,10073,0,57202,[],false,true,0,0,57212,
1431903511248,ch.unige.css.services.PingService,ch.unige.ping,10149,1632,27256704,[STARTED],false,true,0,0,27256714,
1431903511248,com.google.android.search.core.service.BroadcastListenerService,com.google.android.googlequicksearchbox:search,10026,17345,75471,[STARTED],false,true,0,0,4806376,
1431903511248,com.android.systemui.keyguard.KeyguardService,com.android.systemui,10014,930,44352,[PERSISTENT],false,false,2,2,68066,
1431903511248,openiab.StoreService,cm.aptoide.pt,10148,0,54787,[],false,true,0,0,54797,
1431903511248,ch.unige.css.services.main.CssRegistryService,ch.unige.ping:background,10149,27135,27136666,[STARTED],false,true,0,0,27136676,
1431903511248,com.google.android.finsky.billing.iab.InAppBillingService,com.android.vending,10024,19930,22044372,[],false,true,1,1,27102746,
1431903511248,org.cyanogenmod.audiofx.HeadsetService,org.cyanogenmod.audiofx,10000,1289,67364,"[PERSISTENT,STARTED]",false,true,0,0,67374,
1431903571420,com.android.bluetooth.hid.HidService,com.android.bluetooth,1002,0,49150,[],false,true,0,0,49160,
1431903571420,com.cleanmaster.service.PermanentService,com.cleanmaster.mguard:service,10138,4772,94138,[STARTED],false,true,1,1,25453511,
1431903571420,com.google.android.music.dial.DialMediaRouteProviderService,com.google.android.music:main,10073,0,57202,[],false,true,0,0,57212,
1431903571420,ch.unige.css.services.PingService,ch.unige.ping,10149,1632,27316719,[STARTED],false,true,0,0,27316729,
1431903571420,com.google.android.search.core.service.BroadcastListenerService,com.google.android.googlequicksearchbox:search,10026,17345,75471,[STARTED],false,true,0,0,4806376,
1431903571420,com.android.systemui.keyguard.KeyguardService,com.android.systemui,10014,930,44352,[PERSISTENT],false,false,2,2,68066,
1431903571420,openiab.StoreService,cm.aptoide.pt,10148,0,54787,[],false,true,0,0,54797,
1431903571420,ch.unige.css.services.main.CssRegistryService,ch.unige.ping:background,10149,27135,27136666,[STARTED],false,true,0,0,27136676,
1431903571420,com.google.android.finsky.billing.iab.InAppBillingService,com.android.vending,10024,19930,22044372,[],false,true,1,1,27102746,
1431903571420,org.cyanogenmod.audiofx.HeadsetService,org.cyanogenmod.audiofx,10000,1289,67364,"[PERSISTENT,STARTED]",false,true,0,0,67374,
1431903631669,com.android.bluetooth.hid.HidService,com.android.bluetooth,1002,0,49150,[],false,true,0,0,49160,
1431903631669,com.cleanmaster.service.PermanentService,com.cleanmaster.mguard:service,10138,4772,94138,[STARTED],false,true,1,1,25453511,
1431903631669,com.google.android.music.dial.DialMediaRouteProviderService,com.google.android.music:main,10073,0,57202,[],false,true,0,0,57212,
1431903631669,ch.unige.css.services.PingService,ch.unige.ping,10149,1632,27377001,[STARTED],false,true,0,0,27377011,
1431903631669,com.google.android.search.core.service.BroadcastListenerService,com.google.android.googlequicksearchbox:search,10026,17345,75471,[STARTED],false,true,0,0,4806376,
1431903631669,com.android.systemui.keyguard.KeyguardService,com.android.systemui,10014,930,44352,[PERSISTENT],false,false,2,2,68066,
1431903631669,openiab.StoreService,cm.aptoide.pt,10148,0,54787,[],false,true,0,0,54797,
1431903631669,ch.unige.css.services.main.CssRegistryService,ch.unige.ping:background,10149,27135,27136666,[STARTED],false,true,0,0,27136676,
1431903631669,com.google.android.finsky.billing.iab.InAppBillingService,com.android.vending,10024,19930,22044372,[],false,true,1,1,27102746,
1431903631669,org.cyanogenmod.audiofx.HeadsetService,org.cyanogenmod.audiofx,10000,1289,67364,"[PERSISTENT,STARTED]",false,true,0,0,67374,
1431903691583,com.android.bluetooth.hid.HidService,com.android.bluetooth,1002,0,49150,[],false,true,0,0,49160,
1431903691583,com.cleanmaster.service.PermanentService,com.cleanmaster.mguard:service,10138,4772,94138,[STARTED],false,true,1,1,25453511,
1431903691583,com.google.android.music.dial.DialMediaRouteProviderService,com.google.android.music:main,10073,0,57202,[],false,true,0,0,57212,
1431903691583,ch.unige.css.services.PingService,ch.unige.ping,10149,1632,27437026,[STARTED],false,true,0,0,27437036,
1431903691583,com.google.android.search.core.service.BroadcastListenerService,com.google.android.googlequicksearchbox:search,10026,17345,75471,[STARTED],false,true,0,0,4806376,
1431903691583,com.android.systemui.keyguard.KeyguardService,com.android.systemui,10014,930,44352,[PERSISTENT],false,false,2,2,68066,
1431903691583,openiab.StoreService,cm.aptoide.pt,10148,0,54787,[],false,true,0,0,54797,
1431903691583,ch.unige.css.services.main.CssRegistryService,ch.unige.ping:background,10149,27135,27136666,[STARTED],false,true,0,0,27136676,
1431903691583,com.google.android.finsky.billing.iab.InAppBillingService,com.android.vending,10024,19930,22044372,[],false,true,1,1,27102746,
1431903691583,org.cyanogenmod.audiofx.HeadsetService,org.cyanogenmod.audiofx,10000,1289,67364,"[PERSISTENT,STARTED]",false,true,0,0,67374,
1431903751649,com.android.bluetooth.hid.HidService,com.android.bluetooth,1002,0,49150,[],false,true,0,0,49160,
1431903751649,com.cleanmaster.service.PermanentService,com.cleanmaster.mguard:service,10138,4772,94138,[STARTED],false,true,1,1,25453511,
1431903751649,com.google.android.music.dial.DialMediaRouteProviderService,com.google.android.music:main,10073,0,57202,[],false,true,0,0,57212,
1431903751649,ch.unige.css.services.PingService,ch.unige.ping,10149,1632,27497064,[STARTED],false,true,0,0,27497074,
1431903751649,com.google.android.search.core.service.BroadcastListenerService,com.google.android.googlequicksearchbox:search,10026,17345,75471,[STARTED],false,true,0,0,4806376,
1431903751649,com.android.systemui.keyguard.KeyguardService,com.android.systemui,10014,930,44352,[PERSISTENT],false,false,2,2,68066,
1431903751649,openiab.StoreService,cm.aptoide.pt,10148,0,54787,[],false,true,0,0,54797,
1431903751649,ch.unige.css.services.main.CssRegistryService,ch.unige.ping:background,10149,27135,27136666,[STARTED],false,true,0,0,27136676,
1431903751649,com.google.android.finsky.billing.iab.InAppBillingService,com.android.vending,10024,19930,22044372,[],false,true,1,1,27102746,
1431903751649,org.cyanogenmod.audiofx.HeadsetService,org.cyanogenmod.audiofx,10000,1289,67364,"[PERSISTENT,STARTED]",false,true,0,0,67374,
1431903811671,com.android.bluetooth.hid.HidService,com.android.bluetooth,1002,0,49150,[],false,true,0,0,49160,
1431903811671,com.cleanmaster.service.PermanentService,com.cleanmaster.mguard:service,10138,4772,94138,[STARTED],false,true,1,1,25453511,
1431903811671,com.google.android.music.dial.DialMediaRouteProviderService,com.google.android.music:main,10073,0,57202,[],false,true,0,0,57212,
1431903811671,ch.unige.css.services.PingService,ch.unige.ping,10149,1632,27557090,[STARTED],false,true,0,0,27557100,
1431903811671,com.google.android.search.core.service.BroadcastListenerService,com.google.android.googlequicksearchbox:search,10026,17345,75471,[STARTED],false,true,0,0,4806376,
1431903811671,com.android.systemui.keyguard.KeyguardService,com.android.systemui,10014,930,44352,[PERSISTENT],false,false,2,2,68066,
1431903811671,openiab.StoreService,cm.aptoide.pt,10148,0,54787,[],false,true,0,0,54797,
1431903811671,ch.unige.css.services.main.CssRegistryService,ch.unige.ping:background,10149,27135,27136666,[STARTED],false,true,0,0,27136676,
1431903811671,com.google.android.finsky.billing.iab.InAppBillingService,com.android.vending,10024,19930,22044372,[],false,true,1,1,27102746,
1431903811671,org.cyanogenmod.audiofx.HeadsetService,org.cyanogenmod.audiofx,10000,1289,67364,"[PERSISTENT,STARTED]",false,true,0,0,67374,
1431903871680,com.android.bluetooth.hid.HidService,com.android.bluetooth,1002,0,49150,[],false,true,0,0,49160,
1431903871680,com.cleanmaster.service.PermanentService,com.cleanmaster.mguard:service,10138,4772,94138,[STARTED],false,true,1,1,25453511,
1431903871680,com.google.android.music.dial.DialMediaRouteProviderService,com.google.android.music:main,10073,0,57202,[],false,true,0,0,57212,
1431903871680,ch.unige.css.services.PingService,ch.unige.ping,10149,1632,27617118,[STARTED],false,true,0,0,27617128,
1431903871680,com.google.android.search.core.service.BroadcastListenerService,com.google.android.googlequicksearchbox:search,10026,17345,75471,[STARTED],false,true,0,0,4806376,
1431903871680,com.android.systemui.keyguard.KeyguardService,com.android.systemui,10014,930,44352,[PERSISTENT],false,false,2,2,68066,
1431903871680,openiab.StoreService,cm.aptoide.pt,10148,0,54787,[],false,true,0,0,54797,
1431903871680,ch.unige.css.services.main.CssRegistryService,ch.unige.ping:background,10149,27135,27136666,[STARTED],false,true,0,0,27136676,
1431903871680,com.google.android.finsky.billing.iab.InAppBillingService,com.android.vending,10024,19930,22044372,[],false,true,1,1,27102746,
1431903871680,org.cyanogenmod.audiofx.HeadsetService,org.cyanogenmod.audiofx,10000,1289,67364,"[PERSISTENT,STARTED]",false,true,0,0,67374,
1431903931686,com.android.bluetooth.hid.HidService,com.android.bluetooth,1002,0,49150,[],false,true,0,0,49160,
1431903931686,com.cleanmaster.service.PermanentService,com.cleanmaster.mguard:service,10138,4772,94138,[STARTED],false,true,1,1,25453511,
1431903931686,com.google.android.music.dial.DialMediaRouteProviderService,com.google.android.music:main,10073,0,57202,[],false,true,0,0,57212,
1431903931686,ch.unige.css.services.PingService,ch.unige.ping,10149,1632,27677134,[STARTED],false,true,0,0,27677144,
1431903931686,com.google.android.search.core.service.BroadcastListenerService,com.google.android.googlequicksearchbox:search,10026,17345,75471,[STARTED],false,true,0,0,4806376,
1431903931686,com.android.systemui.keyguard.KeyguardService,com.android.systemui,10014,930,44352,[PERSISTENT],false,false,2,2,68066,
1431903931686,openiab.StoreService,cm.aptoide.pt,10148,0,54787,[],false,true,0,0,54797,
1431903931686,ch.unige.css.services.main.CssRegistryService,ch.unige.ping:background,10149,27135,27136666,[STARTED],false,true,0,0,27136676,
1431903931686,com.google.android.finsky.billing.iab.InAppBillingService,com.android.vending,10024,19930,22044372,[],false,true,1,1,27102746,
1431903931686,org.cyanogenmod.audiofx.HeadsetService,org.cyanogenmod.audiofx,10000,1289,67364,"[PERSISTENT,STARTED]",false,true,0,0,67374,
1431903991758,com.android.bluetooth.hid.HidService,com.android.bluetooth,1002,0,49150,[],false,true,0,0,49160,
1431903991758,com.cleanmaster.service.PermanentService,com.cleanmaster.mguard:service,10138,4772,94138,[STARTED],false,true,1,1,25453511,
1431903991758,com.google.android.music.dial.DialMediaRouteProviderService,com.google.android.music:main,10073,0,57202,[],false,true,0,0,57212,
1431903991758,ch.unige.css.services.PingService,ch.unige.ping,10149,1632,27737178,[STARTED],false,true,0,0,27737188,
1431903991758,com.google.android.search.core.service.BroadcastListenerService,com.google.android.googlequicksearchbox:search,10026,17345,75471,[STARTED],false,true,0,0,4806376,
1431903991758,com.android.systemui.keyguard.KeyguardService,com.android.systemui,10014,930,44352,[PERSISTENT],false,false,2,2,68066,
1431903991758,openiab.StoreService,cm.aptoide.pt,10148,0,54787,[],false,true,0,0,54797,
1431903991758,ch.unige.css.services.main.CssRegistryService,ch.unige.ping:background,10149,27135,27136666,[STARTED],false,true,0,0,27136676,
1431903991758,com.google.android.finsky.billing.iab.InAppBillingService,com.android.vending,10024,19930,22044372,[],false,true,1,1,27102746,
1431903991758,org.cyanogenmod.audiofx.HeadsetService,org.cyanogenmod.audiofx,10000,1289,67364,"[PERSISTENT,STARTED]",false,true,0,0,67374,
1431904051758,com.android.bluetooth.hid.HidService,com.android.bluetooth,1002,0,49150,[],false,true,0,0,49160,
1431904051758,com.cleanmaster.service.PermanentService,com.cleanmaster.mguard:service,10138,4772,94138,[STARTED],false,true,1,1,25453511,
1431904051758,com.google.android.music.dial.DialMediaRouteProviderService,com.google.android.music:main,10073,0,57202,[],false,true,0,0,57212,
1431904051758,ch.unige.css.services.PingService,ch.unige.ping,10149,1632,27797196,[STARTED],false,true,0,0,27797206,
1431904051758,com.google.android.search.core.service.BroadcastListenerService,com.google.android.googlequicksearchbox:search,10026,17345,75471,[STARTED],false,true,0,0,4806376,
1431904051758,com.android.systemui.keyguard.KeyguardService,com.android.systemui,10014,930,44352,[PERSISTENT],false,false,2,2,68066,
1431904051758,openiab.StoreService,cm.aptoide.pt,10148,0,54787,[],false,true,0,0,54797,
1431904051758,ch.unige.css.services.main.CssRegistryService,ch.unige.ping:background,10149,27135,27136666,[STARTED],false,true,0,0,27136676,
1431904051758,com.google.android.finsky.billing.iab.InAppBillingService,com.android.vending,10024,19930,22044372,[],false,true,1,1,27102746,
1431904051758,org.cyanogenmod.audiofx.HeadsetService,org.cyanogenmod.audiofx,10000,1289,67364,"[PERSISTENT,STARTED]",false,true,0,0,67374,
1431904111954,com.android.bluetooth.hid.HidService,com.android.bluetooth,1002,0,49150,[],false,true,0,0,49160,
1431904111954,com.cleanmaster.service.PermanentService,com.cleanmaster.mguard:service,10138,4772,94138,[STARTED],false,true,1,1,25453511,
1431904111954,com.google.android.music.dial.DialMediaRouteProviderService,com.google.android.music:main,10073,0,57202,[],false,true,0,0,57212,
1431904111954,ch.unige.css.services.PingService,ch.unige.ping,10149,1632,27857238,[STARTED],false,true,0,0,27857248,
1431904111954,com.google.android.search.core.service.BroadcastListenerService,com.google.android.googlequicksearchbox:search,10026,17345,75471,[STARTED],false,true,0,0,4806376,
1431904111954,com.android.systemui.keyguard.KeyguardService,com.android.systemui,10014,930,44352,[PERSISTENT],false,false,2,2,68066,
1431904111954,openiab.StoreService,cm.aptoide.pt,10148,0,54787,[],false,true,0,0,54797,
1431904111954,ch.unige.css.services.main.CssRegistryService,ch.unige.ping:background,10149,27135,27136666,[STARTED],false,true,0,0,27136676,
1431904111954,com.google.android.finsky.billing.iab.InAppBillingService,com.android.vending,10024,19930,22044372,[],false,true,1,1,27102746,
1431904111954,org.cyanogenmod.audiofx.HeadsetService,org.cyanogenmod.audiofx,10000,1289,67364,"[PERSISTENT,STARTED]",false,true,0,0,67374,
1431904171960,com.android.bluetooth.hid.HidService,com.android.bluetooth,1002,0,49150,[],false,true,0,0,49160,
1431904171960,com.cleanmaster.service.PermanentService,com.cleanmaster.mguard:service,10138,1271,94138,[STARTED],false,true,2,2,27886226,
1431904171960,com.google.android.music.dial.DialMediaRouteProviderService,com.google.android.music:main,10073,0,57202,[],false,true,0,0,57212,
1431904171960,ch.unige.css.services.PingService,ch.unige.ping,10149,1632,27917414,[STARTED],false,true,0,0,27917424,
1431904171960,com.google.android.search.core.service.BroadcastListenerService,com.google.android.googlequicksearchbox:search,10026,17345,75471,[STARTED],false,true,0,0,4806376,
1431904171960,com.android.systemui.keyguard.KeyguardService,com.android.systemui,10014,930,44352,[PERSISTENT],false,false,2,2,68066,
1431904171960,openiab.StoreService,cm.aptoide.pt,10148,0,54787,[],false,true,0,0,54797,
1431904171960,ch.unige.css.services.main.CssRegistryService,ch.unige.ping:background,10149,27135,27136666,[STARTED],false,true,0,0,27136676,
1431904171960,org.cyanogenmod.audiofx.HeadsetService,org.cyanogenmod.audiofx,10000,1289,67364,"[PERSISTENT,STARTED]",false,true,0,0,67374,
1431904171960,com.whatsapp.messaging.MessageService,com.whatsapp,10110,21053,67811,[STARTED],false,true,1,1,27916813,
1431904232083,com.android.bluetooth.hid.HidService,com.android.bluetooth,1002,0,49150,[],false,true,0,0,49160,
1431904232083,com.cleanmaster.service.PermanentService,com.cleanmaster.mguard:service,10138,1271,94138,[STARTED],false,true,2,2,27886226,
1431904232083,com.google.android.music.dial.DialMediaRouteProviderService,com.google.android.music:main,10073,0,57202,[],false,true,0,0,57212,
1431904232083,ch.unige.css.services.PingService,ch.unige.ping,10149,1632,27977480,[STARTED],false,true,0,0,27977490,
1431904232083,com.google.android.search.core.service.BroadcastListenerService,com.google.android.googlequicksearchbox:search,10026,17345,75471,[STARTED],false,true,0,0,4806376,
1431904232083,com.android.systemui.keyguard.KeyguardService,com.android.systemui,10014,930,44352,[PERSISTENT],false,false,2,2,68066,
1431904232083,openiab.StoreService,cm.aptoide.pt,10148,0,54787,[],false,true,0,0,54797,
1431904232083,ch.unige.css.services.main.CssRegistryService,ch.unige.ping:background,10149,27135,27136666,[STARTED],false,true,0,0,27136676,
1431904232083,org.cyanogenmod.audiofx.HeadsetService,org.cyanogenmod.audiofx,10000,1289,67364,"[PERSISTENT,STARTED]",false,true,0,0,67374,
1431904232083,com.whatsapp.messaging.MessageService,com.whatsapp,10110,21053,67811,[STARTED],false,true,1,1,27971053,
1431904292227,com.android.bluetooth.hid.HidService,com.android.bluetooth,1002,0,49150,[],false,true,0,0,49160,
1431904292227,com.cleanmaster.service.PermanentService,com.cleanmaster.mguard:service,10138,1271,94138,[STARTED],false,true,2,2,27886226,
1431904292227,com.google.android.music.dial.DialMediaRouteProviderService,com.google.android.music:main,10073,0,57202,[],false,true,0,0,57212,
1431904292227,ch.unige.css.services.PingService,ch.unige.ping,10149,1632,28037555,[STARTED],false,true,0,0,28037565,
1431904292227,com.google.android.search.core.service.BroadcastListenerService,com.google.android.googlequicksearchbox:search,10026,2776,75471,[STARTED],false,true,0,0,28007607,
1431904292227,com.android.systemui.keyguard.KeyguardService,com.android.systemui,10014,930,44352,[PERSISTENT],false,false,2,2,68066,
1431904292227,openiab.StoreService,cm.aptoide.pt,10148,0,54787,[],false,true,0,0,54797,
1431904292227,ch.unige.css.services.main.CssRegistryService,ch.unige.ping:background,10149,27135,27136666,[STARTED],false,true,0,0,27136676,
1431904292227,com.google.android.finsky.billing.iab.InAppBillingService,com.android.vending,10024,19930,27998709,[],false,true,1,1,27998719,
1431904292227,org.cyanogenmod.audiofx.HeadsetService,org.cyanogenmod.audiofx,10000,1289,67364,"[PERSISTENT,STARTED]",false,true,0,0,67374,
1431904352128,com.android.bluetooth.hid.HidService,com.android.bluetooth,1002,0,49150,[],false,true,0,0,49160,
1431904352128,com.cleanmaster.service.PermanentService,com.cleanmaster.mguard:service,10138,1271,94138,[STARTED],false,true,2,2,27886226,
1431904352128,com.google.android.music.dial.DialMediaRouteProviderService,com.google.android.music:main,10073,0,57202,[],false,true,0,0,57212,
1431904352128,ch.unige.css.services.PingService,ch.unige.ping,10149,1632,28097570,[STARTED],false,true,0,0,28097580,
1431904352128,com.google.android.search.core.service.BroadcastListenerService,com.google.android.googlequicksearchbox:search,10026,2776,75471,[STARTED],false,true,0,0,28007607,
1431904352128,com.android.systemui.keyguard.KeyguardService,com.android.systemui,10014,930,44352,[PERSISTENT],false,false,2,2,68066,
1431904352128,openiab.StoreService,cm.aptoide.pt,10148,0,54787,[],false,true,0,0,54797,
1431904352128,ch.unige.css.services.main.CssRegistryService,ch.unige.ping:background,10149,27135,27136666,[STARTED],false,true,0,0,27136676,
1431904352128,org.cyanogenmod.audiofx.HeadsetService,org.cyanogenmod.audiofx,10000,1289,67364,"[PERSISTENT,STARTED]",false,true,0,0,67374,
1431904352128,com.whatsapp.messaging.MessageService,com.whatsapp,10110,2649,67811,[STARTED],false,true,1,1,27998681,
1431904412218,com.android.bluetooth.hid.HidService,com.android.bluetooth,1002,0,49150,[],false,true,0,0,49160,
1431904412218,com.cleanmaster.service.PermanentService,com.cleanmaster.mguard:service,10138,1271,94138,[STARTED],false,true,2,2,27886226,
1431904412218,com.google.android.music.dial.DialMediaRouteProviderService,com.google.android.music:main,10073,0,57202,[],false,true,0,0,57212,
1431904412218,ch.unige.css.services.PingService,ch.unige.ping,10149,1632,28157620,[STARTED],false,true,0,0,28157630,
1431904412218,com.google.android.search.core.service.BroadcastListenerService,com.google.android.googlequicksearchbox:search,10026,2776,75471,[STARTED],false,true,0,0,28007607,
1431904412218,com.android.systemui.keyguard.KeyguardService,com.android.systemui,10014,930,44352,[PERSISTENT],false,false,2,2,68066,
1431904412218,openiab.StoreService,cm.aptoide.pt,10148,0,54787,[],false,true,0,0,54797,
1431904412218,ch.unige.css.services.main.CssRegistryService,ch.unige.ping:background,10149,27135,27136666,[STARTED],false,true,0,0,27136676,
1431904412218,org.cyanogenmod.audiofx.HeadsetService,org.cyanogenmod.audiofx,10000,1289,67364,"[PERSISTENT,STARTED]",false,true,0,0,67374,
1431904412218,com.whatsapp.messaging.MessageService,com.whatsapp,10110,2649,67811,[STARTED],false,true,1,1,27998681,
1431904472215,com.android.bluetooth.hid.HidService,com.android.bluetooth,1002,0,49150,[],false,true,0,0,49160,
1431904472215,com.cleanmaster.service.PermanentService,com.cleanmaster.mguard:service,10138,1271,94138,[STARTED],false,true,2,2,27886226,
1431904472215,com.google.android.music.dial.DialMediaRouteProviderService,com.google.android.music:main,10073,0,57202,[],false,true,0,0,57212,
1431904472215,ch.unige.css.services.PingService,ch.unige.ping,10149,1632,28217639,[STARTED],false,true,0,0,28217649,
1431904472215,com.google.android.search.core.service.BroadcastListenerService,com.google.android.googlequicksearchbox:search,10026,2776,75471,[STARTED],false,true,0,0,28007607,
1431904472215,com.android.systemui.keyguard.KeyguardService,com.android.systemui,10014,930,44352,[PERSISTENT],false,false,2,2,68066,
1431904472215,openiab.StoreService,cm.aptoide.pt,10148,0,54787,[],false,true,0,0,54797,
1431904472215,ch.unige.css.services.main.CssRegistryService,ch.unige.ping:background,10149,27135,27136666,[STARTED],false,true,0,0,27136676,
1431904472215,org.cyanogenmod.audiofx.HeadsetService,org.cyanogenmod.audiofx,10000,1289,67364,"[PERSISTENT,STARTED]",false,true,0,0,67374,
1431904472215,com.whatsapp.messaging.MessageService,com.whatsapp,10110,2649,67811,[STARTED],false,true,1,1,28206319,
1431904532356,com.android.bluetooth.hid.HidService,com.android.bluetooth,1002,0,49150,[],false,true,0,0,49160,
1431904532356,com.cleanmaster.service.PermanentService,com.cleanmaster.mguard:service,10138,1271,94138,[STARTED],false,true,2,2,27886226,
1431904532356,com.google.android.music.dial.DialMediaRouteProviderService,com.google.android.music:main,10073,0,57202,[],false,true,0,0,57212,
1431904532356,ch.unige.css.services.PingService,ch.unige.ping,10149,1632,28277684,[STARTED],false,true,0,0,28277694,
1431904532356,com.google.android.search.core.service.BroadcastListenerService,com.google.android.googlequicksearchbox:search,10026,2776,75471,[STARTED],false,true,0,0,28007607,
1431904532356,com.android.systemui.keyguard.KeyguardService,com.android.systemui,10014,930,44352,[PERSISTENT],false,false,2,2,68066,
1431904532356,openiab.StoreService,cm.aptoide.pt,10148,0,54787,[],false,true,0,0,54797,
1431904532356,ch.unige.css.services.main.CssRegistryService,ch.unige.ping:background,10149,27135,27136666,[STARTED],false,true,0,0,27136676,
1431904532356,org.cyanogenmod.audiofx.HeadsetService,org.cyanogenmod.audiofx,10000,1289,67364,"[PERSISTENT,STARTED]",false,true,0,0,67374,
1431904532356,com.whatsapp.messaging.MessageService,com.whatsapp,10110,2649,67811,[STARTED],false,true,1,1,28252266,
1431904603270,com.android.bluetooth.hid.HidService,com.android.bluetooth,1002,0,49150,[],false,true,0,0,49160,
1431904603270,com.cleanmaster.service.PermanentService,com.cleanmaster.mguard:service,10138,1271,94138,[STARTED],false,true,2,2,27886226,
1431904603270,com.google.android.music.dial.DialMediaRouteProviderService,com.google.android.music:main,10073,0,57202,[],false,true,0,0,57212,
1431904603270,ch.unige.css.services.PingService,ch.unige.ping,10149,1632,28348675,[STARTED],false,true,0,0,28348685,
1431904603270,com.google.android.search.core.service.BroadcastListenerService,com.google.android.googlequicksearchbox:search,10026,2776,75471,[STARTED],false,true,0,0,28007607,
1431904603270,com.android.systemui.keyguard.KeyguardService,com.android.systemui,10014,930,44352,[PERSISTENT],false,false,2,2,68066,
1431904603270,openiab.StoreService,cm.aptoide.pt,10148,0,54787,[],false,true,0,0,54797,
1431904603270,ch.unige.css.services.main.CssRegistryService,ch.unige.ping:background,10149,27135,27136666,[STARTED],false,true,0,0,27136676,
1431904603270,org.cyanogenmod.audiofx.HeadsetService,org.cyanogenmod.audiofx,10000,1289,67364,"[PERSISTENT,STARTED]",false,true,0,0,67374,
1431904603270,com.whatsapp.messaging.MessageService,com.whatsapp,10110,2649,67811,[STARTED],false,true,1,1,28297437,
1431904663445,com.android.bluetooth.hid.HidService,com.android.bluetooth,1002,0,49150,[],false,true,0,0,49160,
1431904663445,com.cleanmaster.service.PermanentService,com.cleanmaster.mguard:service,10138,1271,94138,[STARTED],false,true,1,1,28397517,
1431904663445,com.google.android.music.dial.DialMediaRouteProviderService,com.google.android.music:main,10073,0,57202,[],false,true,0,0,57212,
1431904663445,ch.unige.css.services.PingService,ch.unige.ping,10149,1632,28408750,[STARTED],false,true,0,0,28408760,
1431904663445,com.google.android.search.core.service.BroadcastListenerService,com.google.android.googlequicksearchbox:search,10026,2776,75471,[STARTED],false,true,0,0,28007607,
1431904663445,com.android.systemui.keyguard.KeyguardService,com.android.systemui,10014,930,44352,[PERSISTENT],false,false,2,2,68066,
1431904663445,openiab.StoreService,cm.aptoide.pt,10148,0,54787,[],false,true,0,0,54797,
1431904663445,ch.unige.css.services.main.CssRegistryService,ch.unige.ping:background,10149,27135,27136666,[STARTED],false,true,0,0,27136676,
1431904663445,com.google.android.finsky.billing.iab.InAppBillingService,com.android.vending,10024,19930,28398945,[],false,true,1,1,28398955,
1431904663445,org.cyanogenmod.audiofx.HeadsetService,org.cyanogenmod.audiofx,10000,1289,67364,"[PERSISTENT,STARTED]",false,true,0,0,67374,
1431904727847,com.android.bluetooth.hid.HidService,com.android.bluetooth,1002,0,49150,[],false,true,0,0,49160,
1431904727847,com.cleanmaster.service.PermanentService,com.cleanmaster.mguard:service,10138,1271,94138,[STARTED],false,true,1,1,28397517,
1431904727847,com.google.android.music.dial.DialMediaRouteProviderService,com.google.android.music:main,10073,0,57202,[],false,true,0,0,57212,
1431904727847,ch.unige.css.services.PingService,ch.unige.ping,10149,1632,28473250,[STARTED],false,true,0,0,28473260,
1431904727847,com.google.android.search.core.service.BroadcastListenerService,com.google.android.googlequicksearchbox:search,10026,2776,75471,[STARTED],false,true,0,0,28007607,
1431904727847,com.android.systemui.keyguard.KeyguardService,com.android.systemui,10014,930,44352,[PERSISTENT],false,false,2,2,68066,
1431904727847,openiab.StoreService,cm.aptoide.pt,10148,0,54787,[],false,true,0,0,54797,
1431904727847,ch.unige.css.services.main.CssRegistryService,ch.unige.ping:background,10149,27135,27136666,[STARTED],false,true,0,0,27136676,
1431904727847,com.google.android.finsky.billing.iab.InAppBillingService,com.android.vending,10024,19930,28398945,[],false,true,1,1,28398955,
1431904727847,org.cyanogenmod.audiofx.HeadsetService,org.cyanogenmod.audiofx,10000,1289,67364,"[PERSISTENT,STARTED]",false,true,0,0,67374,
1431904787838,com.android.bluetooth.hid.HidService,com.android.bluetooth,1002,0,49150,[],false,true,0,0,49160,
1431904787838,com.cleanmaster.service.PermanentService,com.cleanmaster.mguard:service,10138,1271,94138,[STARTED],false,true,1,1,28493705,
1431904787838,com.google.android.music.dial.DialMediaRouteProviderService,com.google.android.music:main,10073,0,57202,[],false,true,0,0,57212,
1431904787838,ch.unige.css.services.PingService,ch.unige.ping,10149,1632,28533280,[STARTED],false,true,0,0,28533290,
1431904787838,com.google.android.search.core.service.BroadcastListenerService,com.google.android.googlequicksearchbox:search,10026,2776,75471,[STARTED],false,true,0,0,28007607,
1431904787838,com.android.systemui.keyguard.KeyguardService,com.android.systemui,10014,930,44352,[PERSISTENT],false,false,2,2,68066,
1431904787838,openiab.StoreService,cm.aptoide.pt,10148,0,54787,[],false,true,0,0,54797,
1431904787838,ch.unige.css.services.main.CssRegistryService,ch.unige.ping:background,10149,27135,27136666,[STARTED],false,true,0,0,27136676,
1431904787838,com.google.android.finsky.billing.iab.InAppBillingService,com.android.vending,10024,19930,28398945,[],false,true,1,1,28398955,
1431904787838,org.cyanogenmod.audiofx.HeadsetService,org.cyanogenmod.audiofx,10000,1289,67364,"[PERSISTENT,STARTED]",false,true,0,0,67374,
1431904848059,com.android.bluetooth.hid.HidService,com.android.bluetooth,1002,0,49150,[],false,true,0,0,49160,
1431904848059,com.cleanmaster.service.PermanentService,com.cleanmaster.mguard:service,10138,1271,94138,[STARTED],false,true,1,1,28493705,
1431904848059,com.google.android.music.dial.DialMediaRouteProviderService,com.google.android.music:main,10073,0,57202,[],false,true,0,0,57212,
1431904848059,ch.unige.css.services.PingService,ch.unige.ping,10149,1632,28593452,[STARTED],false,true,0,0,28593462,
1431904848059,com.google.android.search.core.service.BroadcastListenerService,com.google.android.googlequicksearchbox:search,10026,2776,75471,[STARTED],false,true,0,0,28007607,
1431904848059,com.android.systemui.keyguard.KeyguardService,com.android.systemui,10014,930,44352,[PERSISTENT],false,false,2,2,68066,
1431904848059,openiab.StoreService,cm.aptoide.pt,10148,0,54787,[],false,true,0,0,54797,
1431904848059,ch.unige.css.services.main.CssRegistryService,ch.unige.ping:background,10149,27135,27136666,[STARTED],false,true,0,0,27136676,
1431904848059,com.google.android.finsky.billing.iab.InAppBillingService,com.android.vending,10024,19930,28398945,[],false,true,1,1,28398955,
1431904848059,org.cyanogenmod.audiofx.HeadsetService,org.cyanogenmod.audiofx,10000,1289,67364,"[PERSISTENT,STARTED]",false,true,0,0,67374,
1431904908101,com.android.bluetooth.hid.HidService,com.android.bluetooth,1002,0,49150,[],false,true,0,0,49160,
1431904908101,com.cleanmaster.service.PermanentService,com.cleanmaster.mguard:service,10138,1271,94138,[STARTED],false,true,1,1,28493705,
1431904908101,com.google.android.music.dial.DialMediaRouteProviderService,com.google.android.music:main,10073,0,57202,[],false,true,0,0,57212,
1431904908101,ch.unige.css.services.PingService,ch.unige.ping,10149,1632,28653500,[STARTED],false,true,0,0,28653510,
1431904908101,com.google.android.search.core.service.BroadcastListenerService,com.google.android.googlequicksearchbox:search,10026,2776,75471,[STARTED],false,true,0,0,28007607,
1431904908101,com.android.systemui.keyguard.KeyguardService,com.android.systemui,10014,930,44352,[PERSISTENT],false,false,2,2,68066,
1431904908101,openiab.StoreService,cm.aptoide.pt,10148,0,54787,[],false,true,0,0,54797,
1431904908101,ch.unige.css.services.main.CssRegistryService,ch.unige.ping:background,10149,27135,27136666,[STARTED],false,true,0,0,27136676,
1431904908101,com.google.android.finsky.billing.iab.InAppBillingService,com.android.vending,10024,19930,28398945,[],false,true,1,1,28398955,
1431904908101,org.cyanogenmod.audiofx.HeadsetService,org.cyanogenmod.audiofx,10000,1289,67364,"[PERSISTENT,STARTED]",false,true,0,0,67374,
1431904968302,com.android.bluetooth.hid.HidService,com.android.bluetooth,1002,0,49150,[],false,true,0,0,49160,
1431904968302,com.cleanmaster.service.PermanentService,com.cleanmaster.mguard:service,10138,1271,94138,[STARTED],false,true,1,1,28493705,
1431904968302,com.google.android.music.dial.DialMediaRouteProviderService,com.google.android.music:main,10073,0,57202,[],false,true,0,0,57212,
1431904968302,ch.unige.css.services.PingService,ch.unige.ping,10149,1632,28713702,[STARTED],false,true,0,0,28713712,
1431904968302,com.google.android.search.core.service.BroadcastListenerService,com.google.android.googlequicksearchbox:search,10026,2776,75471,[STARTED],false,true,0,0,28007607,
1431904968302,com.android.systemui.keyguard.KeyguardService,com.android.systemui,10014,930,44352,[PERSISTENT],false,false,2,2,68066,
1431904968302,openiab.StoreService,cm.aptoide.pt,10148,0,54787,[],false,true,0,0,54797,
1431904968302,ch.unige.css.services.main.CssRegistryService,ch.unige.ping:background,10149,27135,27136666,[STARTED],false,true,0,0,27136676,
1431904968302,com.google.android.finsky.billing.iab.InAppBillingService,com.android.vending,10024,19930,28398945,[],false,true,1,1,28398955,
1431904968302,org.cyanogenmod.audiofx.HeadsetService,org.cyanogenmod.audiofx,10000,1289,67364,"[PERSISTENT,STARTED]",false,true,0,0,67374,
1431905028433,com.android.bluetooth.hid.HidService,com.android.bluetooth,1002,0,49150,[],false,true,0,0,49160,
1431905028433,com.cleanmaster.service.PermanentService,com.cleanmaster.mguard:service,10138,1271,94138,[STARTED],false,true,1,1,28493705,
1431905028433,com.google.android.music.dial.DialMediaRouteProviderService,com.google.android.music:main,10073,0,57202,[],false,true,0,0,57212,
1431905028433,ch.unige.css.services.PingService,ch.unige.ping,10149,1632,28773826,[STARTED],false,true,0,0,28773836,
1431905028433,com.google.android.search.core.service.BroadcastListenerService,com.google.android.googlequicksearchbox:search,10026,2776,75471,[STARTED],false,true,0,0,28007607,
1431905028433,com.android.systemui.keyguard.KeyguardService,com.android.systemui,10014,930,44352,[PERSISTENT],false,false,2,2,68066,
1431905028433,openiab.StoreService,cm.aptoide.pt,10148,0,54787,[],false,true,0,0,54797,
1431905028433,ch.unige.css.services.main.CssRegistryService,ch.unige.ping:background,10149,27135,27136666,[STARTED],false,true,0,0,27136676,
1431905028433,com.google.android.finsky.billing.iab.InAppBillingService,com.android.vending,10024,19930,28398945,[],false,true,1,1,28398955,
1431905028433,org.cyanogenmod.audiofx.HeadsetService,org.cyanogenmod.audiofx,10000,1289,67364,"[PERSISTENT,STARTED]",false,true,0,0,67374,
1431905090715,com.android.bluetooth.hid.HidService,com.android.bluetooth,1002,0,49150,[],false,true,0,0,49160,
1431905090715,com.cleanmaster.service.PermanentService,com.cleanmaster.mguard:service,10138,1271,94138,[STARTED],false,true,1,1,28493705,
1431905090715,com.google.android.music.dial.DialMediaRouteProviderService,com.google.android.music:main,10073,0,57202,[],false,true,0,0,57212,
1431905090715,ch.unige.css.services.PingService,ch.unige.ping,10149,1632,28836120,[STARTED],false,true,0,0,28836130,
1431905090715,com.google.android.search.core.service.BroadcastListenerService,com.google.android.googlequicksearchbox:search,10026,2776,75471,[STARTED],false,true,0,0,28007607,
1431905090715,com.android.systemui.keyguard.KeyguardService,com.android.systemui,10014,930,44352,[PERSISTENT],false,false,2,2,68066,
1431905090715,openiab.StoreService,cm.aptoide.pt,10148,0,54787,[],false,true,0,0,54797,
1431905090715,ch.unige.css.services.main.CssRegistryService,ch.unige.ping:background,10149,27135,27136666,[STARTED],false,true,0,0,27136676,
1431905090715,com.google.android.finsky.billing.iab.InAppBillingService,com.android.vending,10024,19930,28398945,[],false,true,1,1,28398955,
1431905090715,org.cyanogenmod.audiofx.HeadsetService,org.cyanogenmod.audiofx,10000,1289,67364,"[PERSISTENT,STARTED]",false,true,0,0,67374,
1431905150810,com.android.bluetooth.hid.HidService,com.android.bluetooth,1002,0,49150,[],false,true,0,0,49160,
1431905150810,com.cleanmaster.service.PermanentService,com.cleanmaster.mguard:service,10138,1271,94138,[STARTED],false,true,1,1,28493705,
1431905150810,com.google.android.music.dial.DialMediaRouteProviderService,com.google.android.music:main,10073,0,57202,[],false,true,0,0,57212,
1431905150810,ch.unige.css.services.PingService,ch.unige.ping,10149,1632,28896204,[STARTED],false,true,0,0,28896214,
1431905150810,com.google.android.search.core.service.BroadcastListenerService,com.google.android.googlequicksearchbox:search,10026,2776,75471,[STARTED],false,true,0,0,28007607,
1431905150810,com.android.systemui.keyguard.KeyguardService,com.android.systemui,10014,930,44352,[PERSISTENT],false,false,2,2,68066,
1431905150810,openiab.StoreService,cm.aptoide.pt,10148,0,54787,[],false,true,0,0,54797,
1431905150810,ch.unige.css.services.main.CssRegistryService,ch.unige.ping:background,10149,27135,27136666,[STARTED],false,true,0,0,27136676,
1431905150810,com.google.android.finsky.billing.iab.InAppBillingService,com.android.vending,10024,19930,28398945,[],false,true,1,1,28398955,
1431905150810,org.cyanogenmod.audiofx.HeadsetService,org.cyanogenmod.audiofx,10000,1289,67364,"[PERSISTENT,STARTED]",false,true,0,0,67374,
1431905211659,com.android.bluetooth.hid.HidService,com.android.bluetooth,1002,0,49150,[],false,true,0,0,49160,
1431905211659,com.cleanmaster.service.PermanentService,com.cleanmaster.mguard:service,10138,1271,94138,[STARTED],false,true,1,1,28493705,
1431905211659,com.google.android.music.dial.DialMediaRouteProviderService,com.google.android.music:main,10073,0,57202,[],false,true,0,0,57212,
1431905211659,ch.unige.css.services.PingService,ch.unige.ping,10149,1632,28957062,[STARTED],false,true,0,0,28957072,
1431905211659,com.google.android.search.core.service.BroadcastListenerService,com.google.android.googlequicksearchbox:search,10026,2776,75471,[STARTED],false,true,0,0,28007607,
1431905211659,com.android.systemui.keyguard.KeyguardService,com.android.systemui,10014,930,44352,[PERSISTENT],false,false,2,2,68066,
1431905211659,openiab.StoreService,cm.aptoide.pt,10148,0,54787,[],false,true,0,0,54797,
1431905211659,ch.unige.css.services.main.CssRegistryService,ch.unige.ping:background,10149,27135,27136666,[STARTED],false,true,0,0,27136676,
1431905211659,com.google.android.finsky.billing.iab.InAppBillingService,com.android.vending,10024,19930,28398945,[],false,true,1,1,28398955,
1431905211659,org.cyanogenmod.audiofx.HeadsetService,org.cyanogenmod.audiofx,10000,1289,67364,"[PERSISTENT,STARTED]",false,true,0,0,67374,
1431905283998,com.android.bluetooth.hid.HidService,com.android.bluetooth,1002,0,49150,[],false,true,0,0,49160,
1431905283998,com.cleanmaster.service.PermanentService,com.cleanmaster.mguard:service,10138,1271,94138,[STARTED],false,true,1,1,28493705,
1431905283998,com.google.android.music.dial.DialMediaRouteProviderService,com.google.android.music:main,10073,0,57202,[],false,true,0,0,57212,
1431905283998,ch.unige.css.services.PingService,ch.unige.ping,10149,1632,29029398,[STARTED],false,true,0,0,29029408,
1431905283998,com.google.android.search.core.service.BroadcastListenerService,com.google.android.googlequicksearchbox:search,10026,2776,75471,[STARTED],false,true,0,0,28007607,
1431905283998,com.android.systemui.keyguard.KeyguardService,com.android.systemui,10014,930,44352,[PERSISTENT],false,false,2,2,68066,
1431905283998,openiab.StoreService,cm.aptoide.pt,10148,0,54787,[],false,true,0,0,54797,
1431905283998,ch.unige.css.services.main.CssRegistryService,ch.unige.ping:background,10149,27135,27136666,[STARTED],false,true,0,0,27136676,
1431905283998,com.google.android.finsky.billing.iab.InAppBillingService,com.android.vending,10024,19930,28398945,[],false,true,1,1,28398955,
1431905283998,org.cyanogenmod.audiofx.HeadsetService,org.cyanogenmod.audiofx,10000,1289,67364,"[PERSISTENT,STARTED]",false,true,0,0,67374,
1431905344047,com.android.bluetooth.hid.HidService,com.android.bluetooth,1002,0,49150,[],false,true,0,0,49160,
1431905344047,com.cleanmaster.service.PermanentService,com.cleanmaster.mguard:service,10138,1271,94138,[STARTED],false,true,1,1,28493705,
1431905344047,com.google.android.music.dial.DialMediaRouteProviderService,com.google.android.music:main,10073,0,57202,[],false,true,0,0,57212,
1431905344047,ch.unige.css.services.PingService,ch.unige.ping,10149,1632,29089452,[STARTED],false,true,0,0,29089462,
1431905344047,com.google.android.search.core.service.BroadcastListenerService,com.google.android.googlequicksearchbox:search,10026,2776,75471,[STARTED],false,true,0,0,28007607,
1431905344047,com.android.systemui.keyguard.KeyguardService,com.android.systemui,10014,930,44352,[PERSISTENT],false,false,2,2,68066,
1431905344047,openiab.StoreService,cm.aptoide.pt,10148,0,54787,[],false,true,0,0,54797,
1431905344047,ch.unige.css.services.main.CssRegistryService,ch.unige.ping:background,10149,27135,27136666,[STARTED],false,true,0,0,27136676,
1431905344047,com.google.android.finsky.billing.iab.InAppBillingService,com.android.vending,10024,19930,28398945,[],false,true,1,1,28398955,
1431905344047,org.cyanogenmod.audiofx.HeadsetService,org.cyanogenmod.audiofx,10000,1289,67364,"[PERSISTENT,STARTED]",false,true,0,0,67374,
1431905406502,com.android.bluetooth.hid.HidService,com.android.bluetooth,1002,0,49150,[],false,true,0,0,49160,
1431905406502,com.cleanmaster.service.PermanentService,com.cleanmaster.mguard:service,10138,1271,94138,[STARTED],false,true,1,1,28493705,
1431905406502,com.google.android.music.dial.DialMediaRouteProviderService,com.google.android.music:main,10073,0,57202,[],false,true,0,0,57212,
1431905406502,ch.unige.css.services.PingService,ch.unige.ping,10149,1632,29151902,[STARTED],false,true,0,0,29151912,
1431905406502,com.google.android.search.core.service.BroadcastListenerService,com.google.android.googlequicksearchbox:search,10026,2776,75471,[STARTED],false,true,0,0,28007607,
1431905406502,com.android.systemui.keyguard.KeyguardService,com.android.systemui,10014,930,44352,[PERSISTENT],false,false,2,2,68066,
1431905406502,openiab.StoreService,cm.aptoide.pt,10148,0,54787,[],false,true,0,0,54797,
1431905406502,ch.unige.css.services.main.CssRegistryService,ch.unige.ping:background,10149,27135,27136666,[STARTED],false,true,0,0,27136676,
1431905406502,com.google.android.finsky.billing.iab.InAppBillingService,com.android.vending,10024,19930,28398945,[],false,true,1,1,28398955,
1431905406502,org.cyanogenmod.audiofx.HeadsetService,org.cyanogenmod.audiofx,10000,1289,67364,"[PERSISTENT,STARTED]",false,true,0,0,67374,
1431905479341,com.android.bluetooth.hid.HidService,com.android.bluetooth,1002,0,49150,[],false,true,0,0,49160,
1431905479341,com.cleanmaster.service.PermanentService,com.cleanmaster.mguard:service,10138,1271,94138,[STARTED],false,true,1,1,28493705,
1431905479341,com.google.android.music.dial.DialMediaRouteProviderService,com.google.android.music:main,10073,0,57202,[],false,true,0,0,57212,
1431905479341,ch.unige.css.services.PingService,ch.unige.ping,10149,1632,29224744,[STARTED],false,true,0,0,29224753,
1431905479341,com.google.android.search.core.service.BroadcastListenerService,com.google.android.googlequicksearchbox:search,10026,2776,75471,[STARTED],false,true,0,0,28007607,
1431905479341,com.android.systemui.keyguard.KeyguardService,com.android.systemui,10014,930,44352,[PERSISTENT],false,false,2,2,68066,
1431905479341,openiab.StoreService,cm.aptoide.pt,10148,0,54787,[],false,true,0,0,54797,
1431905479341,ch.unige.css.services.main.CssRegistryService,ch.unige.ping:background,10149,27135,27136666,[STARTED],false,true,0,0,27136676,
1431905479341,com.google.android.finsky.billing.iab.InAppBillingService,com.android.vending,10024,19930,28398945,[],false,true,1,1,28398955,
1431905479341,org.cyanogenmod.audiofx.HeadsetService,org.cyanogenmod.audiofx,10000,1289,67364,"[PERSISTENT,STARTED]",false,true,0,0,67374,
1431905539494,com.android.bluetooth.hid.HidService,com.android.bluetooth,1002,0,49150,[],false,true,0,0,49160,
1431905539494,com.cleanmaster.service.PermanentService,com.cleanmaster.mguard:service,10138,1271,94138,[STARTED],false,true,1,1,28493705,
1431905539494,com.google.android.music.dial.DialMediaRouteProviderService,com.google.android.music:main,10073,0,57202,[],false,true,0,0,57212,
1431905539494,ch.unige.css.services.PingService,ch.unige.ping,10149,1632,29284891,[STARTED],false,true,0,0,29284901,
1431905539494,com.google.android.search.core.service.BroadcastListenerService,com.google.android.googlequicksearchbox:search,10026,2776,75471,[STARTED],false,true,0,0,28007607,
1431905539494,com.android.systemui.keyguard.KeyguardService,com.android.systemui,10014,930,44352,[PERSISTENT],false,false,2,2,68066,
1431905539494,openiab.StoreService,cm.aptoide.pt,10148,0,54787,[],false,true,0,0,54797,
1431905539494,ch.unige.css.services.main.CssRegistryService,ch.unige.ping:background,10149,27135,27136666,[STARTED],false,true,0,0,27136676,
1431905539494,com.google.android.finsky.billing.iab.InAppBillingService,com.android.vending,10024,19930,28398945,[],false,true,1,1,28398955,
1431905539494,org.cyanogenmod.audiofx.HeadsetService,org.cyanogenmod.audiofx,10000,1289,67364,"[PERSISTENT,STARTED]",false,true,0,0,67374,
1431905599643,com.android.bluetooth.hid.HidService,com.android.bluetooth,1002,0,49150,[],false,true,0,0,49160,
1431905599643,com.cleanmaster.service.PermanentService,com.cleanmaster.mguard:service,10138,1271,94138,[STARTED],false,true,1,1,28493705,
1431905599643,com.google.android.music.dial.DialMediaRouteProviderService,com.google.android.music:main,10073,0,57202,[],false,true,0,0,57212,
1431905599643,ch.unige.css.services.PingService,ch.unige.ping,10149,1632,29345048,[STARTED],false,true,0,0,29345058,
1431905599643,com.google.android.search.core.service.BroadcastListenerService,com.google.android.googlequicksearchbox:search,10026,2776,75471,[STARTED],false,true,0,0,28007607,
1431905599643,com.android.systemui.keyguard.KeyguardService,com.android.systemui,10014,930,44352,[PERSISTENT],false,false,2,2,68066,
1431905599643,openiab.StoreService,cm.aptoide.pt,10148,0,54787,[],false,true,0,0,54797,
1431905599643,ch.unige.css.services.main.CssRegistryService,ch.unige.ping:background,10149,27135,27136666,[STARTED],false,true,0,0,27136676,
1431905599643,com.google.android.finsky.billing.iab.InAppBillingService,com.android.vending,10024,19930,28398945,[],false,true,1,1,28398955,
1431905599643,org.cyanogenmod.audiofx.HeadsetService,org.cyanogenmod.audiofx,10000,1289,67364,"[PERSISTENT,STARTED]",false,true,0,0,67374,
1431905659858,com.android.bluetooth.hid.HidService,com.android.bluetooth,1002,0,49150,[],false,true,0,0,49160,
1431905659858,com.cleanmaster.service.PermanentService,com.cleanmaster.mguard:service,10138,1271,94138,[STARTED],false,true,1,1,28493705,
1431905659858,com.google.android.music.dial.DialMediaRouteProviderService,com.google.android.music:main,10073,0,57202,[],false,true,0,0,57212,
1431905659858,ch.unige.css.services.PingService,ch.unige.ping,10149,1632,29405254,[STARTED],false,true,0,0,29405264,
1431905659858,com.google.android.search.core.service.BroadcastListenerService,com.google.android.googlequicksearchbox:search,10026,2776,75471,[STARTED],false,true,0,0,28007607,
1431905659858,com.google.ipc.invalidation.ticl.android2.TiclService,com.android.chrome,10106,26237,29405245,[STARTED],false,true,0,0,29405255,
1431905659858,com.android.systemui.keyguard.KeyguardService,com.android.systemui,10014,930,44352,[PERSISTENT],false,false,2,2,68066,
1431905659858,openiab.StoreService,cm.aptoide.pt,10148,0,54787,[],false,true,0,0,54797,
1431905659858,ch.unige.css.services.main.CssRegistryService,ch.unige.ping:background,10149,27135,27136666,[STARTED],false,true,0,0,27136676,
1431905659858,com.google.android.finsky.billing.iab.InAppBillingService,com.android.vending,10024,19930,28398945,[],false,true,1,1,28398955,
1431905720088,com.android.bluetooth.hid.HidService,com.android.bluetooth,1002,0,49150,[],false,true,0,0,49160,
1431905720088,com.cleanmaster.service.PermanentService,com.cleanmaster.mguard:service,10138,1271,94138,[STARTED],false,true,1,1,28493705,
1431905720088,com.google.android.music.dial.DialMediaRouteProviderService,com.google.android.music:main,10073,0,57202,[],false,true,0,0,57212,
1431905720088,ch.unige.css.services.PingService,ch.unige.ping,10149,1632,29465455,[STARTED],false,true,0,0,29465465,
1431905720088,com.google.android.search.core.service.BroadcastListenerService,com.google.android.googlequicksearchbox:search,10026,2776,75471,[STARTED],false,true,0,0,28007607,
1431905720088,com.android.systemui.keyguard.KeyguardService,com.android.systemui,10014,930,44352,[PERSISTENT],false,false,2,2,68066,
1431905720088,openiab.StoreService,cm.aptoide.pt,10148,0,54787,[],false,true,0,0,54797,
1431905720088,ch.unige.css.services.main.CssRegistryService,ch.unige.ping:background,10149,27135,27136666,[STARTED],false,true,0,0,27136676,
1431905720088,com.google.android.finsky.billing.iab.InAppBillingService,com.android.vending,10024,19930,28398945,[],false,true,1,1,28398955,
1431905720088,org.cyanogenmod.audiofx.HeadsetService,org.cyanogenmod.audiofx,10000,1289,67364,"[PERSISTENT,STARTED]",false,true,0,0,67374,
1431905780173,com.android.bluetooth.hid.HidService,com.android.bluetooth,1002,0,49150,[],false,true,0,0,49160,
1431905780173,com.cleanmaster.service.PermanentService,com.cleanmaster.mguard:service,10138,1271,94138,[STARTED],false,true,1,1,28493705,
1431905780173,com.google.android.music.dial.DialMediaRouteProviderService,com.google.android.music:main,10073,0,57202,[],false,true,0,0,57212,
1431905780173,ch.unige.css.services.PingService,ch.unige.ping,10149,1632,29525554,[STARTED],false,true,0,0,29525564,
1431905780173,com.google.android.search.core.service.BroadcastListenerService,com.google.android.googlequicksearchbox:search,10026,2776,75471,[STARTED],false,true,0,0,28007607,
1431905780173,com.android.systemui.keyguard.KeyguardService,com.android.systemui,10014,930,44352,[PERSISTENT],false,false,2,2,68066,
1431905780173,openiab.StoreService,cm.aptoide.pt,10148,0,54787,[],false,true,0,0,54797,
1431905780173,ch.unige.css.services.main.CssRegistryService,ch.unige.ping:background,10149,27135,27136666,[STARTED],false,true,0,0,27136676,
1431905780173,com.google.android.finsky.billing.iab.InAppBillingService,com.android.vending,10024,19930,28398945,[],false,true,1,1,28398955,
1431905780173,org.cyanogenmod.audiofx.HeadsetService,org.cyanogenmod.audiofx,10000,1289,67364,"[PERSISTENT,STARTED]",false,true,0,0,67374,
1431905840288,com.android.bluetooth.hid.HidService,com.android.bluetooth,1002,0,49150,[],false,true,0,0,49160,
1431905840288,com.cleanmaster.service.PermanentService,com.cleanmaster.mguard:service,10138,1271,94138,[STARTED],false,true,1,1,28493705,
1431905840288,com.google.android.music.dial.DialMediaRouteProviderService,com.google.android.music:main,10073,0,57202,[],false,true,0,0,57212,
1431905840288,ch.unige.css.services.PingService,ch.unige.ping,10149,1632,29585666,[STARTED],false,true,0,0,29585676,
1431905840288,com.google.android.search.core.service.BroadcastListenerService,com.google.android.googlequicksearchbox:search,10026,2776,75471,[STARTED],false,true,0,0,28007607,
1431905840288,com.android.systemui.keyguard.KeyguardService,com.android.systemui,10014,930,44352,[PERSISTENT],false,false,2,2,68066,
1431905840288,openiab.StoreService,cm.aptoide.pt,10148,0,54787,[],false,true,0,0,54797,
1431905840288,ch.unige.css.services.main.CssRegistryService,ch.unige.ping:background,10149,27135,27136666,[STARTED],false,true,0,0,27136676,
1431905840288,com.google.android.finsky.billing.iab.InAppBillingService,com.android.vending,10024,19930,28398945,[],false,true,1,1,28398955,
1431905840288,org.cyanogenmod.audiofx.HeadsetService,org.cyanogenmod.audiofx,10000,1289,67364,"[PERSISTENT,STARTED]",false,true,0,0,67374,
1431905900468,com.android.bluetooth.hid.HidService,com.android.bluetooth,1002,0,49150,[],false,true,0,0,49160,
1431905900468,com.cleanmaster.service.PermanentService,com.cleanmaster.mguard:service,10138,1271,94138,[STARTED],false,true,1,1,28493705,
1431905900468,com.google.android.music.dial.DialMediaRouteProviderService,com.google.android.music:main,10073,0,57202,[],false,true,0,0,57212,
1431905900468,ch.unige.css.services.PingService,ch.unige.ping,10149,1632,29645915,[STARTED],false,true,0,0,29645925,
1431905900468,com.google.android.search.core.service.BroadcastListenerService,com.google.android.googlequicksearchbox:search,10026,2776,75471,[STARTED],false,true,0,0,28007607,
1431905900468,com.android.systemui.keyguard.KeyguardService,com.android.systemui,10014,930,44352,[PERSISTENT],false,false,2,2,68066,
1431905900468,openiab.StoreService,cm.aptoide.pt,10148,0,54787,[],false,true,0,0,54797,
1431905900468,ch.unige.css.services.main.CssRegistryService,ch.unige.ping:background,10149,27135,27136666,[STARTED],false,true,0,0,27136676,
1431905900468,com.google.android.finsky.billing.iab.InAppBillingService,com.android.vending,10024,19930,28398945,[],false,true,1,1,28398955,
1431905900468,org.cyanogenmod.audiofx.HeadsetService,org.cyanogenmod.audiofx,10000,1289,67364,"[PERSISTENT,STARTED]",false,true,0,0,67374,
1431905984885,com.android.bluetooth.hid.HidService,com.android.bluetooth,1002,0,49150,[],false,true,0,0,49160,
1431905984885,com.cleanmaster.service.PermanentService,com.cleanmaster.mguard:service,10138,1271,94138,[STARTED],false,true,1,1,28493705,
1431905984885,com.google.android.music.dial.DialMediaRouteProviderService,com.google.android.music:main,10073,0,57202,[],false,true,0,0,57212,
1431905984885,ch.unige.css.services.PingService,ch.unige.ping,10149,1632,29730289,[STARTED],false,true,0,0,29730299,
1431905984885,com.google.android.search.core.service.BroadcastListenerService,com.google.android.googlequicksearchbox:search,10026,2776,75471,[STARTED],false,true,0,0,28007607,
1431905984885,com.android.systemui.keyguard.KeyguardService,com.android.systemui,10014,930,44352,[PERSISTENT],false,false,2,2,68066,
1431905984885,openiab.StoreService,cm.aptoide.pt,10148,0,54787,[],false,true,0,0,54797,
1431905984885,ch.unige.css.services.main.CssRegistryService,ch.unige.ping:background,10149,27135,27136666,[STARTED],false,true,0,0,27136676,
1431905984885,com.google.android.finsky.billing.iab.InAppBillingService,com.android.vending,10024,19930,28398945,[],false,true,1,1,28398955,
1431905984885,org.cyanogenmod.audiofx.HeadsetService,org.cyanogenmod.audiofx,10000,1289,67364,"[PERSISTENT,STARTED]",false,true,0,0,67374,
1431906045011,com.android.bluetooth.hid.HidService,com.android.bluetooth,1002,0,49150,[],false,true,0,0,49160,
1431906045011,com.cleanmaster.service.PermanentService,com.cleanmaster.mguard:service,10138,1271,94138,[STARTED],false,true,1,1,28493705,
1431906045011,com.google.android.music.dial.DialMediaRouteProviderService,com.google.android.music:main,10073,0,57202,[],false,true,0,0,57212,
1431906045011,ch.unige.css.services.PingService,ch.unige.ping,10149,1632,29790401,[STARTED],false,true,0,0,29790411,
1431906045011,com.google.android.search.core.service.BroadcastListenerService,com.google.android.googlequicksearchbox:search,10026,2776,75471,[STARTED],false,true,0,0,28007607,
1431906045011,com.android.systemui.keyguard.KeyguardService,com.android.systemui,10014,930,44352,[PERSISTENT],false,false,2,2,68066,
1431906045011,openiab.StoreService,cm.aptoide.pt,10148,0,54787,[],false,true,0,0,54797,
1431906045011,ch.unige.css.services.main.CssRegistryService,ch.unige.ping:background,10149,27135,27136666,[STARTED],false,true,0,0,27136676,
1431906045011,com.google.android.finsky.billing.iab.InAppBillingService,com.android.vending,10024,19930,28398945,[],false,true,1,1,28398955,
1431906045011,org.cyanogenmod.audiofx.HeadsetService,org.cyanogenmod.audiofx,10000,1289,67364,"[PERSISTENT,STARTED]",false,true,0,0,67374,
1431906105060,com.android.bluetooth.hid.HidService,com.android.bluetooth,1002,0,49150,[],false,true,0,0,49160,
1431906105060,com.cleanmaster.service.PermanentService,com.cleanmaster.mguard:service,10138,1271,94138,[STARTED],false,true,1,1,28493705,
1431906105060,com.google.android.music.dial.DialMediaRouteProviderService,com.google.android.music:main,10073,0,57202,[],false,true,0,0,57212,
1431906105060,ch.unige.css.services.PingService,ch.unige.ping,10149,1632,29850474,[STARTED],false,true,0,0,29850484,
1431906105060,com.google.android.search.core.service.BroadcastListenerService,com.google.android.googlequicksearchbox:search,10026,2776,75471,[STARTED],false,true,0,0,28007607,
1431906105060,com.android.systemui.keyguard.KeyguardService,com.android.systemui,10014,930,44352,[PERSISTENT],false,false,2,2,68066,
1431906105060,openiab.StoreService,cm.aptoide.pt,10148,0,54787,[],false,true,0,0,54797,
1431906105060,ch.unige.css.services.main.CssRegistryService,ch.unige.ping:background,10149,27135,27136666,[STARTED],false,true,0,0,27136676,
1431906105060,com.google.android.finsky.billing.iab.InAppBillingService,com.android.vending,10024,19930,28398945,[],false,true,1,1,28398955,
1431906105060,org.cyanogenmod.audiofx.HeadsetService,org.cyanogenmod.audiofx,10000,1289,67364,"[PERSISTENT,STARTED]",false,true,0,0,67374,
1431906167534,com.android.bluetooth.hid.HidService,com.android.bluetooth,1002,0,49150,[],false,true,0,0,49160,
1431906167534,com.cleanmaster.service.PermanentService,com.cleanmaster.mguard:service,10138,1271,94138,[STARTED],false,true,1,1,28493705,
1431906167534,com.google.android.music.dial.DialMediaRouteProviderService,com.google.android.music:main,10073,0,57202,[],false,true,0,0,57212,
1431906167534,ch.unige.css.services.PingService,ch.unige.ping,10149,1632,29912940,[STARTED],false,true,0,0,29912950,
1431906167534,com.google.android.search.core.service.BroadcastListenerService,com.google.android.googlequicksearchbox:search,10026,2776,75471,[STARTED],false,true,0,0,28007607,
1431906167534,com.android.systemui.keyguard.KeyguardService,com.android.systemui,10014,930,44352,[PERSISTENT],false,false,2,2,68066,
1431906167534,openiab.StoreService,cm.aptoide.pt,10148,0,54787,[],false,true,0,0,54797,
1431906167534,ch.unige.css.services.main.CssRegistryService,ch.unige.ping:background,10149,27135,27136666,[STARTED],false,true,0,0,27136676,
1431906167534,com.google.android.finsky.billing.iab.InAppBillingService,com.android.vending,10024,19930,28398945,[],false,true,1,1,28398955,
1431906167534,org.cyanogenmod.audiofx.HeadsetService,org.cyanogenmod.audiofx,10000,1289,67364,"[PERSISTENT,STARTED]",false,true,0,0,67374,
1431906227569,com.android.bluetooth.hid.HidService,com.android.bluetooth,1002,0,49150,[],false,true,0,0,49160,
1431906227569,com.cleanmaster.service.PermanentService,com.cleanmaster.mguard:service,10138,1271,94138,[STARTED],false,true,1,1,28493705,
1431906227569,com.google.android.music.dial.DialMediaRouteProviderService,com.google.android.music:main,10073,0,57202,[],false,true,0,0,57212,
1431906227569,ch.unige.css.services.PingService,ch.unige.ping,10149,1632,29972993,[STARTED],false,true,0,0,29973003,
1431906227569,com.google.android.search.core.service.BroadcastListenerService,com.google.android.googlequicksearchbox:search,10026,2776,75471,[STARTED],false,true,0,0,28007607,
1431906227569,com.android.systemui.keyguard.KeyguardService,com.android.systemui,10014,930,44352,[PERSISTENT],false,false,2,2,68066,
1431906227569,openiab.StoreService,cm.aptoide.pt,10148,0,54787,[],false,true,0,0,54797,
1431906227569,ch.unige.css.services.main.CssRegistryService,ch.unige.ping:background,10149,27135,27136666,[STARTED],false,true,0,0,27136676,
1431906227569,com.google.android.finsky.billing.iab.InAppBillingService,com.android.vending,10024,19930,28398945,[],false,true,1,1,28398955,
1431906227569,org.cyanogenmod.audiofx.HeadsetService,org.cyanogenmod.audiofx,10000,1289,67364,"[PERSISTENT,STARTED]",false,true,0,0,67374,
1431906290157,com.android.bluetooth.hid.HidService,com.android.bluetooth,1002,0,49150,[],false,true,0,0,49160,
1431906290157,com.cleanmaster.service.PermanentService,com.cleanmaster.mguard:service,10138,1271,94138,[STARTED],false,true,1,1,28493705,
1431906290157,com.google.android.music.dial.DialMediaRouteProviderService,com.google.android.music:main,10073,0,57202,[],false,true,0,0,57212,
1431906290157,ch.unige.css.services.PingService,ch.unige.ping,10149,1632,30035543,[STARTED],false,true,0,0,30035553,
1431906290157,com.google.android.search.core.service.BroadcastListenerService,com.google.android.googlequicksearchbox:search,10026,2776,75471,[STARTED],false,true,0,0,28007607,
1431906290157,com.android.systemui.keyguard.KeyguardService,com.android.systemui,10014,930,44352,[PERSISTENT],false,false,2,2,68066,
1431906290157,openiab.StoreService,cm.aptoide.pt,10148,0,54787,[],false,true,0,0,54797,
1431906290157,ch.unige.css.services.main.CssRegistryService,ch.unige.ping:background,10149,27135,27136666,[STARTED],false,true,0,0,27136676,
1431906290157,com.google.android.finsky.billing.iab.InAppBillingService,com.android.vending,10024,19930,28398945,[],false,true,1,1,28398955,
1431906290157,org.cyanogenmod.audiofx.HeadsetService,org.cyanogenmod.audiofx,10000,1289,67364,"[PERSISTENT,STARTED]",false,true,0,0,67374,
1431906350181,com.android.bluetooth.hid.HidService,com.android.bluetooth,1002,0,49150,[],false,true,0,0,49160,
1431906350181,com.cleanmaster.service.PermanentService,com.cleanmaster.mguard:service,10138,1271,94138,[STARTED],false,true,1,1,28493705,
1431906350181,com.google.android.music.dial.DialMediaRouteProviderService,com.google.android.music:main,10073,0,57202,[],false,true,0,0,57212,
1431906350181,ch.unige.css.services.PingService,ch.unige.ping,10149,1632,30095595,[STARTED],false,true,0,0,30095604,
1431906350181,com.google.android.search.core.service.BroadcastListenerService,com.google.android.googlequicksearchbox:search,10026,2776,75471,[STARTED],false,true,0,0,28007607,
1431906350181,com.android.systemui.keyguard.KeyguardService,com.android.systemui,10014,930,44352,[PERSISTENT],false,false,2,2,68066,
1431906350181,openiab.StoreService,cm.aptoide.pt,10148,0,54787,[],false,true,0,0,54797,
1431906350181,ch.unige.css.services.main.CssRegistryService,ch.unige.ping:background,10149,27135,27136666,[STARTED],false,true,0,0,27136676,
1431906350181,com.google.android.finsky.billing.iab.InAppBillingService,com.android.vending,10024,19930,28398945,[],false,true,1,1,28398955,
1431906350181,org.cyanogenmod.audiofx.HeadsetService,org.cyanogenmod.audiofx,10000,1289,67364,"[PERSISTENT,STARTED]",false,true,0,0,67374,
1431906412718,com.android.bluetooth.hid.HidService,com.android.bluetooth,1002,0,49150,[],false,true,0,0,49160,
1431906412718,com.cleanmaster.service.PermanentService,com.cleanmaster.mguard:service,10138,1271,94138,[STARTED],false,true,1,1,28493705,
1431906412718,com.google.android.music.dial.DialMediaRouteProviderService,com.google.android.music:main,10073,0,57202,[],false,true,0,0,57212,
1431906412718,ch.unige.css.services.PingService,ch.unige.ping,10149,1632,30158110,[STARTED],false,true,0,0,30158120,
1431906412718,com.google.android.search.core.service.BroadcastListenerService,com.google.android.googlequicksearchbox:search,10026,2776,75471,[STARTED],false,true,0,0,28007607,
1431906412718,com.android.systemui.keyguard.KeyguardService,com.android.systemui,10014,930,44352,[PERSISTENT],false,false,2,2,68066,
1431906412718,openiab.StoreService,cm.aptoide.pt,10148,0,54787,[],false,true,0,0,54797,
1431906412718,ch.unige.css.services.main.CssRegistryService,ch.unige.ping:background,10149,27135,27136666,[STARTED],false,true,0,0,27136676,
1431906412718,com.google.android.finsky.billing.iab.InAppBillingService,com.android.vending,10024,19930,28398945,[],false,true,1,1,28398955,
1431906412718,org.cyanogenmod.audiofx.HeadsetService,org.cyanogenmod.audiofx,10000,1289,67364,"[PERSISTENT,STARTED]",false,true,0,0,67374,
1431906488805,com.android.bluetooth.hid.HidService,com.android.bluetooth,1002,0,49150,[],false,true,0,0,49160,
1431906488805,com.cleanmaster.service.PermanentService,com.cleanmaster.mguard:service,10138,1271,94138,[STARTED],false,true,1,1,28493705,
1431906488805,com.google.android.music.dial.DialMediaRouteProviderService,com.google.android.music:main,10073,0,57202,[],false,true,0,0,57212,
1431906488805,ch.unige.css.services.PingService,ch.unige.ping,10149,1632,30234212,[STARTED],false,true,0,0,30234222,
1431906488805,com.google.android.search.core.service.BroadcastListenerService,com.google.android.googlequicksearchbox:search,10026,2776,75471,[STARTED],false,true,0,0,28007607,
1431906488805,com.android.systemui.keyguard.KeyguardService,com.android.systemui,10014,930,44352,[PERSISTENT],false,false,2,2,68066,
1431906488805,openiab.StoreService,cm.aptoide.pt,10148,0,54787,[],false,true,0,0,54797,
1431906488805,ch.unige.css.services.main.CssRegistryService,ch.unige.ping:background,10149,27135,27136666,[STARTED],false,true,0,0,27136676,
1431906488805,com.google.android.finsky.billing.iab.InAppBillingService,com.android.vending,10024,19930,28398945,[],false,true,1,1,28398955,
1431906488805,org.cyanogenmod.audiofx.HeadsetService,org.cyanogenmod.audiofx,10000,1289,67364,"[PERSISTENT,STARTED]",false,true,0,0,67374,
1431906548978,com.android.bluetooth.hid.HidService,com.android.bluetooth,1002,0,49150,[],false,true,0,0,49160,
1431906548978,com.cleanmaster.service.PermanentService,com.cleanmaster.mguard:service,10138,1271,94138,[STARTED],false,true,1,1,28493705,
1431906548978,com.google.android.music.dial.DialMediaRouteProviderService,com.google.android.music:main,10073,0,57202,[],false,true,0,0,57212,
1431906548978,ch.unige.css.services.PingService,ch.unige.ping,10149,1632,30294364,[STARTED],false,true,0,0,30294374,
1431906548978,com.google.android.search.core.service.BroadcastListenerService,com.google.android.googlequicksearchbox:search,10026,2776,75471,[STARTED],false,true,0,0,28007607,
1431906548978,com.android.systemui.keyguard.KeyguardService,com.android.systemui,10014,930,44352,[PERSISTENT],false,false,2,2,68066,
1431906548978,openiab.StoreService,cm.aptoide.pt,10148,0,54787,[],false,true,0,0,54797,
1431906548978,ch.unige.css.services.main.CssRegistryService,ch.unige.ping:background,10149,27135,27136666,[STARTED],false,true,0,0,27136676,
1431906548978,com.google.android.finsky.billing.iab.InAppBillingService,com.android.vending,10024,19930,28398945,[],false,true,1,1,28398955,
1431906548978,org.cyanogenmod.audiofx.HeadsetService,org.cyanogenmod.audiofx,10000,1289,67364,"[PERSISTENT,STARTED]",false,true,0,0,67374,
1431906614024,com.android.bluetooth.hid.HidService,com.android.bluetooth,1002,0,49150,[],false,true,0,0,49160,
1431906614024,com.cleanmaster.service.PermanentService,com.cleanmaster.mguard:service,10138,1271,94138,[STARTED],false,true,1,1,28493705,
1431906614024,com.google.android.music.dial.DialMediaRouteProviderService,com.google.android.music:main,10073,0,57202,[],false,true,0,0,57212,
1431906614024,ch.unige.css.services.PingService,ch.unige.ping,10149,1632,30359435,[STARTED],false,true,0,0,30359445,
1431906614024,com.google.android.search.core.service.BroadcastListenerService,com.google.android.googlequicksearchbox:search,10026,2776,75471,[STARTED],false,true,0,0,28007607,
1431906614024,com.android.systemui.keyguard.KeyguardService,com.android.systemui,10014,930,44352,[PERSISTENT],false,false,2,2,68066,
1431906614024,openiab.StoreService,cm.aptoide.pt,10148,0,54787,[],false,true,0,0,54797,
1431906614024,ch.unige.css.services.main.CssRegistryService,ch.unige.ping:background,10149,27135,27136666,[STARTED],false,true,0,0,27136676,
1431906614024,com.google.android.finsky.billing.iab.InAppBillingService,com.android.vending,10024,19930,28398945,[],false,true,1,1,28398955,
1431906614024,org.cyanogenmod.audiofx.HeadsetService,org.cyanogenmod.audiofx,10000,1289,67364,"[PERSISTENT,STARTED]",false,true,0,0,67374,
1431906674153,com.android.bluetooth.hid.HidService,com.android.bluetooth,1002,0,49150,[],false,true,0,0,49160,
1431906674153,com.cleanmaster.service.PermanentService,com.cleanmaster.mguard:service,10138,1271,94138,[STARTED],false,true,1,1,28493705,
1431906674153,com.google.android.music.dial.DialMediaRouteProviderService,com.google.android.music:main,10073,0,57202,[],false,true,0,0,57212,
1431906674153,ch.unige.css.services.PingService,ch.unige.ping,10149,1632,30419548,[STARTED],false,true,0,0,30419558,
1431906674153,com.google.android.search.core.service.BroadcastListenerService,com.google.android.googlequicksearchbox:search,10026,2776,75471,[STARTED],false,true,0,0,28007607,
1431906674153,com.android.systemui.keyguard.KeyguardService,com.android.systemui,10014,930,44352,[PERSISTENT],false,false,2,2,68066,
1431906674153,openiab.StoreService,cm.aptoide.pt,10148,0,54787,[],false,true,0,0,54797,
1431906674153,ch.unige.css.services.main.CssRegistryService,ch.unige.ping:background,10149,27135,27136666,[STARTED],false,true,0,0,27136676,
1431906674153,com.google.android.finsky.billing.iab.InAppBillingService,com.android.vending,10024,19930,28398945,[],false,true,1,1,28398955,
1431906674153,org.cyanogenmod.audiofx.HeadsetService,org.cyanogenmod.audiofx,10000,1289,67364,"[PERSISTENT,STARTED]",false,true,0,0,67374,
1431906734272,com.android.bluetooth.hid.HidService,com.android.bluetooth,1002,0,49150,[],false,true,0,0,49160,
1431906734272,com.cleanmaster.service.PermanentService,com.cleanmaster.mguard:service,10138,1271,94138,[STARTED],false,true,1,1,28493705,
1431906734272,com.google.android.music.dial.DialMediaRouteProviderService,com.google.android.music:main,10073,0,57202,[],false,true,0,0,57212,
1431906734272,ch.unige.css.services.PingService,ch.unige.ping,10149,1632,30479673,[STARTED],false,true,0,0,30479683,
1431906734272,com.google.android.search.core.service.BroadcastListenerService,com.google.android.googlequicksearchbox:search,10026,2776,75471,[STARTED],false,true,0,0,28007607,
1431906734272,com.android.systemui.keyguard.KeyguardService,com.android.systemui,10014,930,44352,[PERSISTENT],false,false,2,2,68066,
1431906734272,openiab.StoreService,cm.aptoide.pt,10148,0,54787,[],false,true,0,0,54797,
1431906734272,ch.unige.css.services.main.CssRegistryService,ch.unige.ping:background,10149,27135,27136666,[STARTED],false,true,0,0,27136676,
1431906734272,com.google.android.finsky.billing.iab.InAppBillingService,com.android.vending,10024,19930,28398945,[],false,true,1,1,28398955,
1431906734272,org.cyanogenmod.audiofx.HeadsetService,org.cyanogenmod.audiofx,10000,1289,67364,"[PERSISTENT,STARTED]",false,true,0,0,67374,
1431906794498,com.android.bluetooth.hid.HidService,com.android.bluetooth,1002,0,49150,[],false,true,0,0,49160,
1431906794498,com.cleanmaster.service.PermanentService,com.cleanmaster.mguard:service,10138,1271,94138,[STARTED],false,true,1,1,28493705,
1431906794498,com.google.android.music.dial.DialMediaRouteProviderService,com.google.android.music:main,10073,0,57202,[],false,true,0,0,57212,
1431906794498,ch.unige.css.services.PingService,ch.unige.ping,10149,1632,30539794,[STARTED],false,true,0,0,30539804,
1431906794498,com.google.android.search.core.service.BroadcastListenerService,com.google.android.googlequicksearchbox:search,10026,2776,75471,[STARTED],false,true,0,0,28007607,
1431906794498,com.android.systemui.keyguard.KeyguardService,com.android.systemui,10014,930,44352,[PERSISTENT],false,false,2,2,68066,
1431906794498,openiab.StoreService,cm.aptoide.pt,10148,0,54787,[],false,true,0,0,54797,
1431906794498,ch.unige.css.services.main.CssRegistryService,ch.unige.ping:background,10149,27135,27136666,[STARTED],false,true,0,0,27136676,
1431906794498,com.google.android.finsky.billing.iab.InAppBillingService,com.android.vending,10024,19930,28398945,[],false,true,1,1,28398955,
1431906794498,org.cyanogenmod.audiofx.HeadsetService,org.cyanogenmod.audiofx,10000,1289,67364,"[PERSISTENT,STARTED]",false,true,0,0,67374,
1431906854464,com.android.bluetooth.hid.HidService,com.android.bluetooth,1002,0,49150,[],false,true,0,0,49160,
1431906854464,com.cleanmaster.service.PermanentService,com.cleanmaster.mguard:service,10138,1271,94138,[STARTED],false,true,1,1,30572839,
1431906854464,com.google.android.music.dial.DialMediaRouteProviderService,com.google.android.music:main,10073,0,57202,[],false,true,0,0,57212,
1431906854464,ch.unige.css.services.PingService,ch.unige.ping,10149,1632,30599886,[STARTED],false,true,0,0,30599896,
1431906854464,com.google.android.search.core.service.BroadcastListenerService,com.google.android.googlequicksearchbox:search,10026,2776,75471,[STARTED],false,true,0,0,28007607,
1431906854464,com.android.systemui.keyguard.KeyguardService,com.android.systemui,10014,930,44352,[PERSISTENT],false,false,2,2,68066,
1431906854464,openiab.StoreService,cm.aptoide.pt,10148,0,54787,[],false,true,0,0,54797,
1431906854464,ch.unige.css.services.main.CssRegistryService,ch.unige.ping:background,10149,27135,27136666,[STARTED],false,true,0,0,27136676,
1431906854464,com.google.android.finsky.billing.iab.InAppBillingService,com.android.vending,10024,19930,28398945,[],false,true,1,1,28398955,
1431906854464,org.cyanogenmod.audiofx.HeadsetService,org.cyanogenmod.audiofx,10000,1289,67364,"[PERSISTENT,STARTED]",false,true,0,0,67374,
1431906914814,com.android.bluetooth.hid.HidService,com.android.bluetooth,1002,0,49150,[],false,true,0,0,49160,
1431906914814,com.cleanmaster.service.PermanentService,com.cleanmaster.mguard:service,10138,1271,94138,[STARTED],false,true,1,1,30572839,
1431906914814,com.google.android.music.dial.DialMediaRouteProviderService,com.google.android.music:main,10073,0,57202,[],false,true,0,0,57212,
1431906914814,ch.unige.css.services.PingService,ch.unige.ping,10149,1632,30660225,[STARTED],false,true,0,0,30660235,
1431906914814,com.google.android.search.core.service.BroadcastListenerService,com.google.android.googlequicksearchbox:search,10026,2776,75471,[STARTED],false,true,0,0,28007607,
1431906914814,com.android.systemui.keyguard.KeyguardService,com.android.systemui,10014,930,44352,[PERSISTENT],false,false,2,2,68066,
1431906914814,openiab.StoreService,cm.aptoide.pt,10148,0,54787,[],false,true,0,0,54797,
1431906914814,ch.unige.css.services.main.CssRegistryService,ch.unige.ping:background,10149,27135,27136666,[STARTED],false,true,0,0,27136676,
1431906914814,com.google.android.finsky.billing.iab.InAppBillingService,com.android.vending,10024,19930,28398945,[],false,true,1,1,28398955,
1431906914814,org.cyanogenmod.audiofx.HeadsetService,org.cyanogenmod.audiofx,10000,1289,67364,"[PERSISTENT,STARTED]",false,true,0,0,67374,
1431906975147,com.android.bluetooth.hid.HidService,com.android.bluetooth,1002,0,49150,[],false,true,0,0,49160,
1431906975147,com.cleanmaster.service.PermanentService,com.cleanmaster.mguard:service,10138,1271,94138,[STARTED],false,true,1,1,30572839,
1431906975147,com.google.android.music.dial.DialMediaRouteProviderService,com.google.android.music:main,10073,0,57202,[],false,true,0,0,57212,
1431906975147,ch.unige.css.services.PingService,ch.unige.ping,10149,1632,30720493,[STARTED],false,true,0,0,30720503,
1431906975147,com.google.android.search.core.service.BroadcastListenerService,com.google.android.googlequicksearchbox:search,10026,2776,75471,[STARTED],false,true,0,0,28007607,
1431906975147,com.android.systemui.keyguard.KeyguardService,com.android.systemui,10014,930,44352,[PERSISTENT],false,false,2,2,68066,
1431906975147,openiab.StoreService,cm.aptoide.pt,10148,0,54787,[],false,true,0,0,54797,
1431906975147,ch.unige.css.services.main.CssRegistryService,ch.unige.ping:background,10149,27135,27136666,[STARTED],false,true,0,0,27136676,
1431906975147,com.google.android.finsky.billing.iab.InAppBillingService,com.android.vending,10024,19930,28398945,[],false,true,1,1,28398955,
1431906975147,org.cyanogenmod.audiofx.HeadsetService,org.cyanogenmod.audiofx,10000,1289,67364,"[PERSISTENT,STARTED]",false,true,0,0,67374,
1431907038837,com.android.bluetooth.hid.HidService,com.android.bluetooth,1002,0,49150,[],false,true,0,0,49160,
1431907038837,com.cleanmaster.service.PermanentService,com.cleanmaster.mguard:service,10138,1271,94138,[STARTED],false,true,1,1,30572839,
1431907038837,com.google.android.music.dial.DialMediaRouteProviderService,com.google.android.music:main,10073,0,57202,[],false,true,0,0,57212,
1431907038837,ch.unige.css.services.PingService,ch.unige.ping,10149,1632,30784246,[STARTED],false,true,0,0,30784255,
1431907038837,com.google.android.search.core.service.BroadcastListenerService,com.google.android.googlequicksearchbox:search,10026,2776,75471,[STARTED],false,true,0,0,28007607,
1431907038837,com.android.systemui.keyguard.KeyguardService,com.android.systemui,10014,930,44352,[PERSISTENT],false,false,2,2,68066,
1431907038837,openiab.StoreService,cm.aptoide.pt,10148,0,54787,[],false,true,0,0,54797,
1431907038837,ch.unige.css.services.main.CssRegistryService,ch.unige.ping:background,10149,27135,27136666,[STARTED],false,true,0,0,27136676,
1431907038837,com.google.android.finsky.billing.iab.InAppBillingService,com.android.vending,10024,19930,28398945,[],false,true,1,1,28398955,
1431907038837,org.cyanogenmod.audiofx.HeadsetService,org.cyanogenmod.audiofx,10000,1289,67364,"[PERSISTENT,STARTED]",false,true,0,0,67374,
1431907099068,com.android.bluetooth.hid.HidService,com.android.bluetooth,1002,0,49150,[],false,true,0,0,49160,
1431907099068,com.cleanmaster.service.PermanentService,com.cleanmaster.mguard:service,10138,1271,94138,[STARTED],false,true,1,1,30572839,
1431907099068,com.google.android.music.dial.DialMediaRouteProviderService,com.google.android.music:main,10073,0,57202,[],false,true,0,0,57212,
1431907099068,ch.unige.css.services.PingService,ch.unige.ping,10149,1632,30844468,[STARTED],false,true,0,0,30844478,
1431907099068,com.google.android.search.core.service.BroadcastListenerService,com.google.android.googlequicksearchbox:search,10026,2776,75471,[STARTED],false,true,0,0,28007607,
1431907099068,com.android.systemui.keyguard.KeyguardService,com.android.systemui,10014,930,44352,[PERSISTENT],false,false,2,2,68066,
1431907099068,openiab.StoreService,cm.aptoide.pt,10148,0,54787,[],false,true,0,0,54797,
1431907099068,ch.unige.css.services.main.CssRegistryService,ch.unige.ping:background,10149,27135,27136666,[STARTED],false,true,0,0,27136676,
1431907099068,com.google.android.finsky.billing.iab.InAppBillingService,com.android.vending,10024,19930,28398945,[],false,true,1,1,28398955,
1431907099068,org.cyanogenmod.audiofx.HeadsetService,org.cyanogenmod.audiofx,10000,1289,67364,"[PERSISTENT,STARTED]",false,true,0,0,67374,
1431907159426,com.android.bluetooth.hid.HidService,com.android.bluetooth,1002,0,49150,[],false,true,0,0,49160,
1431907159426,com.cleanmaster.service.PermanentService,com.cleanmaster.mguard:service,10138,1271,94138,[STARTED],false,true,1,1,30572839,
1431907159426,com.google.android.music.dial.DialMediaRouteProviderService,com.google.android.music:main,10073,0,57202,[],false,true,0,0,57212,
1431907159426,ch.unige.css.services.PingService,ch.unige.ping,10149,1632,30904709,[STARTED],false,true,0,0,30904719,
1431907159426,com.google.android.search.core.service.BroadcastListenerService,com.google.android.googlequicksearchbox:search,10026,2776,75471,[STARTED],false,true,0,0,28007607,
1431907159426,com.android.systemui.keyguard.KeyguardService,com.android.systemui,10014,930,44352,[PERSISTENT],false,false,2,2,68066,
1431907159426,openiab.StoreService,cm.aptoide.pt,10148,0,54787,[],false,true,0,0,54797,
1431907159426,ch.unige.css.services.main.CssRegistryService,ch.unige.ping:background,10149,27135,27136666,[STARTED],false,true,0,0,27136676,
1431907159426,com.google.android.finsky.billing.iab.InAppBillingService,com.android.vending,10024,19930,28398945,[],false,true,1,1,28398955,
1431907159426,org.cyanogenmod.audiofx.HeadsetService,org.cyanogenmod.audiofx,10000,1289,67364,"[PERSISTENT,STARTED]",false,true,0,0,67374,
1431907219635,com.android.bluetooth.hid.HidService,com.android.bluetooth,1002,0,49150,[],false,true,0,0,49160,
1431907219635,com.cleanmaster.service.PermanentService,com.cleanmaster.mguard:service,10138,1271,94138,[STARTED],false,true,1,1,30572839,
1431907219635,com.google.android.music.dial.DialMediaRouteProviderService,com.google.android.music:main,10073,0,57202,[],false,true,0,0,57212,
1431907219635,ch.unige.css.services.PingService,ch.unige.ping,10149,1632,30965039,[STARTED],false,true,0,0,30965049,
1431907219635,com.google.android.search.core.service.BroadcastListenerService,com.google.android.googlequicksearchbox:search,10026,2776,75471,[STARTED],false,true,0,0,28007607,
1431907219635,com.android.systemui.keyguard.KeyguardService,com.android.systemui,10014,930,44352,[PERSISTENT],false,false,2,2,68066,
1431907219635,openiab.StoreService,cm.aptoide.pt,10148,0,54787,[],false,true,0,0,54797,
1431907219635,ch.unige.css.services.main.CssRegistryService,ch.unige.ping:background,10149,27135,27136666,[STARTED],false,true,0,0,27136676,
1431907219635,com.google.android.finsky.billing.iab.InAppBillingService,com.android.vending,10024,19930,28398945,[],false,true,1,1,28398955,
1431907219635,org.cyanogenmod.audiofx.HeadsetService,org.cyanogenmod.audiofx,10000,1289,67364,"[PERSISTENT,STARTED]",false,true,0,0,67374,
1431907279701,com.android.bluetooth.hid.HidService,com.android.bluetooth,1002,0,49150,[],false,true,0,0,49160,
1431907279701,com.cleanmaster.service.PermanentService,com.cleanmaster.mguard:service,10138,1271,94138,[STARTED],false,true,1,1,30572839,
1431907279701,com.google.android.music.dial.DialMediaRouteProviderService,com.google.android.music:main,10073,0,57202,[],false,true,0,0,57212,
1431907279701,ch.unige.css.services.PingService,ch.unige.ping,10149,1632,31025101,[STARTED],false,true,0,0,31025111,
1431907279701,com.google.android.search.core.service.BroadcastListenerService,com.google.android.googlequicksearchbox:search,10026,2776,75471,[STARTED],false,true,0,0,28007607,
1431907279701,com.android.systemui.keyguard.KeyguardService,com.android.systemui,10014,930,44352,[PERSISTENT],false,false,2,2,68066,
1431907279701,openiab.StoreService,cm.aptoide.pt,10148,0,54787,[],false,true,0,0,54797,
1431907279701,ch.unige.css.services.main.CssRegistryService,ch.unige.ping:background,10149,27135,27136666,[STARTED],false,true,0,0,27136676,
1431907279701,com.google.android.finsky.billing.iab.InAppBillingService,com.android.vending,10024,19930,28398945,[],false,true,1,1,28398955,
1431907279701,org.cyanogenmod.audiofx.HeadsetService,org.cyanogenmod.audiofx,10000,1289,67364,"[PERSISTENT,STARTED]",false,true,0,0,67374,
1431907342294,com.android.bluetooth.hid.HidService,com.android.bluetooth,1002,0,49150,[],false,true,0,0,49160,
1431907342294,com.cleanmaster.service.PermanentService,com.cleanmaster.mguard:service,10138,1271,94138,[STARTED],false,true,1,1,30572839,
1431907342294,com.google.android.music.dial.DialMediaRouteProviderService,com.google.android.music:main,10073,0,57202,[],false,true,0,0,57212,
1431907342294,ch.unige.css.services.PingService,ch.unige.ping,10149,1632,31087654,[STARTED],false,true,0,0,31087664,
1431907342294,com.google.android.search.core.service.BroadcastListenerService,com.google.android.googlequicksearchbox:search,10026,2776,75471,[STARTED],false,true,0,0,28007607,
1431907342294,com.android.systemui.keyguard.KeyguardService,com.android.systemui,10014,930,44352,[PERSISTENT],false,false,2,2,68066,
1431907342294,openiab.StoreService,cm.aptoide.pt,10148,0,54787,[],false,true,0,0,54797,
1431907342294,ch.unige.css.services.main.CssRegistryService,ch.unige.ping:background,10149,27135,27136666,[STARTED],false,true,0,0,27136676,
1431907342294,com.google.android.finsky.billing.iab.InAppBillingService,com.android.vending,10024,19930,28398945,[],false,true,1,1,28398955,
1431907342294,org.cyanogenmod.audiofx.HeadsetService,org.cyanogenmod.audiofx,10000,1289,67364,"[PERSISTENT,STARTED]",false,true,0,0,67374,
1431907402393,com.android.bluetooth.hid.HidService,com.android.bluetooth,1002,0,49150,[],false,true,0,0,49160,
1431907402393,com.cleanmaster.service.PermanentService,com.cleanmaster.mguard:service,10138,1271,94138,[STARTED],false,true,1,1,30572839,
1431907402393,com.google.android.music.dial.DialMediaRouteProviderService,com.google.android.music:main,10073,0,57202,[],false,true,0,0,57212,
1431907402393,ch.unige.css.services.PingService,ch.unige.ping,10149,1632,31147801,[STARTED],false,true,0,0,31147811,
1431907402393,com.google.android.search.core.service.BroadcastListenerService,com.google.android.googlequicksearchbox:search,10026,2776,75471,[STARTED],false,true,0,0,28007607,
1431907402393,com.android.systemui.keyguard.KeyguardService,com.android.systemui,10014,930,44352,[PERSISTENT],false,false,2,2,68066,
1431907402393,openiab.StoreService,cm.aptoide.pt,10148,0,54787,[],false,true,0,0,54797,
1431907402393,ch.unige.css.services.main.CssRegistryService,ch.unige.ping:background,10149,27135,27136666,[STARTED],false,true,0,0,27136676,
1431907402393,com.google.android.finsky.billing.iab.InAppBillingService,com.android.vending,10024,19930,28398945,[],false,true,1,1,28398955,
1431907402393,org.cyanogenmod.audiofx.HeadsetService,org.cyanogenmod.audiofx,10000,1289,67364,"[PERSISTENT,STARTED]",false,true,0,0,67374,
1431907462736,com.android.bluetooth.hid.HidService,com.android.bluetooth,1002,0,49150,[],false,true,0,0,49160,
1431907462736,com.cleanmaster.service.PermanentService,com.cleanmaster.mguard:service,10138,1271,94138,[STARTED],false,true,1,1,30572839,
1431907462736,com.google.android.music.dial.DialMediaRouteProviderService,com.google.android.music:main,10073,0,57202,[],false,true,0,0,57212,
1431907462736,ch.unige.css.services.PingService,ch.unige.ping,10149,1632,31208030,[STARTED],false,true,0,0,31208040,
1431907462736,com.google.android.search.core.service.BroadcastListenerService,com.google.android.googlequicksearchbox:search,10026,2776,75471,[STARTED],false,true,0,0,28007607,
1431907462736,com.android.systemui.keyguard.KeyguardService,com.android.systemui,10014,930,44352,[PERSISTENT],false,false,2,2,68066,
1431907462736,openiab.StoreService,cm.aptoide.pt,10148,0,54787,[],false,true,0,0,54797,
1431907462736,ch.unige.css.services.main.CssRegistryService,ch.unige.ping:background,10149,27135,27136666,[STARTED],false,true,0,0,27136676,
1431907462736,com.google.android.finsky.billing.iab.InAppBillingService,com.android.vending,10024,19930,28398945,[],false,true,1,1,28398955,
1431907462736,org.cyanogenmod.audiofx.HeadsetService,org.cyanogenmod.audiofx,10000,1289,67364,"[PERSISTENT,STARTED]",false,true,0,0,67374,
1431907522855,com.android.bluetooth.hid.HidService,com.android.bluetooth,1002,0,49150,[],false,true,0,0,49160,
1431907522855,com.cleanmaster.service.PermanentService,com.cleanmaster.mguard:service,10138,1271,94138,[STARTED],false,true,1,1,30572839,
1431907522855,com.google.android.music.dial.DialMediaRouteProviderService,com.google.android.music:main,10073,0,57202,[],false,true,0,0,57212,
1431907522855,ch.unige.css.services.PingService,ch.unige.ping,10149,1632,31268210,[STARTED],false,true,0,0,31268222,
1431907522855,com.google.android.search.core.service.BroadcastListenerService,com.google.android.googlequicksearchbox:search,10026,2776,75471,[STARTED],false,true,0,0,28007607,
1431907522855,com.android.systemui.keyguard.KeyguardService,com.android.systemui,10014,930,44352,[PERSISTENT],false,false,2,2,68066,
1431907522855,openiab.StoreService,cm.aptoide.pt,10148,0,54787,[],false,true,0,0,54797,
1431907522855,ch.unige.css.services.main.CssRegistryService,ch.unige.ping:background,10149,27135,27136666,[STARTED],false,true,0,0,27136676,
1431907522855,com.google.android.finsky.billing.iab.InAppBillingService,com.android.vending,10024,19930,28398945,[],false,true,1,1,28398955,
1431907522855,org.cyanogenmod.audiofx.HeadsetService,org.cyanogenmod.audiofx,10000,1289,67364,"[PERSISTENT,STARTED]",false,true,0,0,67374,
1431907582835,com.android.bluetooth.hid.HidService,com.android.bluetooth,1002,0,49150,[],false,true,0,0,49160,
1431907582835,com.cleanmaster.service.PermanentService,com.cleanmaster.mguard:service,10138,1271,94138,[STARTED],false,true,1,1,30572839,
1431907582835,com.google.android.music.dial.DialMediaRouteProviderService,com.google.android.music:main,10073,0,57202,[],false,true,0,0,57212,
1431907582835,ch.unige.css.services.PingService,ch.unige.ping,10149,1632,31328252,[STARTED],false,true,0,0,31328262,
1431907582835,com.google.android.search.core.service.BroadcastListenerService,com.google.android.googlequicksearchbox:search,10026,2776,75471,[STARTED],false,true,0,0,28007607,
1431907582835,com.android.systemui.keyguard.KeyguardService,com.android.systemui,10014,930,44352,[PERSISTENT],false,false,2,2,68066,
1431907582835,openiab.StoreService,cm.aptoide.pt,10148,0,54787,[],false,true,0,0,54797,
1431907582835,ch.unige.css.services.main.CssRegistryService,ch.unige.ping:background,10149,27135,27136666,[STARTED],false,true,0,0,27136676,
1431907582835,com.google.android.finsky.billing.iab.InAppBillingService,com.android.vending,10024,19930,28398945,[],false,true,1,1,28398955,
1431907582835,org.cyanogenmod.audiofx.HeadsetService,org.cyanogenmod.audiofx,10000,1289,67364,"[PERSISTENT,STARTED]",false,true,0,0,67374,
1431907645298,com.android.bluetooth.hid.HidService,com.android.bluetooth,1002,0,49150,[],false,true,0,0,49160,
1431907645298,com.cleanmaster.service.PermanentService,com.cleanmaster.mguard:service,10138,1271,94138,[STARTED],false,true,1,1,30572839,
1431907645298,com.google.android.music.dial.DialMediaRouteProviderService,com.google.android.music:main,10073,0,57202,[],false,true,0,0,57212,
1431907645298,ch.unige.css.services.PingService,ch.unige.ping,10149,1632,31390651,[STARTED],false,true,0,0,31390661,
1431907645298,com.google.android.search.core.service.BroadcastListenerService,com.google.android.googlequicksearchbox:search,10026,2776,75471,[STARTED],false,true,0,0,28007607,
1431907645298,com.android.systemui.keyguard.KeyguardService,com.android.systemui,10014,930,44352,[PERSISTENT],false,false,2,2,68066,
1431907645298,openiab.StoreService,cm.aptoide.pt,10148,0,54787,[],false,true,0,0,54797,
1431907645298,ch.unige.css.services.main.CssRegistryService,ch.unige.ping:background,10149,27135,27136666,[STARTED],false,true,0,0,27136676,
1431907645298,com.google.android.finsky.billing.iab.InAppBillingService,com.android.vending,10024,19930,28398945,[],false,true,1,1,28398955,
1431907645298,org.cyanogenmod.audiofx.HeadsetService,org.cyanogenmod.audiofx,10000,1289,67364,"[PERSISTENT,STARTED]",false,true,0,0,67374,
1431907705589,com.android.bluetooth.hid.HidService,com.android.bluetooth,1002,0,49150,[],false,true,0,0,49160,
1431907705589,com.cleanmaster.service.PermanentService,com.cleanmaster.mguard:service,10138,1271,94138,[STARTED],false,true,1,1,30572839,
1431907705589,com.google.android.music.dial.DialMediaRouteProviderService,com.google.android.music:main,10073,0,57202,[],false,true,0,0,57212,
1431907705589,ch.unige.css.services.PingService,ch.unige.ping,10149,1632,31450966,[STARTED],false,true,0,0,31450976,
1431907705589,com.google.android.search.core.service.BroadcastListenerService,com.google.android.googlequicksearchbox:search,10026,2776,75471,[STARTED],false,true,0,0,28007607,
1431907705589,com.android.systemui.keyguard.KeyguardService,com.android.systemui,10014,930,44352,[PERSISTENT],false,false,2,2,68066,
1431907705589,openiab.StoreService,cm.aptoide.pt,10148,0,54787,[],false,true,0,0,54797,
1431907705589,ch.unige.css.services.main.CssRegistryService,ch.unige.ping:background,10149,27135,27136666,[STARTED],false,true,0,0,27136676,
1431907705589,com.google.android.finsky.billing.iab.InAppBillingService,com.android.vending,10024,19930,28398945,[],false,true,1,1,28398955,
1431907705589,org.cyanogenmod.audiofx.HeadsetService,org.cyanogenmod.audiofx,10000,1289,67364,"[PERSISTENT,STARTED]",false,true,0,0,67374,
1431907765742,com.android.bluetooth.hid.HidService,com.android.bluetooth,1002,0,49150,[],false,true,0,0,49160,
1431907765742,com.cleanmaster.service.PermanentService,com.cleanmaster.mguard:service,10138,1271,94138,[STARTED],false,true,1,1,30572839,
1431907765742,com.google.android.music.dial.DialMediaRouteProviderService,com.google.android.music:main,10073,0,57202,[],false,true,0,0,57212,
1431907765742,ch.unige.css.services.PingService,ch.unige.ping,10149,1632,31511110,[STARTED],false,true,0,0,31511120,
1431907765742,com.google.android.search.core.service.BroadcastListenerService,com.google.android.googlequicksearchbox:search,10026,2776,75471,[STARTED],false,true,0,0,28007607,
1431907765742,com.android.systemui.keyguard.KeyguardService,com.android.systemui,10014,930,44352,[PERSISTENT],false,false,2,2,68066,
1431907765742,openiab.StoreService,cm.aptoide.pt,10148,0,54787,[],false,true,0,0,54797,
1431907765742,ch.unige.css.services.main.CssRegistryService,ch.unige.ping:background,10149,27135,27136666,[STARTED],false,true,0,0,27136676,
1431907765742,com.google.android.finsky.billing.iab.InAppBillingService,com.android.vending,10024,19930,28398945,[],false,true,1,1,28398955,
1431907765742,org.cyanogenmod.audiofx.HeadsetService,org.cyanogenmod.audiofx,10000,1289,67364,"[PERSISTENT,STARTED]",false,true,0,0,67374,
1431907825871,com.android.bluetooth.hid.HidService,com.android.bluetooth,1002,0,49150,[],false,true,0,0,49160,
1431907825871,com.cleanmaster.service.PermanentService,com.cleanmaster.mguard:service,10138,1271,94138,[STARTED],false,true,1,1,30572839,
1431907825871,com.google.android.music.dial.DialMediaRouteProviderService,com.google.android.music:main,10073,0,57202,[],false,true,0,0,57212,
1431907825871,ch.unige.css.services.PingService,ch.unige.ping,10149,1632,31571258,[STARTED],false,true,0,0,31571267,
1431907825871,com.google.android.search.core.service.BroadcastListenerService,com.google.android.googlequicksearchbox:search,10026,2776,75471,[STARTED],false,true,0,0,28007607,
1431907825871,com.android.systemui.keyguard.KeyguardService,com.android.systemui,10014,930,44352,[PERSISTENT],false,false,2,2,68066,
1431907825871,openiab.StoreService,cm.aptoide.pt,10148,0,54787,[],false,true,0,0,54797,
1431907825871,ch.unige.css.services.main.CssRegistryService,ch.unige.ping:background,10149,27135,27136666,[STARTED],false,true,0,0,27136676,
1431907825871,com.google.android.finsky.billing.iab.InAppBillingService,com.android.vending,10024,19930,28398945,[],false,true,1,1,28398955,
1431907825871,org.cyanogenmod.audiofx.HeadsetService,org.cyanogenmod.audiofx,10000,1289,67364,"[PERSISTENT,STARTED]",false,true,0,0,67374,
1431907886073,com.android.bluetooth.hid.HidService,com.android.bluetooth,1002,0,49150,[],false,true,0,0,49160,
1431907886073,com.cleanmaster.service.PermanentService,com.cleanmaster.mguard:service,10138,1271,94138,[STARTED],false,true,1,1,30572839,
1431907886073,com.google.android.music.dial.DialMediaRouteProviderService,com.google.android.music:main,10073,0,57202,[],false,true,0,0,57212,
1431907886073,ch.unige.css.services.PingService,ch.unige.ping,10149,1632,31631474,[STARTED],false,true,0,0,31631484,
1431907886073,com.google.android.search.core.service.BroadcastListenerService,com.google.android.googlequicksearchbox:search,10026,2776,75471,[STARTED],false,true,0,0,28007607,
1431907886073,com.android.systemui.keyguard.KeyguardService,com.android.systemui,10014,930,44352,[PERSISTENT],false,false,2,2,68066,
1431907886073,openiab.StoreService,cm.aptoide.pt,10148,0,54787,[],false,true,0,0,54797,
1431907886073,ch.unige.css.services.main.CssRegistryService,ch.unige.ping:background,10149,27135,27136666,[STARTED],false,true,0,0,27136676,
1431907886073,com.google.android.finsky.billing.iab.InAppBillingService,com.android.vending,10024,19930,28398945,[],false,true,1,1,28398955,
1431907886073,org.cyanogenmod.audiofx.HeadsetService,org.cyanogenmod.audiofx,10000,1289,67364,"[PERSISTENT,STARTED]",false,true,0,0,67374,
1431907973618,com.android.bluetooth.hid.HidService,com.android.bluetooth,1002,0,49150,[],false,true,0,0,49160,
1431907973618,com.cleanmaster.service.PermanentService,com.cleanmaster.mguard:service,10138,1271,94138,[STARTED],false,true,1,1,30572839,
1431907973618,com.google.android.music.dial.DialMediaRouteProviderService,com.google.android.music:main,10073,0,57202,[],false,true,0,0,57212,
1431907973618,ch.unige.css.services.PingService,ch.unige.ping,10149,1632,31719002,[STARTED],false,true,0,0,31719012,
1431907973618,com.google.android.search.core.service.BroadcastListenerService,com.google.android.googlequicksearchbox:search,10026,2776,75471,[STARTED],false,true,0,0,28007607,
1431907973618,com.android.systemui.keyguard.KeyguardService,com.android.systemui,10014,930,44352,[PERSISTENT],false,false,2,2,68066,
1431907973618,openiab.StoreService,cm.aptoide.pt,10148,0,54787,[],false,true,0,0,54797,
1431907973618,ch.unige.css.services.main.CssRegistryService,ch.unige.ping:background,10149,27135,27136666,[STARTED],false,true,0,0,27136676,
1431907973618,com.google.android.finsky.billing.iab.InAppBillingService,com.android.vending,10024,19930,28398945,[],false,true,1,1,28398955,
1431907973618,org.cyanogenmod.audiofx.HeadsetService,org.cyanogenmod.audiofx,10000,1289,67364,"[PERSISTENT,STARTED]",false,true,0,0,67374,
1431908033585,com.android.bluetooth.hid.HidService,com.android.bluetooth,1002,0,49150,[],false,true,0,0,49160,
1431908033585,com.cleanmaster.service.PermanentService,com.cleanmaster.mguard:service,10138,1271,94138,[STARTED],false,true,1,1,30572839,
1431908033585,com.google.android.music.dial.DialMediaRouteProviderService,com.google.android.music:main,10073,0,57202,[],false,true,0,0,57212,
1431908033585,ch.unige.css.services.PingService,ch.unige.ping,10149,1632,31779025,[STARTED],false,true,0,0,31779035,
1431908033585,com.google.android.search.core.service.BroadcastListenerService,com.google.android.googlequicksearchbox:search,10026,2776,75471,[STARTED],false,true,0,0,28007607,
1431908033585,com.android.systemui.keyguard.KeyguardService,com.android.systemui,10014,930,44352,[PERSISTENT],false,false,2,2,68066,
1431908033585,openiab.StoreService,cm.aptoide.pt,10148,0,54787,[],false,true,0,0,54797,
1431908033585,ch.unige.css.services.main.CssRegistryService,ch.unige.ping:background,10149,27135,27136666,[STARTED],false,true,0,0,27136676,
1431908033585,com.google.android.finsky.billing.iab.InAppBillingService,com.android.vending,10024,19930,28398945,[],false,true,1,1,28398955,
1431908033585,org.cyanogenmod.audiofx.HeadsetService,org.cyanogenmod.audiofx,10000,1289,67364,"[PERSISTENT,STARTED]",false,true,0,0,67374,
1431908095985,com.android.bluetooth.hid.HidService,com.android.bluetooth,1002,0,49150,[],false,true,0,0,49160,
1431908095985,com.cleanmaster.service.PermanentService,com.cleanmaster.mguard:service,10138,1271,94138,[STARTED],false,true,1,1,30572839,
1431908095985,com.google.android.music.dial.DialMediaRouteProviderService,com.google.android.music:main,10073,0,57202,[],false,true,0,0,57212,
1431908095985,ch.unige.css.services.PingService,ch.unige.ping,10149,1632,31841299,[STARTED],false,true,0,0,31841309,
1431908095985,com.google.android.search.core.service.BroadcastListenerService,com.google.android.googlequicksearchbox:search,10026,2776,75471,[STARTED],false,true,0,0,28007607,
1431908095985,com.android.systemui.keyguard.KeyguardService,com.android.systemui,10014,930,44352,[PERSISTENT],false,false,2,2,68066,
1431908095985,openiab.StoreService,cm.aptoide.pt,10148,0,54787,[],false,true,0,0,54797,
1431908095985,ch.unige.css.services.main.CssRegistryService,ch.unige.ping:background,10149,27135,27136666,[STARTED],false,true,0,0,27136676,
1431908095985,com.google.android.finsky.billing.iab.InAppBillingService,com.android.vending,10024,19930,28398945,[],false,true,1,1,28398955,
1431908095985,org.cyanogenmod.audiofx.HeadsetService,org.cyanogenmod.audiofx,10000,1289,67364,"[PERSISTENT,STARTED]",false,true,0,0,67374,
1431908179635,com.android.bluetooth.hid.HidService,com.android.bluetooth,1002,0,49150,[],false,true,0,0,49160,
1431908179635,com.cleanmaster.service.PermanentService,com.cleanmaster.mguard:service,10138,1271,94138,[STARTED],false,true,1,1,30572839,
1431908179635,com.google.android.music.dial.DialMediaRouteProviderService,com.google.android.music:main,10073,0,57202,[],false,true,0,0,57212,
1431908179635,ch.unige.css.services.PingService,ch.unige.ping,10149,1632,31925038,[STARTED],false,true,0,0,31925048,
1431908179635,com.google.android.search.core.service.BroadcastListenerService,com.google.android.googlequicksearchbox:search,10026,2776,75471,[STARTED],false,true,0,0,28007607,
1431908179635,com.android.systemui.keyguard.KeyguardService,com.android.systemui,10014,930,44352,[PERSISTENT],false,false,2,2,68066,
1431908179635,openiab.StoreService,cm.aptoide.pt,10148,0,54787,[],false,true,0,0,54797,
1431908179635,ch.unige.css.services.main.CssRegistryService,ch.unige.ping:background,10149,27135,27136666,[STARTED],false,true,0,0,27136676,
1431908179635,com.google.android.finsky.billing.iab.InAppBillingService,com.android.vending,10024,19930,28398945,[],false,true,1,1,28398955,
1431908179635,org.cyanogenmod.audiofx.HeadsetService,org.cyanogenmod.audiofx,10000,1289,67364,"[PERSISTENT,STARTED]",false,true,0,0,67374,
1431908239778,com.android.bluetooth.hid.HidService,com.android.bluetooth,1002,0,49150,[],false,true,0,0,49160,
1431908239778,com.cleanmaster.service.PermanentService,com.cleanmaster.mguard:service,10138,1271,94138,[STARTED],false,true,1,1,30572839,
1431908239778,com.google.android.music.dial.DialMediaRouteProviderService,com.google.android.music:main,10073,0,57202,[],false,true,0,0,57212,
1431908239778,ch.unige.css.services.PingService,ch.unige.ping,10149,1632,31985158,[STARTED],false,true,0,0,31985168,
1431908239778,com.google.android.search.core.service.BroadcastListenerService,com.google.android.googlequicksearchbox:search,10026,2776,75471,[STARTED],false,true,0,0,28007607,
1431908239778,com.android.systemui.keyguard.KeyguardService,com.android.systemui,10014,930,44352,[PERSISTENT],false,false,2,2,68066,
1431908239778,openiab.StoreService,cm.aptoide.pt,10148,0,54787,[],false,true,0,0,54797,
1431908239778,ch.unige.css.services.main.CssRegistryService,ch.unige.ping:background,10149,27135,27136666,[STARTED],false,true,0,0,27136676,
1431908239778,com.google.android.finsky.billing.iab.InAppBillingService,com.android.vending,10024,19930,28398945,[],false,true,1,1,28398955,
1431908239778,org.cyanogenmod.audiofx.HeadsetService,org.cyanogenmod.audiofx,10000,1289,67364,"[PERSISTENT,STARTED]",false,true,0,0,67374,
1431908299898,com.android.bluetooth.hid.HidService,com.android.bluetooth,1002,0,49150,[],false,true,0,0,49160,
1431908299898,com.cleanmaster.service.PermanentService,com.cleanmaster.mguard:service,10138,1271,94138,[STARTED],false,true,1,1,30572839,
1431908299898,com.google.android.music.dial.DialMediaRouteProviderService,com.google.android.music:main,10073,0,57202,[],false,true,0,0,57212,
1431908299898,ch.unige.css.services.PingService,ch.unige.ping,10149,1632,32045304,[STARTED],false,true,0,0,32045314,
1431908299898,com.google.android.search.core.service.BroadcastListenerService,com.google.android.googlequicksearchbox:search,10026,2776,75471,[STARTED],false,true,0,0,28007607,
1431908299898,com.android.systemui.keyguard.KeyguardService,com.android.systemui,10014,930,44352,[PERSISTENT],false,false,2,2,68066,
1431908299898,openiab.StoreService,cm.aptoide.pt,10148,0,54787,[],false,true,0,0,54797,
1431908299898,ch.unige.css.services.main.CssRegistryService,ch.unige.ping:background,10149,27135,27136666,[STARTED],false,true,0,0,27136676,
1431908299898,com.google.android.finsky.billing.iab.InAppBillingService,com.android.vending,10024,19930,28398945,[],false,true,1,1,28398955,
1431908299898,org.cyanogenmod.audiofx.HeadsetService,org.cyanogenmod.audiofx,10000,1289,67364,"[PERSISTENT,STARTED]",false,true,0,0,67374,
1431908360221,com.android.bluetooth.hid.HidService,com.android.bluetooth,1002,0,49150,[],false,true,0,0,49160,
1431908360221,com.cleanmaster.service.PermanentService,com.cleanmaster.mguard:service,10138,1271,94138,[STARTED],false,true,1,1,30572839,
1431908360221,com.google.android.music.dial.DialMediaRouteProviderService,com.google.android.music:main,10073,0,57202,[],false,true,0,0,57212,
1431908360221,ch.unige.css.services.PingService,ch.unige.ping,10149,1632,32105607,[STARTED],false,true,0,0,32105617,
1431908360221,com.google.android.search.core.service.BroadcastListenerService,com.google.android.googlequicksearchbox:search,10026,2776,75471,[STARTED],false,true,0,0,28007607,
1431908360221,com.android.systemui.keyguard.KeyguardService,com.android.systemui,10014,930,44352,[PERSISTENT],false,false,2,2,68066,
1431908360221,openiab.StoreService,cm.aptoide.pt,10148,0,54787,[],false,true,0,0,54797,
1431908360221,ch.unige.css.services.main.CssRegistryService,ch.unige.ping:background,10149,27135,27136666,[STARTED],false,true,0,0,27136676,
1431908360221,com.google.android.finsky.billing.iab.InAppBillingService,com.android.vending,10024,19930,28398945,[],false,true,1,1,28398955,
1431908360221,org.cyanogenmod.audiofx.HeadsetService,org.cyanogenmod.audiofx,10000,1289,67364,"[PERSISTENT,STARTED]",false,true,0,0,67374,
1431908454150,com.android.bluetooth.hid.HidService,com.android.bluetooth,1002,0,49150,[],false,true,0,0,49160,
1431908454150,com.cleanmaster.service.PermanentService,com.cleanmaster.mguard:service,10138,1271,94138,[STARTED],false,true,1,1,30572839,
1431908454150,com.google.android.music.dial.DialMediaRouteProviderService,com.google.android.music:main,10073,0,57202,[],false,true,0,0,57212,
1431908454150,ch.unige.css.services.PingService,ch.unige.ping,10149,1632,32199510,[STARTED],false,true,0,0,32199520,
1431908454150,com.google.android.search.core.service.BroadcastListenerService,com.google.android.googlequicksearchbox:search,10026,2776,75471,[STARTED],false,true,0,0,28007607,
1431908454150,com.android.systemui.keyguard.KeyguardService,com.android.systemui,10014,930,44352,[PERSISTENT],false,false,2,2,68066,
1431908454150,openiab.StoreService,cm.aptoide.pt,10148,0,54787,[],false,true,0,0,54797,
1431908454150,ch.unige.css.services.main.CssRegistryService,ch.unige.ping:background,10149,27135,27136666,[STARTED],false,true,0,0,27136676,
1431908454150,com.google.android.finsky.billing.iab.InAppBillingService,com.android.vending,10024,19930,28398945,[],false,true,1,1,28398955,
1431908454150,org.cyanogenmod.audiofx.HeadsetService,org.cyanogenmod.audiofx,10000,1289,67364,"[PERSISTENT,STARTED]",false,true,0,0,67374,
1431908514356,com.android.bluetooth.hid.HidService,com.android.bluetooth,1002,0,49150,[],false,true,0,0,49160,
1431908514356,com.cleanmaster.service.PermanentService,com.cleanmaster.mguard:service,10138,1271,94138,[STARTED],false,true,1,1,30572839,
1431908514356,com.google.android.music.dial.DialMediaRouteProviderService,com.google.android.music:main,10073,0,57202,[],false,true,0,0,57212,
1431908514356,ch.unige.css.services.PingService,ch.unige.ping,10149,1632,32259745,[STARTED],false,true,0,0,32259754,
1431908514356,com.google.android.search.core.service.BroadcastListenerService,com.google.android.googlequicksearchbox:search,10026,2776,75471,[STARTED],false,true,0,0,28007607,
1431908514356,com.android.systemui.keyguard.KeyguardService,com.android.systemui,10014,930,44352,[PERSISTENT],false,false,2,2,68066,
1431908514356,openiab.StoreService,cm.aptoide.pt,10148,0,54787,[],false,true,0,0,54797,
1431908514356,ch.unige.css.services.main.CssRegistryService,ch.unige.ping:background,10149,27135,27136666,[STARTED],false,true,0,0,27136676,
1431908514356,com.google.android.finsky.billing.iab.InAppBillingService,com.android.vending,10024,19930,28398945,[],false,true,1,1,28398955,
1431908514356,org.cyanogenmod.audiofx.HeadsetService,org.cyanogenmod.audiofx,10000,1289,67364,"[PERSISTENT,STARTED]",false,true,0,0,67374,
1431908574500,com.android.bluetooth.hid.HidService,com.android.bluetooth,1002,0,49150,[],false,true,0,0,49160,
1431908574500,com.cleanmaster.service.PermanentService,com.cleanmaster.mguard:service,10138,1271,94138,[STARTED],false,true,1,1,30572839,
1431908574500,com.google.android.music.dial.DialMediaRouteProviderService,com.google.android.music:main,10073,0,57202,[],false,true,0,0,57212,
1431908574500,ch.unige.css.services.PingService,ch.unige.ping,10149,1632,32319891,[STARTED],false,true,0,0,32319901,
1431908574500,com.google.android.search.core.service.BroadcastListenerService,com.google.android.googlequicksearchbox:search,10026,2776,75471,[STARTED],false,true,0,0,28007607,
1431908574500,com.android.systemui.keyguard.KeyguardService,com.android.systemui,10014,930,44352,[PERSISTENT],false,false,2,2,68066,
1431908574500,openiab.StoreService,cm.aptoide.pt,10148,0,54787,[],false,true,0,0,54797,
1431908574500,ch.unige.css.services.main.CssRegistryService,ch.unige.ping:background,10149,27135,27136666,[STARTED],false,true,0,0,27136676,
1431908574500,com.google.android.finsky.billing.iab.InAppBillingService,com.android.vending,10024,19930,28398945,[],false,true,1,1,28398955,
1431908574500,org.cyanogenmod.audiofx.HeadsetService,org.cyanogenmod.audiofx,10000,1289,67364,"[PERSISTENT,STARTED]",false,true,0,0,67374,
1431908650230,com.android.bluetooth.hid.HidService,com.android.bluetooth,1002,0,49150,[],false,true,0,0,49160,
1431908650230,com.cleanmaster.service.PermanentService,com.cleanmaster.mguard:service,10138,1271,94138,[STARTED],false,true,1,1,30572839,
1431908650230,com.google.android.music.dial.DialMediaRouteProviderService,com.google.android.music:main,10073,0,57202,[],false,true,0,0,57212,
1431908650230,ch.unige.css.services.PingService,ch.unige.ping,10149,1632,32395640,[STARTED],false,true,0,0,32395650,
1431908650230,com.google.android.search.core.service.BroadcastListenerService,com.google.android.googlequicksearchbox:search,10026,2776,75471,[STARTED],false,true,0,0,28007607,
1431908650230,com.android.systemui.keyguard.KeyguardService,com.android.systemui,10014,930,44352,[PERSISTENT],false,false,2,2,68066,
1431908650230,openiab.StoreService,cm.aptoide.pt,10148,0,54787,[],false,true,0,0,54797,
1431908650230,ch.unige.css.services.main.CssRegistryService,ch.unige.ping:background,10149,27135,27136666,[STARTED],false,true,0,0,27136676,
1431908650230,com.google.android.finsky.billing.iab.InAppBillingService,com.android.vending,10024,19930,28398945,[],false,true,1,1,28398955,
1431908650230,org.cyanogenmod.audiofx.HeadsetService,org.cyanogenmod.audiofx,10000,1289,67364,"[PERSISTENT,STARTED]",false,true,0,0,67374,
1431908710379,com.android.bluetooth.hid.HidService,com.android.bluetooth,1002,0,49150,[],false,true,0,0,49160,
1431908710379,com.cleanmaster.service.PermanentService,com.cleanmaster.mguard:service,10138,1271,94138,[STARTED],false,true,1,1,30572839,
1431908710379,com.google.android.music.dial.DialMediaRouteProviderService,com.google.android.music:main,10073,0,57202,[],false,true,0,0,57212,
1431908710379,ch.unige.css.services.PingService,ch.unige.ping,10149,1632,32455761,[STARTED],false,true,0,0,32455771,
1431908710379,com.google.android.search.core.service.BroadcastListenerService,com.google.android.googlequicksearchbox:search,10026,2776,75471,[STARTED],false,true,0,0,28007607,
1431908710379,com.android.systemui.keyguard.KeyguardService,com.android.systemui,10014,930,44352,[PERSISTENT],false,false,2,2,68066,
1431908710379,openiab.StoreService,cm.aptoide.pt,10148,0,54787,[],false,true,0,0,54797,
1431908710379,ch.unige.css.services.main.CssRegistryService,ch.unige.ping:background,10149,27135,27136666,[STARTED],false,true,0,0,27136676,
1431908710379,com.google.android.finsky.billing.iab.InAppBillingService,com.android.vending,10024,19930,28398945,[],false,true,1,1,28398955,
1431908710379,org.cyanogenmod.audiofx.HeadsetService,org.cyanogenmod.audiofx,10000,1289,67364,"[PERSISTENT,STARTED]",false,true,0,0,67374,
1431908779721,com.android.bluetooth.hid.HidService,com.android.bluetooth,1002,0,49150,[],false,true,0,0,49160,
1431908779721,com.cleanmaster.service.PermanentService,com.cleanmaster.mguard:service,10138,1271,94138,[STARTED],false,true,1,1,30572839,
1431908779721,com.google.android.music.dial.DialMediaRouteProviderService,com.google.android.music:main,10073,0,57202,[],false,true,0,0,57212,
1431908779721,ch.unige.css.services.PingService,ch.unige.ping,10149,1632,32525133,[STARTED],false,true,0,0,32525143,
1431908779721,com.google.android.search.core.service.BroadcastListenerService,com.google.android.googlequicksearchbox:search,10026,2776,75471,[STARTED],false,true,0,0,28007607,
1431908779721,com.android.systemui.keyguard.KeyguardService,com.android.systemui,10014,930,44352,[PERSISTENT],false,false,2,2,68066,
1431908779721,openiab.StoreService,cm.aptoide.pt,10148,0,54787,[],false,true,0,0,54797,
1431908779721,ch.unige.css.services.main.CssRegistryService,ch.unige.ping:background,10149,27135,27136666,[STARTED],false,true,0,0,27136676,
1431908779721,com.google.android.finsky.billing.iab.InAppBillingService,com.android.vending,10024,19930,28398945,[],false,true,1,1,28398955,
1431908779721,org.cyanogenmod.audiofx.HeadsetService,org.cyanogenmod.audiofx,10000,1289,67364,"[PERSISTENT,STARTED]",false,true,0,0,67374,
1431908839922,com.android.bluetooth.hid.HidService,com.android.bluetooth,1002,0,49150,[],false,true,0,0,49160,
1431908839922,com.cleanmaster.service.PermanentService,com.cleanmaster.mguard:service,10138,1271,94138,[STARTED],false,true,1,1,30572839,
1431908839922,com.google.android.music.dial.DialMediaRouteProviderService,com.google.android.music:main,10073,0,57202,[],false,true,0,0,57212,
1431908839922,ch.unige.css.services.PingService,ch.unige.ping,10149,1632,32585338,[STARTED],false,true,0,0,32585348,
1431908839922,com.google.android.search.core.service.BroadcastListenerService,com.google.android.googlequicksearchbox:search,10026,2776,75471,[STARTED],false,true,0,0,28007607,
1431908839922,com.android.systemui.keyguard.KeyguardService,com.android.systemui,10014,930,44352,[PERSISTENT],false,false,2,2,68066,
1431908839922,openiab.StoreService,cm.aptoide.pt,10148,0,54787,[],false,true,0,0,54797,
1431908839922,ch.unige.css.services.main.CssRegistryService,ch.unige.ping:background,10149,27135,27136666,[STARTED],false,true,0,0,27136676,
1431908839922,com.google.android.finsky.billing.iab.InAppBillingService,com.android.vending,10024,19930,28398945,[],false,true,1,1,28398955,
1431908839922,org.cyanogenmod.audiofx.HeadsetService,org.cyanogenmod.audiofx,10000,1289,67364,"[PERSISTENT,STARTED]",false,true,0,0,67374,
1431908934450,com.android.bluetooth.hid.HidService,com.android.bluetooth,1002,0,49150,[],false,true,0,0,49160,
1431908934450,com.cleanmaster.service.PermanentService,com.cleanmaster.mguard:service,10138,1271,94138,[STARTED],false,true,1,1,30572839,
1431908934450,com.google.android.music.dial.DialMediaRouteProviderService,com.google.android.music:main,10073,0,57202,[],false,true,0,0,57212,
1431908934450,ch.unige.css.services.PingService,ch.unige.ping,10149,1632,32679822,[STARTED],false,true,0,0,32679832,
1431908934450,com.google.android.search.core.service.BroadcastListenerService,com.google.android.googlequicksearchbox:search,10026,2776,75471,[STARTED],false,true,0,0,28007607,
1431908934450,com.android.systemui.keyguard.KeyguardService,com.android.systemui,10014,930,44352,[PERSISTENT],false,false,2,2,68066,
1431908934450,openiab.StoreService,cm.aptoide.pt,10148,0,54787,[],false,true,0,0,54797,
1431908934450,ch.unige.css.services.main.CssRegistryService,ch.unige.ping:background,10149,27135,27136666,[STARTED],false,true,0,0,27136676,
1431908934450,com.google.android.finsky.billing.iab.InAppBillingService,com.android.vending,10024,19930,28398945,[],false,true,1,1,28398955,
1431908934450,org.cyanogenmod.audiofx.HeadsetService,org.cyanogenmod.audiofx,10000,1289,67364,"[PERSISTENT,STARTED]",false,true,0,0,67374,
1431908994414,com.android.bluetooth.hid.HidService,com.android.bluetooth,1002,0,49150,[],false,true,0,0,49160,
1431908994414,com.cleanmaster.service.PermanentService,com.cleanmaster.mguard:service,10138,1271,94138,[STARTED],false,true,1,1,30572839,
1431908994414,com.google.android.music.dial.DialMediaRouteProviderService,com.google.android.music:main,10073,0,57202,[],false,true,0,0,57212,
1431908994414,ch.unige.css.services.PingService,ch.unige.ping,10149,1632,32739848,[STARTED],false,true,0,0,32739858,
1431908994414,com.google.android.search.core.service.BroadcastListenerService,com.google.android.googlequicksearchbox:search,10026,2776,75471,[STARTED],false,true,0,0,28007607,
1431908994414,com.android.systemui.keyguard.KeyguardService,com.android.systemui,10014,930,44352,[PERSISTENT],false,false,2,2,68066,
1431908994414,openiab.StoreService,cm.aptoide.pt,10148,0,54787,[],false,true,0,0,54797,
1431908994414,ch.unige.css.services.main.CssRegistryService,ch.unige.ping:background,10149,27135,27136666,[STARTED],false,true,0,0,27136676,
1431908994414,com.google.android.finsky.billing.iab.InAppBillingService,com.android.vending,10024,19930,28398945,[],false,true,1,1,28398955,
1431908994414,org.cyanogenmod.audiofx.HeadsetService,org.cyanogenmod.audiofx,10000,1289,67364,"[PERSISTENT,STARTED]",false,true,0,0,67374,
1431909054600,com.android.bluetooth.hid.HidService,com.android.bluetooth,1002,0,49150,[],false,true,0,0,49160,
1431909054600,com.cleanmaster.service.PermanentService,com.cleanmaster.mguard:service,10138,1271,94138,[STARTED],false,true,1,1,30572839,
1431909054600,com.google.android.music.dial.DialMediaRouteProviderService,com.google.android.music:main,10073,0,57202,[],false,true,0,0,57212,
1431909054600,ch.unige.css.services.PingService,ch.unige.ping,10149,1632,32799999,[STARTED],false,true,0,0,32800009,
1431909054600,com.google.android.search.core.service.BroadcastListenerService,com.google.android.googlequicksearchbox:search,10026,2776,75471,[STARTED],false,true,0,0,28007607,
1431909054600,com.android.systemui.keyguard.KeyguardService,com.android.systemui,10014,930,44352,[PERSISTENT],false,false,2,2,68066,
1431909054600,openiab.StoreService,cm.aptoide.pt,10148,0,54787,[],false,true,0,0,54797,
1431909054600,ch.unige.css.services.main.CssRegistryService,ch.unige.ping:background,10149,27135,27136666,[STARTED],false,true,0,0,27136676,
1431909054600,com.google.android.finsky.billing.iab.InAppBillingService,com.android.vending,10024,19930,28398945,[],false,true,1,1,28398955,
1431909054600,org.cyanogenmod.audiofx.HeadsetService,org.cyanogenmod.audiofx,10000,1289,67364,"[PERSISTENT,STARTED]",false,true,0,0,67374,
1431909114686,com.android.bluetooth.hid.HidService,com.android.bluetooth,1002,0,49150,[],false,true,0,0,49160,
1431909114686,com.cleanmaster.service.PermanentService,com.cleanmaster.mguard:service,10138,1271,94138,[STARTED],false,true,1,1,30572839,
1431909114686,com.google.android.music.dial.DialMediaRouteProviderService,com.google.android.music:main,10073,0,57202,[],false,true,0,0,57212,
1431909114686,ch.unige.css.services.PingService,ch.unige.ping,10149,1632,32860098,[STARTED],false,true,0,0,32860108,
1431909114686,com.google.android.search.core.service.BroadcastListenerService,com.google.android.googlequicksearchbox:search,10026,2776,75471,[STARTED],false,true,0,0,28007607,
1431909114686,com.android.systemui.keyguard.KeyguardService,com.android.systemui,10014,930,44352,[PERSISTENT],false,false,2,2,68066,
1431909114686,openiab.StoreService,cm.aptoide.pt,10148,0,54787,[],false,true,0,0,54797,
1431909114686,ch.unige.css.services.main.CssRegistryService,ch.unige.ping:background,10149,27135,27136666,[STARTED],false,true,0,0,27136676,
1431909114686,com.google.android.finsky.billing.iab.InAppBillingService,com.android.vending,10024,19930,28398945,[],false,true,1,1,28398955,
1431909114686,org.cyanogenmod.audiofx.HeadsetService,org.cyanogenmod.audiofx,10000,1289,67364,"[PERSISTENT,STARTED]",false,true,0,0,67374,
1431909186041,com.android.bluetooth.hid.HidService,com.android.bluetooth,1002,0,49150,[],false,true,0,0,49160,
1431909186041,com.cleanmaster.service.PermanentService,com.cleanmaster.mguard:service,10138,1271,94138,[STARTED],false,true,1,1,30572839,
1431909186041,com.google.android.music.dial.DialMediaRouteProviderService,com.google.android.music:main,10073,0,57202,[],false,true,0,0,57212,
1431909186041,ch.unige.css.services.PingService,ch.unige.ping,10149,1632,32931450,[STARTED],false,true,0,0,32931459,
1431909186041,com.google.android.search.core.service.BroadcastListenerService,com.google.android.googlequicksearchbox:search,10026,2776,75471,[STARTED],false,true,0,0,28007607,
1431909186041,com.android.systemui.keyguard.KeyguardService,com.android.systemui,10014,930,44352,[PERSISTENT],false,false,2,2,68066,
1431909186041,openiab.StoreService,cm.aptoide.pt,10148,0,54787,[],false,true,0,0,54797,
1431909186041,ch.unige.css.services.main.CssRegistryService,ch.unige.ping:background,10149,27135,27136666,[STARTED],false,true,0,0,27136676,
1431909186041,com.google.android.finsky.billing.iab.InAppBillingService,com.android.vending,10024,19930,28398945,[],false,true,1,1,28398955,
1431909186041,org.cyanogenmod.audiofx.HeadsetService,org.cyanogenmod.audiofx,10000,1289,67364,"[PERSISTENT,STARTED]",false,true,0,0,67374,
1431909246100,com.android.bluetooth.hid.HidService,com.android.bluetooth,1002,0,49150,[],false,true,0,0,49160,
1431909246100,com.cleanmaster.service.PermanentService,com.cleanmaster.mguard:service,10138,1271,94138,[STARTED],false,true,1,1,30572839,
1431909246100,com.google.android.music.dial.DialMediaRouteProviderService,com.google.android.music:main,10073,0,57202,[],false,true,0,0,57212,
1431909246100,ch.unige.css.services.PingService,ch.unige.ping,10149,1632,32991507,[STARTED],false,true,0,0,32991517,
1431909246100,com.google.android.search.core.service.BroadcastListenerService,com.google.android.googlequicksearchbox:search,10026,2776,75471,[STARTED],false,true,0,0,28007607,
1431909246100,com.android.systemui.keyguard.KeyguardService,com.android.systemui,10014,930,44352,[PERSISTENT],false,false,2,2,68066,
1431909246100,openiab.StoreService,cm.aptoide.pt,10148,0,54787,[],false,true,0,0,54797,
1431909246100,ch.unige.css.services.main.CssRegistryService,ch.unige.ping:background,10149,27135,27136666,[STARTED],false,true,0,0,27136676,
1431909246100,com.google.android.finsky.billing.iab.InAppBillingService,com.android.vending,10024,19930,28398945,[],false,true,1,1,28398955,
1431909246100,org.cyanogenmod.audiofx.HeadsetService,org.cyanogenmod.audiofx,10000,1289,67364,"[PERSISTENT,STARTED]",false,true,0,0,67374,
1431909306131,com.android.bluetooth.hid.HidService,com.android.bluetooth,1002,0,49150,[],false,true,0,0,49160,
1431909306131,com.cleanmaster.service.PermanentService,com.cleanmaster.mguard:service,10138,1271,94138,[STARTED],false,true,1,1,30572839,
1431909306131,com.google.android.music.dial.DialMediaRouteProviderService,com.google.android.music:main,10073,0,57202,[],false,true,0,0,57212,
1431909306131,ch.unige.css.services.PingService,ch.unige.ping,10149,1632,33051553,[STARTED],false,true,0,0,33051563,
1431909306131,com.google.android.search.core.service.BroadcastListenerService,com.google.android.googlequicksearchbox:search,10026,2776,75471,[STARTED],false,true,0,0,28007607,
1431909306131,com.android.systemui.keyguard.KeyguardService,com.android.systemui,10014,930,44352,[PERSISTENT],false,false,2,2,68066,
1431909306131,openiab.StoreService,cm.aptoide.pt,10148,0,54787,[],false,true,0,0,54797,
1431909306131,ch.unige.css.services.main.CssRegistryService,ch.unige.ping:background,10149,27135,27136666,[STARTED],false,true,0,0,27136676,
1431909306131,com.google.android.finsky.billing.iab.InAppBillingService,com.android.vending,10024,19930,28398945,[],false,true,1,1,28398955,
1431909306131,org.cyanogenmod.audiofx.HeadsetService,org.cyanogenmod.audiofx,10000,1289,67364,"[PERSISTENT,STARTED]",false,true,0,0,67374,
1431909366367,com.android.bluetooth.hid.HidService,com.android.bluetooth,1002,0,49150,[],false,true,0,0,49160,
1431909366367,com.cleanmaster.service.PermanentService,com.cleanmaster.mguard:service,10138,1271,94138,[STARTED],false,true,1,1,30572839,
1431909366367,com.google.android.music.dial.DialMediaRouteProviderService,com.google.android.music:main,10073,0,57202,[],false,true,0,0,57212,
1431909366367,ch.unige.css.services.PingService,ch.unige.ping,10149,1632,33111753,[STARTED],false,true,0,0,33111763,
1431909366367,com.google.android.search.core.service.BroadcastListenerService,com.google.android.googlequicksearchbox:search,10026,2776,75471,[STARTED],false,true,0,0,28007607,
1431909366367,com.android.systemui.keyguard.KeyguardService,com.android.systemui,10014,930,44352,[PERSISTENT],false,false,2,2,68066,
1431909366367,openiab.StoreService,cm.aptoide.pt,10148,0,54787,[],false,true,0,0,54797,
1431909366367,ch.unige.css.services.main.CssRegistryService,ch.unige.ping:background,10149,27135,27136666,[STARTED],false,true,0,0,27136676,
1431909366367,com.google.android.finsky.billing.iab.InAppBillingService,com.android.vending,10024,19930,28398945,[],false,true,1,1,28398955,
1431909366367,org.cyanogenmod.audiofx.HeadsetService,org.cyanogenmod.audiofx,10000,1289,67364,"[PERSISTENT,STARTED]",false,true,0,0,67374,
1431909426519,com.android.bluetooth.hid.HidService,com.android.bluetooth,1002,0,49150,[],false,true,0,0,49160,
1431909426519,com.cleanmaster.service.PermanentService,com.cleanmaster.mguard:service,10138,1271,94138,[STARTED],false,true,1,1,30572839,
1431909426519,com.google.android.music.dial.DialMediaRouteProviderService,com.google.android.music:main,10073,0,57202,[],false,true,0,0,57212,
1431909426519,ch.unige.css.services.PingService,ch.unige.ping,10149,1632,33171911,[STARTED],false,true,0,0,33171921,
1431909426519,com.google.android.search.core.service.BroadcastListenerService,com.google.android.googlequicksearchbox:search,10026,2776,75471,[STARTED],false,true,0,0,28007607,
1431909426519,com.android.systemui.keyguard.KeyguardService,com.android.systemui,10014,930,44352,[PERSISTENT],false,false,2,2,68066,
1431909426519,openiab.StoreService,cm.aptoide.pt,10148,0,54787,[],false,true,0,0,54797,
1431909426519,ch.unige.css.services.main.CssRegistryService,ch.unige.ping:background,10149,27135,27136666,[STARTED],false,true,0,0,27136676,
1431909426519,com.google.android.finsky.billing.iab.InAppBillingService,com.android.vending,10024,19930,28398945,[],false,true,1,1,28398955,
1431909426519,org.cyanogenmod.audiofx.HeadsetService,org.cyanogenmod.audiofx,10000,1289,67364,"[PERSISTENT,STARTED]",false,true,0,0,67374,
1431909486675,com.android.bluetooth.hid.HidService,com.android.bluetooth,1002,0,49150,[],false,true,0,0,49160,
1431909486675,com.cleanmaster.service.PermanentService,com.cleanmaster.mguard:service,10138,1271,94138,[STARTED],false,true,1,1,30572839,
1431909486675,com.google.android.music.dial.DialMediaRouteProviderService,com.google.android.music:main,10073,0,57202,[],false,true,0,0,57212,
1431909486675,ch.unige.css.services.PingService,ch.unige.ping,10149,1632,33232065,[STARTED],false,true,0,0,33232075,
1431909486675,com.google.android.search.core.service.BroadcastListenerService,com.google.android.googlequicksearchbox:search,10026,2776,75471,[STARTED],false,true,0,0,28007607,
1431909486675,com.android.systemui.keyguard.KeyguardService,com.android.systemui,10014,930,44352,[PERSISTENT],false,false,2,2,68066,
1431909486675,openiab.StoreService,cm.aptoide.pt,10148,0,54787,[],false,true,0,0,54797,
1431909486675,ch.unige.css.services.main.CssRegistryService,ch.unige.ping:background,10149,27135,27136666,[STARTED],false,true,0,0,27136676,
1431909486675,com.google.android.finsky.billing.iab.InAppBillingService,com.android.vending,10024,19930,28398945,[],false,true,1,1,28398955,
1431909486675,org.cyanogenmod.audiofx.HeadsetService,org.cyanogenmod.audiofx,10000,1289,67364,"[PERSISTENT,STARTED]",false,true,0,0,67374,
1431909546846,com.android.bluetooth.hid.HidService,com.android.bluetooth,1002,0,49150,[],false,true,0,0,49160,
1431909546846,com.cleanmaster.service.PermanentService,com.cleanmaster.mguard:service,10138,1271,94138,[STARTED],false,true,1,1,30572839,
1431909546846,com.google.android.music.dial.DialMediaRouteProviderService,com.google.android.music:main,10073,0,57202,[],false,true,0,0,57212,
1431909546846,ch.unige.css.services.PingService,ch.unige.ping,10149,1632,33292264,[STARTED],false,true,0,0,33292273,
1431909546846,com.google.android.search.core.service.BroadcastListenerService,com.google.android.googlequicksearchbox:search,10026,2776,75471,[STARTED],false,true,0,0,28007607,
1431909546846,com.android.systemui.keyguard.KeyguardService,com.android.systemui,10014,930,44352,[PERSISTENT],false,false,2,2,68066,
1431909546846,openiab.StoreService,cm.aptoide.pt,10148,0,54787,[],false,true,0,0,54797,
1431909546846,ch.unige.css.services.main.CssRegistryService,ch.unige.ping:background,10149,27135,27136666,[STARTED],false,true,0,0,27136676,
1431909546846,com.google.android.finsky.billing.iab.InAppBillingService,com.android.vending,10024,19930,28398945,[],false,true,1,1,28398955,
1431909546846,org.cyanogenmod.audiofx.HeadsetService,org.cyanogenmod.audiofx,10000,1289,67364,"[PERSISTENT,STARTED]",false,true,0,0,67374,
1431909606978,com.android.bluetooth.hid.HidService,com.android.bluetooth,1002,0,49150,[],false,true,0,0,49160,
1431909606978,com.cleanmaster.service.PermanentService,com.cleanmaster.mguard:service,10138,1271,94138,[STARTED],false,true,1,1,30572839,
1431909606978,com.google.android.music.dial.DialMediaRouteProviderService,com.google.android.music:main,10073,0,57202,[],false,true,0,0,57212,
1431909606978,ch.unige.css.services.PingService,ch.unige.ping,10149,1632,33352372,[STARTED],false,true,0,0,33352382,
1431909606978,com.google.android.search.core.service.BroadcastListenerService,com.google.android.googlequicksearchbox:search,10026,2776,75471,[STARTED],false,true,0,0,28007607,
1431909606978,com.android.systemui.keyguard.KeyguardService,com.android.systemui,10014,930,44352,[PERSISTENT],false,false,2,2,68066,
1431909606978,openiab.StoreService,cm.aptoide.pt,10148,0,54787,[],false,true,0,0,54797,
1431909606978,ch.unige.css.services.main.CssRegistryService,ch.unige.ping:background,10149,27135,27136666,[STARTED],false,true,0,0,27136676,
1431909606978,com.google.android.finsky.billing.iab.InAppBillingService,com.android.vending,10024,19930,28398945,[],false,true,1,1,28398955,
1431909606978,org.cyanogenmod.audiofx.HeadsetService,org.cyanogenmod.audiofx,10000,1289,67364,"[PERSISTENT,STARTED]",false,true,0,0,67374,
1431909667131,com.android.bluetooth.hid.HidService,com.android.bluetooth,1002,0,49150,[],false,true,0,0,49160,
1431909667131,com.cleanmaster.service.PermanentService,com.cleanmaster.mguard:service,10138,1271,94138,[STARTED],false,true,1,1,30572839,
1431909667131,com.google.android.music.dial.DialMediaRouteProviderService,com.google.android.music:main,10073,0,57202,[],false,true,0,0,57212,
1431909667131,ch.unige.css.services.PingService,ch.unige.ping,10149,1632,33412504,[STARTED],false,true,0,0,33412514,
1431909667131,com.google.android.search.core.service.BroadcastListenerService,com.google.android.googlequicksearchbox:search,10026,2776,75471,[STARTED],false,true,0,0,28007607,
1431909667131,com.android.systemui.keyguard.KeyguardService,com.android.systemui,10014,930,44352,[PERSISTENT],false,false,2,2,68066,
1431909667131,openiab.StoreService,cm.aptoide.pt,10148,0,54787,[],false,true,0,0,54797,
1431909667131,ch.unige.css.services.main.CssRegistryService,ch.unige.ping:background,10149,27135,27136666,[STARTED],false,true,0,0,27136676,
1431909667131,com.google.android.finsky.billing.iab.InAppBillingService,com.android.vending,10024,19930,28398945,[],false,true,1,1,28398955,
1431909667131,org.cyanogenmod.audiofx.HeadsetService,org.cyanogenmod.audiofx,10000,1289,67364,"[PERSISTENT,STARTED]",false,true,0,0,67374,
1431909727380,com.android.bluetooth.hid.HidService,com.android.bluetooth,1002,0,49150,[],false,true,0,0,49160,
1431909727380,com.cleanmaster.service.PermanentService,com.cleanmaster.mguard:service,10138,1271,94138,[STARTED],false,true,1,1,30572839,
1431909727380,com.google.android.music.dial.DialMediaRouteProviderService,com.google.android.music:main,10073,0,57202,[],false,true,0,0,57212,
1431909727380,ch.unige.css.services.PingService,ch.unige.ping,10149,1632,33472650,[STARTED],false,true,0,0,33472659,
1431909727380,com.google.android.search.core.service.BroadcastListenerService,com.google.android.googlequicksearchbox:search,10026,2776,75471,[STARTED],false,true,0,0,28007607,
1431909727380,com.android.systemui.keyguard.KeyguardService,com.android.systemui,10014,930,44352,[PERSISTENT],false,false,2,2,68066,
1431909727380,openiab.StoreService,cm.aptoide.pt,10148,0,54787,[],false,true,0,0,54797,
1431909727380,ch.unige.css.services.main.CssRegistryService,ch.unige.ping:background,10149,27135,27136666,[STARTED],false,true,0,0,27136676,
1431909727380,com.google.android.finsky.billing.iab.InAppBillingService,com.android.vending,10024,19930,28398945,[],false,true,1,1,28398955,
1431909727380,org.cyanogenmod.audiofx.HeadsetService,org.cyanogenmod.audiofx,10000,1289,67364,"[PERSISTENT,STARTED]",false,true,0,0,67374,
1431909787520,com.android.bluetooth.hid.HidService,com.android.bluetooth,1002,0,49150,[],false,true,0,0,49160,
1431909787520,com.cleanmaster.service.PermanentService,com.cleanmaster.mguard:service,10138,1271,94138,[STARTED],false,true,1,1,30572839,
1431909787520,com.google.android.music.dial.DialMediaRouteProviderService,com.google.android.music:main,10073,0,57202,[],false,true,0,0,57212,
1431909787520,ch.unige.css.services.PingService,ch.unige.ping,10149,1632,33532910,[STARTED],false,true,0,0,33532920,
1431909787520,com.google.android.search.core.service.BroadcastListenerService,com.google.android.googlequicksearchbox:search,10026,2776,75471,[STARTED],false,true,0,0,28007607,
1431909787520,com.android.systemui.keyguard.KeyguardService,com.android.systemui,10014,930,44352,[PERSISTENT],false,false,2,2,68066,
1431909787520,openiab.StoreService,cm.aptoide.pt,10148,0,54787,[],false,true,0,0,54797,
1431909787520,ch.unige.css.services.main.CssRegistryService,ch.unige.ping:background,10149,27135,27136666,[STARTED],false,true,0,0,27136676,
1431909787520,com.google.android.finsky.billing.iab.InAppBillingService,com.android.vending,10024,19930,28398945,[],false,true,1,1,28398955,
1431909787520,org.cyanogenmod.audiofx.HeadsetService,org.cyanogenmod.audiofx,10000,1289,67364,"[PERSISTENT,STARTED]",false,true,0,0,67374,
1431909847682,com.android.bluetooth.hid.HidService,com.android.bluetooth,1002,0,49150,[],false,true,0,0,49160,
1431909847682,com.cleanmaster.service.PermanentService,com.cleanmaster.mguard:service,10138,1271,94138,[STARTED],false,true,1,1,30572839,
1431909847682,com.google.android.music.dial.DialMediaRouteProviderService,com.google.android.music:main,10073,0,57202,[],false,true,0,0,57212,
1431909847682,ch.unige.css.services.PingService,ch.unige.ping,10149,1632,33593047,[STARTED],false,true,0,0,33593057,
1431909847682,com.google.android.search.core.service.BroadcastListenerService,com.google.android.googlequicksearchbox:search,10026,2776,75471,[STARTED],false,true,0,0,28007607,
1431909847682,com.android.systemui.keyguard.KeyguardService,com.android.systemui,10014,930,44352,[PERSISTENT],false,false,2,2,68066,
1431909847682,openiab.StoreService,cm.aptoide.pt,10148,0,54787,[],false,true,0,0,54797,
1431909847682,ch.unige.css.services.main.CssRegistryService,ch.unige.ping:background,10149,27135,27136666,[STARTED],false,true,0,0,27136676,
1431909847682,com.google.android.finsky.billing.iab.InAppBillingService,com.android.vending,10024,19930,28398945,[],false,true,1,1,28398955,
1431909847682,org.cyanogenmod.audiofx.HeadsetService,org.cyanogenmod.audiofx,10000,1289,67364,"[PERSISTENT,STARTED]",false,true,0,0,67374,
1431909907779,com.android.bluetooth.hid.HidService,com.android.bluetooth,1002,0,49150,[],false,true,0,0,49160,
1431909907779,com.cleanmaster.service.PermanentService,com.cleanmaster.mguard:service,10138,1271,94138,[STARTED],false,true,1,1,30572839,
1431909907779,com.google.android.music.dial.DialMediaRouteProviderService,com.google.android.music:main,10073,0,57202,[],false,true,0,0,57212,
1431909907779,ch.unige.css.services.PingService,ch.unige.ping,10149,1632,33653187,[STARTED],false,true,0,0,33653197,
1431909907779,com.google.android.search.core.service.BroadcastListenerService,com.google.android.googlequicksearchbox:search,10026,2776,75471,[STARTED],false,true,0,0,28007607,
1431909907779,com.android.systemui.keyguard.KeyguardService,com.android.systemui,10014,930,44352,[PERSISTENT],false,false,2,2,68066,
1431909907779,openiab.StoreService,cm.aptoide.pt,10148,0,54787,[],false,true,0,0,54797,
1431909907779,ch.unige.css.services.main.CssRegistryService,ch.unige.ping:background,10149,27135,27136666,[STARTED],false,true,0,0,27136676,
1431909907779,com.google.android.finsky.billing.iab.InAppBillingService,com.android.vending,10024,19930,28398945,[],false,true,1,1,28398955,
1431909907779,org.cyanogenmod.audiofx.HeadsetService,org.cyanogenmod.audiofx,10000,1289,67364,"[PERSISTENT,STARTED]",false,true,0,0,67374,
1431909967822,com.android.bluetooth.hid.HidService,com.android.bluetooth,1002,0,49150,[],false,true,0,0,49160,
1431909967822,com.cleanmaster.service.PermanentService,com.cleanmaster.mguard:service,10138,1271,94138,[STARTED],false,true,1,1,30572839,
1431909967822,com.google.android.music.dial.DialMediaRouteProviderService,com.google.android.music:main,10073,0,57202,[],false,true,0,0,57212,
1431909967822,ch.unige.css.services.PingService,ch.unige.ping,10149,1632,33713236,[STARTED],false,true,0,0,33713246,
1431909967822,com.google.android.search.core.service.BroadcastListenerService,com.google.android.googlequicksearchbox:search,10026,2776,75471,[STARTED],false,true,0,0,28007607,
1431909967822,com.android.systemui.keyguard.KeyguardService,com.android.systemui,10014,930,44352,[PERSISTENT],false,false,2,2,68066,
1431909967822,openiab.StoreService,cm.aptoide.pt,10148,0,54787,[],false,true,0,0,54797,
1431909967822,ch.unige.css.services.main.CssRegistryService,ch.unige.ping:background,10149,27135,27136666,[STARTED],false,true,0,0,27136676,
1431909967822,com.google.android.finsky.billing.iab.InAppBillingService,com.android.vending,10024,19930,28398945,[],false,true,1,1,28398955,
1431909967822,org.cyanogenmod.audiofx.HeadsetService,org.cyanogenmod.audiofx,10000,1289,67364,"[PERSISTENT,STARTED]",false,true,0,0,67374,
1431910030116,com.android.bluetooth.hid.HidService,com.android.bluetooth,1002,0,49150,[],false,true,0,0,49160,
1431910030116,com.cleanmaster.service.PermanentService,com.cleanmaster.mguard:service,10138,1271,94138,[STARTED],false,true,1,1,30572839,
1431910030116,com.google.android.music.dial.DialMediaRouteProviderService,com.google.android.music:main,10073,0,57202,[],false,true,0,0,57212,
1431910030116,ch.unige.css.services.PingService,ch.unige.ping,10149,1632,33775504,[STARTED],false,true,0,0,33775514,
1431910030116,com.google.android.search.core.service.BroadcastListenerService,com.google.android.googlequicksearchbox:search,10026,2776,75471,[STARTED],false,true,0,0,28007607,
1431910030116,com.android.systemui.keyguard.KeyguardService,com.android.systemui,10014,930,44352,[PERSISTENT],false,false,2,2,68066,
1431910030116,openiab.StoreService,cm.aptoide.pt,10148,0,54787,[],false,true,0,0,54797,
1431910030116,ch.unige.css.services.main.CssRegistryService,ch.unige.ping:background,10149,27135,27136666,[STARTED],false,true,0,0,27136676,
1431910030116,com.google.android.finsky.billing.iab.InAppBillingService,com.android.vending,10024,19930,28398945,[],false,true,1,1,28398955,
1431910030116,org.cyanogenmod.audiofx.HeadsetService,org.cyanogenmod.audiofx,10000,1289,67364,"[PERSISTENT,STARTED]",false,true,0,0,67374,
1431910090235,com.android.bluetooth.hid.HidService,com.android.bluetooth,1002,0,49150,[],false,true,0,0,49160,
1431910090235,com.cleanmaster.service.PermanentService,com.cleanmaster.mguard:service,10138,1271,94138,[STARTED],false,true,1,1,30572839,
1431910090235,com.google.android.music.dial.DialMediaRouteProviderService,com.google.android.music:main,10073,0,57202,[],false,true,0,0,57212,
1431910090235,ch.unige.css.services.PingService,ch.unige.ping,10149,1632,33835612,[STARTED],false,true,0,0,33835622,
1431910090235,com.google.android.search.core.service.BroadcastListenerService,com.google.android.googlequicksearchbox:search,10026,2776,75471,[STARTED],false,true,0,0,28007607,
1431910090235,com.android.systemui.keyguard.KeyguardService,com.android.systemui,10014,930,44352,[PERSISTENT],false,false,2,2,68066,
1431910090235,openiab.StoreService,cm.aptoide.pt,10148,0,54787,[],false,true,0,0,54797,
1431910090235,ch.unige.css.services.main.CssRegistryService,ch.unige.ping:background,10149,27135,27136666,[STARTED],false,true,0,0,27136676,
1431910090235,com.google.android.finsky.billing.iab.InAppBillingService,com.android.vending,10024,19930,28398945,[],false,true,1,1,28398955,
1431910090235,org.cyanogenmod.audiofx.HeadsetService,org.cyanogenmod.audiofx,10000,1289,67364,"[PERSISTENT,STARTED]",false,true,0,0,67374,
1431910165757,com.android.bluetooth.hid.HidService,com.android.bluetooth,1002,0,49150,[],false,true,0,0,49160,
1431910165757,com.cleanmaster.service.PermanentService,com.cleanmaster.mguard:service,10138,1271,94138,[STARTED],false,true,1,1,30572839,
1431910165757,com.google.android.music.dial.DialMediaRouteProviderService,com.google.android.music:main,10073,0,57202,[],false,true,0,0,57212,
1431910165757,ch.unige.css.services.PingService,ch.unige.ping,10149,1632,33911156,[STARTED],false,true,0,0,33911166,
1431910165757,com.google.android.search.core.service.BroadcastListenerService,com.google.android.googlequicksearchbox:search,10026,2776,75471,[STARTED],false,true,0,0,28007607,
1431910165757,com.android.systemui.keyguard.KeyguardService,com.android.systemui,10014,930,44352,[PERSISTENT],false,false,2,2,68066,
1431910165757,openiab.StoreService,cm.aptoide.pt,10148,0,54787,[],false,true,0,0,54797,
1431910165757,ch.unige.css.services.main.CssRegistryService,ch.unige.ping:background,10149,27135,27136666,[STARTED],false,true,0,0,27136676,
1431910165757,com.google.android.finsky.billing.iab.InAppBillingService,com.android.vending,10024,19930,28398945,[],false,true,1,1,28398955,
1431910165757,org.cyanogenmod.audiofx.HeadsetService,org.cyanogenmod.audiofx,10000,1289,67364,"[PERSISTENT,STARTED]",false,true,0,0,67374,
1431910225973,com.android.bluetooth.hid.HidService,com.android.bluetooth,1002,0,49150,[],false,true,0,0,49160,
1431910225973,com.cleanmaster.service.PermanentService,com.cleanmaster.mguard:service,10138,1271,94138,[STARTED],false,true,1,1,30572839,
1431910225973,com.google.android.music.dial.DialMediaRouteProviderService,com.google.android.music:main,10073,0,57202,[],false,true,0,0,57212,
1431910225973,ch.unige.css.services.PingService,ch.unige.ping,10149,1632,33971360,[STARTED],false,true,0,0,33971370,
1431910225973,com.google.android.search.core.service.BroadcastListenerService,com.google.android.googlequicksearchbox:search,10026,2776,75471,[STARTED],false,true,0,0,28007607,
1431910225973,com.android.systemui.keyguard.KeyguardService,com.android.systemui,10014,930,44352,[PERSISTENT],false,false,2,2,68066,
1431910225973,openiab.StoreService,cm.aptoide.pt,10148,0,54787,[],false,true,0,0,54797,
1431910225973,ch.unige.css.services.main.CssRegistryService,ch.unige.ping:background,10149,27135,27136666,[STARTED],false,true,0,0,27136676,
1431910225973,com.google.android.finsky.billing.iab.InAppBillingService,com.android.vending,10024,19930,28398945,[],false,true,1,1,28398955,
1431910225973,org.cyanogenmod.audiofx.HeadsetService,org.cyanogenmod.audiofx,10000,1289,67364,"[PERSISTENT,STARTED]",false,true,0,0,67374,
1431910286078,com.android.bluetooth.hid.HidService,com.android.bluetooth,1002,0,49150,[],false,true,0,0,49160,
1431910286078,com.cleanmaster.service.PermanentService,com.cleanmaster.mguard:service,10138,1271,94138,[STARTED],false,true,1,1,30572839,
1431910286078,com.google.android.music.dial.DialMediaRouteProviderService,com.google.android.music:main,10073,0,57202,[],false,true,0,0,57212,
1431910286078,ch.unige.css.services.PingService,ch.unige.ping,10149,1632,34031463,[STARTED],false,true,0,0,34031473,
1431910286078,com.google.android.search.core.service.BroadcastListenerService,com.google.android.googlequicksearchbox:search,10026,2776,75471,[STARTED],false,true,0,0,28007607,
1431910286078,com.android.systemui.keyguard.KeyguardService,com.android.systemui,10014,930,44352,[PERSISTENT],false,false,2,2,68066,
1431910286078,openiab.StoreService,cm.aptoide.pt,10148,0,54787,[],false,true,0,0,54797,
1431910286078,ch.unige.css.services.main.CssRegistryService,ch.unige.ping:background,10149,27135,27136666,[STARTED],false,true,0,0,27136676,
1431910286078,com.google.android.finsky.billing.iab.InAppBillingService,com.android.vending,10024,19930,28398945,[],false,true,1,1,28398955,
1431910286078,org.cyanogenmod.audiofx.HeadsetService,org.cyanogenmod.audiofx,10000,1289,67364,"[PERSISTENT,STARTED]",false,true,0,0,67374,
1431910346255,com.android.bluetooth.hid.HidService,com.android.bluetooth,1002,0,49150,[],false,true,0,0,49160,
1431910346255,com.cleanmaster.service.PermanentService,com.cleanmaster.mguard:service,10138,1271,94138,[STARTED],false,true,1,1,30572839,
1431910346255,com.google.android.music.dial.DialMediaRouteProviderService,com.google.android.music:main,10073,0,57202,[],false,true,0,0,57212,
1431910346255,ch.unige.css.services.PingService,ch.unige.ping,10149,1632,34091608,[STARTED],false,true,0,0,34091618,
1431910346255,com.google.android.search.core.service.BroadcastListenerService,com.google.android.googlequicksearchbox:search,10026,2776,75471,[STARTED],false,true,0,0,28007607,
1431910346255,com.android.systemui.keyguard.KeyguardService,com.android.systemui,10014,930,44352,[PERSISTENT],false,false,2,2,68066,
1431910346255,openiab.StoreService,cm.aptoide.pt,10148,0,54787,[],false,true,0,0,54797,
1431910346255,ch.unige.css.services.main.CssRegistryService,ch.unige.ping:background,10149,27135,27136666,[STARTED],false,true,0,0,27136676,
1431910346255,com.google.android.finsky.billing.iab.InAppBillingService,com.android.vending,10024,19930,28398945,[],false,true,1,1,28398955,
1431910346255,org.cyanogenmod.audiofx.HeadsetService,org.cyanogenmod.audiofx,10000,1289,67364,"[PERSISTENT,STARTED]",false,true,0,0,67374,
1431910406222,com.android.bluetooth.hid.HidService,com.android.bluetooth,1002,0,49150,[],false,true,0,0,49160,
1431910406222,com.cleanmaster.service.PermanentService,com.cleanmaster.mguard:service,10138,1271,94138,[STARTED],false,true,1,1,30572839,
1431910406222,com.google.android.music.dial.DialMediaRouteProviderService,com.google.android.music:main,10073,0,57202,[],false,true,0,0,57212,
1431910406222,ch.unige.css.services.PingService,ch.unige.ping,10149,1632,34151648,[STARTED],false,true,0,0,34151658,
1431910406222,com.google.android.search.core.service.BroadcastListenerService,com.google.android.googlequicksearchbox:search,10026,2776,75471,[STARTED],false,true,0,0,28007607,
1431910406222,com.android.systemui.keyguard.KeyguardService,com.android.systemui,10014,930,44352,[PERSISTENT],false,false,2,2,68066,
1431910406222,openiab.StoreService,cm.aptoide.pt,10148,0,54787,[],false,true,0,0,54797,
1431910406222,ch.unige.css.services.main.CssRegistryService,ch.unige.ping:background,10149,27135,27136666,[STARTED],false,true,0,0,27136676,
1431910406222,com.google.android.finsky.billing.iab.InAppBillingService,com.android.vending,10024,19930,28398945,[],false,true,1,1,28398955,
1431910406222,org.cyanogenmod.audiofx.HeadsetService,org.cyanogenmod.audiofx,10000,1289,67364,"[PERSISTENT,STARTED]",false,true,0,0,67374,
1431910468498,com.android.bluetooth.hid.HidService,com.android.bluetooth,1002,0,49150,[],false,true,0,0,49160,
1431910468498,com.cleanmaster.service.PermanentService,com.cleanmaster.mguard:service,10138,1271,94138,[STARTED],false,true,1,1,30572839,
1431910468498,com.google.android.music.dial.DialMediaRouteProviderService,com.google.android.music:main,10073,0,57202,[],false,true,0,0,57212,
1431910468498,ch.unige.css.services.PingService,ch.unige.ping,10149,1632,34213863,[STARTED],false,true,0,0,34213873,
1431910468498,com.google.android.search.core.service.BroadcastListenerService,com.google.android.googlequicksearchbox:search,10026,2776,75471,[STARTED],false,true,0,0,28007607,
1431910468498,com.android.systemui.keyguard.KeyguardService,com.android.systemui,10014,930,44352,[PERSISTENT],false,false,2,2,68066,
1431910468498,openiab.StoreService,cm.aptoide.pt,10148,0,54787,[],false,true,0,0,54797,
1431910468498,ch.unige.css.services.main.CssRegistryService,ch.unige.ping:background,10149,27135,27136666,[STARTED],false,true,0,0,27136676,
1431910468498,com.google.android.finsky.billing.iab.InAppBillingService,com.android.vending,10024,19930,28398945,[],false,true,1,1,28398955,
1431910468498,org.cyanogenmod.audiofx.HeadsetService,org.cyanogenmod.audiofx,10000,1289,67364,"[PERSISTENT,STARTED]",false,true,0,0,67374,
1431910528640,com.android.bluetooth.hid.HidService,com.android.bluetooth,1002,0,49150,[],false,true,0,0,49160,
1431910528640,com.cleanmaster.service.PermanentService,com.cleanmaster.mguard:service,10138,1271,94138,[STARTED],false,true,1,1,30572839,
1431910528640,com.google.android.music.dial.DialMediaRouteProviderService,com.google.android.music:main,10073,0,57202,[],false,true,0,0,57212,
1431910528640,ch.unige.css.services.PingService,ch.unige.ping,10149,1632,34274016,[STARTED],false,true,0,0,34274026,
1431910528640,com.google.android.search.core.service.BroadcastListenerService,com.google.android.googlequicksearchbox:search,10026,2776,75471,[STARTED],false,true,0,0,28007607,
1431910528640,com.android.systemui.keyguard.KeyguardService,com.android.systemui,10014,930,44352,[PERSISTENT],false,false,2,2,68066,
1431910528640,openiab.StoreService,cm.aptoide.pt,10148,0,54787,[],false,true,0,0,54797,
1431910528640,ch.unige.css.services.main.CssRegistryService,ch.unige.ping:background,10149,27135,27136666,[STARTED],false,true,0,0,27136676,
1431910528640,com.google.android.finsky.billing.iab.InAppBillingService,com.android.vending,10024,19930,28398945,[],false,true,1,1,28398955,
1431910528640,org.cyanogenmod.audiofx.HeadsetService,org.cyanogenmod.audiofx,10000,1289,67364,"[PERSISTENT,STARTED]",false,true,0,0,67374,
1431910588744,com.android.bluetooth.hid.HidService,com.android.bluetooth,1002,0,49150,[],false,true,0,0,49160,
1431910588744,com.cleanmaster.service.PermanentService,com.cleanmaster.mguard:service,10138,1271,94138,[STARTED],false,true,1,1,30572839,
1431910588744,com.google.android.music.dial.DialMediaRouteProviderService,com.google.android.music:main,10073,0,57202,[],false,true,0,0,57212,
1431910588744,ch.unige.css.services.PingService,ch.unige.ping,10149,1632,34334147,[STARTED],false,true,0,0,34334157,
1431910588744,com.google.android.search.core.service.BroadcastListenerService,com.google.android.googlequicksearchbox:search,10026,2776,75471,[STARTED],false,true,0,0,28007607,
1431910588744,com.android.systemui.keyguard.KeyguardService,com.android.systemui,10014,930,44352,[PERSISTENT],false,false,2,2,68066,
1431910588744,openiab.StoreService,cm.aptoide.pt,10148,0,54787,[],false,true,0,0,54797,
1431910588744,ch.unige.css.services.main.CssRegistryService,ch.unige.ping:background,10149,27135,27136666,[STARTED],false,true,0,0,27136676,
1431910588744,com.google.android.finsky.billing.iab.InAppBillingService,com.android.vending,10024,19930,28398945,[],false,true,1,1,28398955,
1431910588744,org.cyanogenmod.audiofx.HeadsetService,org.cyanogenmod.audiofx,10000,1289,67364,"[PERSISTENT,STARTED]",false,true,0,0,67374,
1431910651180,com.android.bluetooth.hid.HidService,com.android.bluetooth,1002,0,49150,[],false,true,0,0,49160,
1431910651180,com.cleanmaster.service.PermanentService,com.cleanmaster.mguard:service,10138,1271,94138,[STARTED],false,true,1,1,30572839,
1431910651180,com.google.android.music.dial.DialMediaRouteProviderService,com.google.android.music:main,10073,0,57202,[],false,true,0,0,57212,
1431910651180,ch.unige.css.services.PingService,ch.unige.ping,10149,1632,34396584,[STARTED],false,true,0,0,34396594,
1431910651180,com.google.android.search.core.service.BroadcastListenerService,com.google.android.googlequicksearchbox:search,10026,2776,75471,[STARTED],false,true,0,0,28007607,
1431910651180,com.android.systemui.keyguard.KeyguardService,com.android.systemui,10014,930,44352,[PERSISTENT],false,false,2,2,68066,
1431910651180,openiab.StoreService,cm.aptoide.pt,10148,0,54787,[],false,true,0,0,54797,
1431910651180,ch.unige.css.services.main.CssRegistryService,ch.unige.ping:background,10149,27135,27136666,[STARTED],false,true,0,0,27136676,
1431910651180,com.google.android.finsky.billing.iab.InAppBillingService,com.android.vending,10024,19930,28398945,[],false,true,1,1,28398955,
1431910651180,org.cyanogenmod.audiofx.HeadsetService,org.cyanogenmod.audiofx,10000,1289,67364,"[PERSISTENT,STARTED]",false,true,0,0,67374,
1431910711335,com.android.bluetooth.hid.HidService,com.android.bluetooth,1002,0,49150,[],false,true,0,0,49160,
1431910711335,com.cleanmaster.service.PermanentService,com.cleanmaster.mguard:service,10138,1271,94138,[STARTED],false,true,1,1,30572839,
1431910711335,com.google.android.music.dial.DialMediaRouteProviderService,com.google.android.music:main,10073,0,57202,[],false,true,0,0,57212,
1431910711335,ch.unige.css.services.PingService,ch.unige.ping,10149,1632,34456710,[STARTED],false,true,0,0,34456720,
1431910711335,com.google.android.search.core.service.BroadcastListenerService,com.google.android.googlequicksearchbox:search,10026,2776,75471,[STARTED],false,true,0,0,28007607,
1431910711335,com.android.systemui.keyguard.KeyguardService,com.android.systemui,10014,930,44352,[PERSISTENT],false,false,2,2,68066,
1431910711335,openiab.StoreService,cm.aptoide.pt,10148,0,54787,[],false,true,0,0,54797,
1431910711335,ch.unige.css.services.main.CssRegistryService,ch.unige.ping:background,10149,27135,27136666,[STARTED],false,true,0,0,27136676,
1431910711335,com.google.android.finsky.billing.iab.InAppBillingService,com.android.vending,10024,19930,28398945,[],false,true,1,1,28398955,
1431910711335,org.cyanogenmod.audiofx.HeadsetService,org.cyanogenmod.audiofx,10000,1289,67364,"[PERSISTENT,STARTED]",false,true,0,0,67374,
1431910771437,com.android.bluetooth.hid.HidService,com.android.bluetooth,1002,0,49150,[],false,true,0,0,49160,
1431910771437,com.cleanmaster.service.PermanentService,com.cleanmaster.mguard:service,10138,1271,94138,[STARTED],false,true,1,1,30572839,
1431910771437,com.google.android.music.dial.DialMediaRouteProviderService,com.google.android.music:main,10073,0,57202,[],false,true,0,0,57212,
1431910771437,ch.unige.css.services.PingService,ch.unige.ping,10149,1632,34516842,[STARTED],false,true,0,0,34516852,
1431910771437,com.google.android.search.core.service.BroadcastListenerService,com.google.android.googlequicksearchbox:search,10026,2776,75471,[STARTED],false,true,0,0,28007607,
1431910771437,com.android.systemui.keyguard.KeyguardService,com.android.systemui,10014,930,44352,[PERSISTENT],false,false,2,2,68066,
1431910771437,openiab.StoreService,cm.aptoide.pt,10148,0,54787,[],false,true,0,0,54797,
1431910771437,ch.unige.css.services.main.CssRegistryService,ch.unige.ping:background,10149,27135,27136666,[STARTED],false,true,0,0,27136676,
1431910771437,com.google.android.finsky.billing.iab.InAppBillingService,com.android.vending,10024,19930,28398945,[],false,true,1,1,28398955,
1431910771437,org.cyanogenmod.audiofx.HeadsetService,org.cyanogenmod.audiofx,10000,1289,67364,"[PERSISTENT,STARTED]",false,true,0,0,67374,
1431910867443,com.android.bluetooth.hid.HidService,com.android.bluetooth,1002,0,49150,[],false,true,0,0,49160,
1431910867443,com.cleanmaster.service.PermanentService,com.cleanmaster.mguard:service,10138,1271,94138,[STARTED],false,true,1,1,30572839,
1431910867443,com.google.android.music.dial.DialMediaRouteProviderService,com.google.android.music:main,10073,0,57202,[],false,true,0,0,57212,
1431910867443,ch.unige.css.services.PingService,ch.unige.ping,10149,1632,34612812,[STARTED],false,true,0,0,34612822,
1431910867443,com.google.android.search.core.service.BroadcastListenerService,com.google.android.googlequicksearchbox:search,10026,2776,75471,[STARTED],false,true,0,0,28007607,
1431910867443,com.android.systemui.keyguard.KeyguardService,com.android.systemui,10014,930,44352,[PERSISTENT],false,false,2,2,68066,
1431910867443,openiab.StoreService,cm.aptoide.pt,10148,0,54787,[],false,true,0,0,54797,
1431910867443,ch.unige.css.services.main.CssRegistryService,ch.unige.ping:background,10149,27135,27136666,[STARTED],false,true,0,0,27136676,
1431910867443,com.google.android.finsky.billing.iab.InAppBillingService,com.android.vending,10024,19930,28398945,[],false,true,1,1,28398955,
1431910867443,org.cyanogenmod.audiofx.HeadsetService,org.cyanogenmod.audiofx,10000,1289,67364,"[PERSISTENT,STARTED]",false,true,0,0,67374,
1431910927645,com.android.bluetooth.hid.HidService,com.android.bluetooth,1002,0,49150,[],false,true,0,0,49160,
1431910927645,com.cleanmaster.service.PermanentService,com.cleanmaster.mguard:service,10138,1271,94138,[STARTED],false,true,1,1,30572839,
1431910927645,com.google.android.music.dial.DialMediaRouteProviderService,com.google.android.music:main,10073,0,57202,[],false,true,0,0,57212,
1431910927645,ch.unige.css.services.PingService,ch.unige.ping,10149,1632,34673007,[STARTED],false,true,0,0,34673017,
1431910927645,com.google.android.search.core.service.BroadcastListenerService,com.google.android.googlequicksearchbox:search,10026,2776,75471,[STARTED],false,true,0,0,28007607,
1431910927645,com.android.systemui.keyguard.KeyguardService,com.android.systemui,10014,930,44352,[PERSISTENT],false,false,2,2,68066,
1431910927645,openiab.StoreService,cm.aptoide.pt,10148,0,54787,[],false,true,0,0,54797,
1431910927645,ch.unige.css.services.main.CssRegistryService,ch.unige.ping:background,10149,27135,27136666,[STARTED],false,true,0,0,27136676,
1431910927645,com.google.android.finsky.billing.iab.InAppBillingService,com.android.vending,10024,19930,28398945,[],false,true,1,1,28398955,
1431910927645,org.cyanogenmod.audiofx.HeadsetService,org.cyanogenmod.audiofx,10000,1289,67364,"[PERSISTENT,STARTED]",false,true,0,0,67374,
1431910987768,com.android.bluetooth.hid.HidService,com.android.bluetooth,1002,0,49150,[],false,true,0,0,49160,
1431910987768,com.cleanmaster.service.PermanentService,com.cleanmaster.mguard:service,10138,1271,94138,[STARTED],false,true,1,1,30572839,
1431910987768,com.google.android.music.dial.DialMediaRouteProviderService,com.google.android.music:main,10073,0,57202,[],false,true,0,0,57212,
1431910987768,ch.unige.css.services.PingService,ch.unige.ping,10149,1632,34733154,[STARTED],false,true,0,0,34733164,
1431910987768,com.google.android.search.core.service.BroadcastListenerService,com.google.android.googlequicksearchbox:search,10026,2776,75471,[STARTED],false,true,0,0,28007607,
1431910987768,com.android.systemui.keyguard.KeyguardService,com.android.systemui,10014,930,44352,[PERSISTENT],false,false,2,2,68066,
1431910987768,openiab.StoreService,cm.aptoide.pt,10148,0,54787,[],false,true,0,0,54797,
1431910987768,ch.unige.css.services.main.CssRegistryService,ch.unige.ping:background,10149,27135,27136666,[STARTED],false,true,0,0,27136676,
1431910987768,com.google.android.finsky.billing.iab.InAppBillingService,com.android.vending,10024,19930,28398945,[],false,true,1,1,28398955,
1431910987768,org.cyanogenmod.audiofx.HeadsetService,org.cyanogenmod.audiofx,10000,1289,67364,"[PERSISTENT,STARTED]",false,true,0,0,67374,
1431911065820,com.android.bluetooth.hid.HidService,com.android.bluetooth,1002,0,49150,[],false,true,0,0,49160,
1431911065820,com.cleanmaster.service.PermanentService,com.cleanmaster.mguard:service,10138,1271,94138,[STARTED],false,true,1,1,30572839,
1431911065820,com.google.android.music.dial.DialMediaRouteProviderService,com.google.android.music:main,10073,0,57202,[],false,true,0,0,57212,
1431911065820,ch.unige.css.services.PingService,ch.unige.ping,10149,1632,34811196,[STARTED],false,true,0,0,34811206,
1431911065820,com.google.android.search.core.service.BroadcastListenerService,com.google.android.googlequicksearchbox:search,10026,2776,75471,[STARTED],false,true,0,0,28007607,
1431911065820,com.android.systemui.keyguard.KeyguardService,com.android.systemui,10014,930,44352,[PERSISTENT],false,false,2,2,68066,
1431911065820,openiab.StoreService,cm.aptoide.pt,10148,0,54787,[],false,true,0,0,54797,
1431911065820,ch.unige.css.services.main.CssRegistryService,ch.unige.ping:background,10149,27135,27136666,[STARTED],false,true,0,0,27136676,
1431911065820,com.google.android.finsky.billing.iab.InAppBillingService,com.android.vending,10024,19930,28398945,[],false,true,1,1,28398955,
1431911065820,org.cyanogenmod.audiofx.HeadsetService,org.cyanogenmod.audiofx,10000,1289,67364,"[PERSISTENT,STARTED]",false,true,0,0,67374,
1431911125970,com.android.bluetooth.hid.HidService,com.android.bluetooth,1002,0,49150,[],false,true,0,0,49160,
1431911125970,com.cleanmaster.service.PermanentService,com.cleanmaster.mguard:service,10138,1271,94138,[STARTED],false,true,1,1,30572839,
1431911125970,com.google.android.music.dial.DialMediaRouteProviderService,com.google.android.music:main,10073,0,57202,[],false,true,0,0,57212,
1431911125970,ch.unige.css.services.PingService,ch.unige.ping,10149,1632,34871349,[STARTED],false,true,0,0,34871359,
1431911125970,com.google.android.search.core.service.BroadcastListenerService,com.google.android.googlequicksearchbox:search,10026,2776,75471,[STARTED],false,true,0,0,28007607,
1431911125970,com.android.systemui.keyguard.KeyguardService,com.android.systemui,10014,930,44352,[PERSISTENT],false,false,2,2,68066,
1431911125970,openiab.StoreService,cm.aptoide.pt,10148,0,54787,[],false,true,0,0,54797,
1431911125970,ch.unige.css.services.main.CssRegistryService,ch.unige.ping:background,10149,27135,27136666,[STARTED],false,true,0,0,27136676,
1431911125970,com.google.android.finsky.billing.iab.InAppBillingService,com.android.vending,10024,19930,28398945,[],false,true,1,1,28398955,
1431911125970,org.cyanogenmod.audiofx.HeadsetService,org.cyanogenmod.audiofx,10000,1289,67364,"[PERSISTENT,STARTED]",false,true,0,0,67374,
1431911185986,com.android.bluetooth.hid.HidService,com.android.bluetooth,1002,0,49150,[],false,true,0,0,49160,
1431911185986,com.cleanmaster.service.PermanentService,com.cleanmaster.mguard:service,10138,1271,94138,[STARTED],false,true,1,1,30572839,
1431911185986,com.google.android.music.dial.DialMediaRouteProviderService,com.google.android.music:main,10073,0,57202,[],false,true,0,0,57212,
1431911185986,ch.unige.css.services.PingService,ch.unige.ping,10149,1632,34931404,[STARTED],false,true,0,0,34931414,
1431911185986,com.google.android.search.core.service.BroadcastListenerService,com.google.android.googlequicksearchbox:search,10026,2776,75471,[STARTED],false,true,0,0,28007607,
1431911185986,com.android.systemui.keyguard.KeyguardService,com.android.systemui,10014,930,44352,[PERSISTENT],false,false,2,2,68066,
1431911185986,openiab.StoreService,cm.aptoide.pt,10148,0,54787,[],false,true,0,0,54797,
1431911185986,ch.unige.css.services.main.CssRegistryService,ch.unige.ping:background,10149,27135,27136666,[STARTED],false,true,0,0,27136676,
1431911185986,com.google.android.finsky.billing.iab.InAppBillingService,com.android.vending,10024,19930,28398945,[],false,true,1,1,28398955,
1431911185986,org.cyanogenmod.audiofx.HeadsetService,org.cyanogenmod.audiofx,10000,1289,67364,"[PERSISTENT,STARTED]",false,true,0,0,67374,
1431911248379,com.android.bluetooth.hid.HidService,com.android.bluetooth,1002,0,49150,[],false,true,0,0,49160,
1431911248379,com.cleanmaster.service.PermanentService,com.cleanmaster.mguard:service,10138,1271,94138,[STARTED],false,true,1,1,30572839,
1431911248379,com.google.android.music.dial.DialMediaRouteProviderService,com.google.android.music:main,10073,0,57202,[],false,true,0,0,57212,
1431911248379,ch.unige.css.services.PingService,ch.unige.ping,10149,1632,34993760,[STARTED],false,true,0,0,34993770,
1431911248379,com.google.android.search.core.service.BroadcastListenerService,com.google.android.googlequicksearchbox:search,10026,2776,75471,[STARTED],false,true,0,0,28007607,
1431911248379,com.android.systemui.keyguard.KeyguardService,com.android.systemui,10014,930,44352,[PERSISTENT],false,false,2,2,68066,
1431911248379,openiab.StoreService,cm.aptoide.pt,10148,0,54787,[],false,true,0,0,54797,
1431911248379,ch.unige.css.services.main.CssRegistryService,ch.unige.ping:background,10149,27135,27136666,[STARTED],false,true,0,0,27136676,
1431911248379,com.google.android.finsky.billing.iab.InAppBillingService,com.android.vending,10024,19930,28398945,[],false,true,1,1,28398955,
1431911248379,org.cyanogenmod.audiofx.HeadsetService,org.cyanogenmod.audiofx,10000,1289,67364,"[PERSISTENT,STARTED]",false,true,0,0,67374,
1431911308495,com.android.bluetooth.hid.HidService,com.android.bluetooth,1002,0,49150,[],false,true,0,0,49160,
1431911308495,com.cleanmaster.service.PermanentService,com.cleanmaster.mguard:service,10138,1271,94138,[STARTED],false,true,1,1,30572839,
1431911308495,com.google.android.music.dial.DialMediaRouteProviderService,com.google.android.music:main,10073,0,57202,[],false,true,0,0,57212,
1431911308495,ch.unige.css.services.PingService,ch.unige.ping,10149,1632,35053861,[STARTED],false,true,0,0,35053871,
1431911308495,com.google.android.search.core.service.BroadcastListenerService,com.google.android.googlequicksearchbox:search,10026,2776,75471,[STARTED],false,true,0,0,28007607,
1431911308495,com.android.systemui.keyguard.KeyguardService,com.android.systemui,10014,930,44352,[PERSISTENT],false,false,2,2,68066,
1431911308495,openiab.StoreService,cm.aptoide.pt,10148,0,54787,[],false,true,0,0,54797,
1431911308495,ch.unige.css.services.main.CssRegistryService,ch.unige.ping:background,10149,27135,27136666,[STARTED],false,true,0,0,27136676,
1431911308495,com.google.android.finsky.billing.iab.InAppBillingService,com.android.vending,10024,19930,28398945,[],false,true,1,1,28398955,
1431911308495,org.cyanogenmod.audiofx.HeadsetService,org.cyanogenmod.audiofx,10000,1289,67364,"[PERSISTENT,STARTED]",false,true,0,0,67374,
1431911368701,com.android.bluetooth.hid.HidService,com.android.bluetooth,1002,0,49150,[],false,true,0,0,49160,
1431911368701,com.cleanmaster.service.PermanentService,com.cleanmaster.mguard:service,10138,1271,94138,[STARTED],false,true,1,1,35085689,
1431911368701,com.google.android.music.dial.DialMediaRouteProviderService,com.google.android.music:main,10073,0,57202,[],false,true,0,0,57212,
1431911368701,ch.unige.css.services.PingService,ch.unige.ping,10149,1632,35114135,[STARTED],false,true,0,0,35114145,
1431911368701,com.google.android.search.core.service.BroadcastListenerService,com.google.android.googlequicksearchbox:search,10026,2776,75471,[STARTED],false,true,0,0,28007607,
1431911368701,com.android.systemui.keyguard.KeyguardService,com.android.systemui,10014,930,44352,[PERSISTENT],false,false,2,2,68066,
1431911368701,openiab.StoreService,cm.aptoide.pt,10148,0,54787,[],false,true,0,0,54797,
1431911368701,ch.unige.css.services.main.CssRegistryService,ch.unige.ping:background,10149,27135,27136666,[STARTED],false,true,0,0,27136676,
1431911368701,com.google.android.finsky.billing.iab.InAppBillingService,com.android.vending,10024,19930,28398945,[],false,true,1,1,28398955,
1431911368701,org.cyanogenmod.audiofx.HeadsetService,org.cyanogenmod.audiofx,10000,1289,67364,"[PERSISTENT,STARTED]",false,true,0,0,67374,
1431911428735,com.android.bluetooth.hid.HidService,com.android.bluetooth,1002,0,49150,[],false,true,0,0,49160,
1431911428735,com.cleanmaster.service.PermanentService,com.cleanmaster.mguard:service,10138,1271,94138,[STARTED],false,true,1,1,35085689,
1431911428735,com.google.android.music.dial.DialMediaRouteProviderService,com.google.android.music:main,10073,0,57202,[],false,true,0,0,57212,
1431911428735,ch.unige.css.services.PingService,ch.unige.ping,10149,1632,35174164,[STARTED],false,true,0,0,35174174,
1431911428735,com.google.android.search.core.service.BroadcastListenerService,com.google.android.googlequicksearchbox:search,10026,2776,75471,[STARTED],false,true,0,0,28007607,
1431911428735,com.android.systemui.keyguard.KeyguardService,com.android.systemui,10014,930,44352,[PERSISTENT],false,false,2,2,68066,
1431911428735,openiab.StoreService,cm.aptoide.pt,10148,0,54787,[],false,true,0,0,54797,
1431911428735,ch.unige.css.services.main.CssRegistryService,ch.unige.ping:background,10149,27135,27136666,[STARTED],false,true,0,0,27136676,
1431911428735,com.google.android.finsky.billing.iab.InAppBillingService,com.android.vending,10024,19930,28398945,[],false,true,1,1,28398955,
1431911428735,org.cyanogenmod.audiofx.HeadsetService,org.cyanogenmod.audiofx,10000,1289,67364,"[PERSISTENT,STARTED]",false,true,0,0,67374,
1431911488818,com.android.bluetooth.hid.HidService,com.android.bluetooth,1002,0,49150,[],false,true,0,0,49160,
1431911488818,com.cleanmaster.service.PermanentService,com.cleanmaster.mguard:service,10138,1271,94138,[STARTED],false,true,1,1,35085689,
1431911488818,com.google.android.music.dial.DialMediaRouteProviderService,com.google.android.music:main,10073,0,57202,[],false,true,0,0,57212,
1431911488818,ch.unige.css.services.PingService,ch.unige.ping,10149,1632,35234206,[STARTED],false,true,0,0,35234216,
1431911488818,com.google.android.search.core.service.BroadcastListenerService,com.google.android.googlequicksearchbox:search,10026,2776,75471,[STARTED],false,true,0,0,28007607,
1431911488818,com.android.systemui.keyguard.KeyguardService,com.android.systemui,10014,930,44352,[PERSISTENT],false,false,2,2,68066,
1431911488818,openiab.StoreService,cm.aptoide.pt,10148,0,54787,[],false,true,0,0,54797,
1431911488818,ch.unige.css.services.main.CssRegistryService,ch.unige.ping:background,10149,27135,27136666,[STARTED],false,true,0,0,27136676,
1431911488818,com.google.android.finsky.billing.iab.InAppBillingService,com.android.vending,10024,19930,28398945,[],false,true,1,1,28398955,
1431911488818,org.cyanogenmod.audiofx.HeadsetService,org.cyanogenmod.audiofx,10000,1289,67364,"[PERSISTENT,STARTED]",false,true,0,0,67374,
1431911548952,com.android.bluetooth.hid.HidService,com.android.bluetooth,1002,0,49150,[],false,true,0,0,49160,
1431911548952,com.cleanmaster.service.PermanentService,com.cleanmaster.mguard:service,10138,1271,94138,[STARTED],false,true,1,1,35085689,
1431911548952,com.google.android.music.dial.DialMediaRouteProviderService,com.google.android.music:main,10073,0,57202,[],false,true,0,0,57212,
1431911548952,ch.unige.css.services.PingService,ch.unige.ping,10149,1632,35294336,[STARTED],false,true,0,0,35294346,
1431911548952,com.google.android.search.core.service.BroadcastListenerService,com.google.android.googlequicksearchbox:search,10026,2776,75471,[STARTED],false,true,0,0,28007607,
1431911548952,com.android.systemui.keyguard.KeyguardService,com.android.systemui,10014,930,44352,[PERSISTENT],false,false,2,2,68066,
1431911548952,openiab.StoreService,cm.aptoide.pt,10148,0,54787,[],false,true,0,0,54797,
1431911548952,ch.unige.css.services.main.CssRegistryService,ch.unige.ping:background,10149,27135,27136666,[STARTED],false,true,0,0,27136676,
1431911548952,com.google.android.finsky.billing.iab.InAppBillingService,com.android.vending,10024,19930,28398945,[],false,true,1,1,28398955,
1431911548952,org.cyanogenmod.audiofx.HeadsetService,org.cyanogenmod.audiofx,10000,1289,67364,"[PERSISTENT,STARTED]",false,true,0,0,67374,
1431911609085,com.android.bluetooth.hid.HidService,com.android.bluetooth,1002,0,49150,[],false,true,0,0,49160,
1431911609085,com.cleanmaster.service.PermanentService,com.cleanmaster.mguard:service,10138,1271,94138,[STARTED],false,true,1,1,35085689,
1431911609085,com.google.android.music.dial.DialMediaRouteProviderService,com.google.android.music:main,10073,0,57202,[],false,true,0,0,57212,
1431911609085,ch.unige.css.services.PingService,ch.unige.ping,10149,1632,35354470,[STARTED],false,true,0,0,35354480,
1431911609085,com.google.android.search.core.service.BroadcastListenerService,com.google.android.googlequicksearchbox:search,10026,2776,75471,[STARTED],false,true,0,0,28007607,
1431911609085,com.android.systemui.keyguard.KeyguardService,com.android.systemui,10014,930,44352,[PERSISTENT],false,false,2,2,68066,
1431911609085,openiab.StoreService,cm.aptoide.pt,10148,0,54787,[],false,true,0,0,54797,
1431911609085,ch.unige.css.services.main.CssRegistryService,ch.unige.ping:background,10149,27135,27136666,[STARTED],false,true,0,0,27136676,
1431911609085,com.google.android.finsky.billing.iab.InAppBillingService,com.android.vending,10024,19930,28398945,[],false,true,1,1,28398955,
1431911609085,org.cyanogenmod.audiofx.HeadsetService,org.cyanogenmod.audiofx,10000,1289,67364,"[PERSISTENT,STARTED]",false,true,0,0,67374,
1431911669326,com.android.bluetooth.hid.HidService,com.android.bluetooth,1002,0,49150,[],false,true,0,0,49160,
1431911669326,com.cleanmaster.service.PermanentService,com.cleanmaster.mguard:service,10138,1271,94138,[STARTED],false,true,1,1,35085689,
1431911669326,com.google.android.music.dial.DialMediaRouteProviderService,com.google.android.music:main,10073,0,57202,[],false,true,0,0,57212,
1431911669326,ch.unige.css.services.PingService,ch.unige.ping,10149,1632,35414765,[STARTED],false,true,0,0,35414775,
1431911669326,com.google.android.search.core.service.BroadcastListenerService,com.google.android.googlequicksearchbox:search,10026,2776,75471,[STARTED],false,true,0,0,28007607,
1431911669326,com.android.systemui.keyguard.KeyguardService,com.android.systemui,10014,930,44352,[PERSISTENT],false,false,2,2,68066,
1431911669326,openiab.StoreService,cm.aptoide.pt,10148,0,54787,[],false,true,0,0,54797,
1431911669326,ch.unige.css.services.main.CssRegistryService,ch.unige.ping:background,10149,27135,27136666,[STARTED],false,true,0,0,27136676,
1431911669326,com.google.android.finsky.billing.iab.InAppBillingService,com.android.vending,10024,19930,28398945,[],false,true,1,1,28398955,
1431911669326,org.cyanogenmod.audiofx.HeadsetService,org.cyanogenmod.audiofx,10000,1289,67364,"[PERSISTENT,STARTED]",false,true,0,0,67374,
1431911753928,com.android.bluetooth.hid.HidService,com.android.bluetooth,1002,0,49150,[],false,true,0,0,49160,
1431911753928,com.cleanmaster.service.PermanentService,com.cleanmaster.mguard:service,10138,1271,94138,[STARTED],false,true,1,1,35085689,
1431911753928,com.google.android.music.dial.DialMediaRouteProviderService,com.google.android.music:main,10073,0,57202,[],false,true,0,0,57212,
1431911753928,ch.unige.css.services.PingService,ch.unige.ping,10149,1632,35499315,[STARTED],false,true,0,0,35499325,
1431911753928,com.google.android.search.core.service.BroadcastListenerService,com.google.android.googlequicksearchbox:search,10026,2776,75471,[STARTED],false,true,0,0,28007607,
1431911753928,com.android.systemui.keyguard.KeyguardService,com.android.systemui,10014,930,44352,[PERSISTENT],false,false,2,2,68066,
1431911753928,openiab.StoreService,cm.aptoide.pt,10148,0,54787,[],false,true,0,0,54797,
1431911753928,ch.unige.css.services.main.CssRegistryService,ch.unige.ping:background,10149,27135,27136666,[STARTED],false,true,0,0,27136676,
1431911753928,com.google.android.finsky.billing.iab.InAppBillingService,com.android.vending,10024,19930,28398945,[],false,true,1,1,28398955,
1431911753928,org.cyanogenmod.audiofx.HeadsetService,org.cyanogenmod.audiofx,10000,1289,67364,"[PERSISTENT,STARTED]",false,true,0,0,67374,
1431911813982,com.android.bluetooth.hid.HidService,com.android.bluetooth,1002,0,49150,[],false,true,0,0,49160,
1431911813982,com.cleanmaster.service.PermanentService,com.cleanmaster.mguard:service,10138,1271,94138,[STARTED],false,true,1,1,35085689,
1431911813982,com.google.android.music.dial.DialMediaRouteProviderService,com.google.android.music:main,10073,0,57202,[],false,true,0,0,57212,
1431911813982,ch.unige.css.services.PingService,ch.unige.ping,10149,1632,35559394,[STARTED],false,true,0,0,35559404,
1431911813982,com.google.android.search.core.service.BroadcastListenerService,com.google.android.googlequicksearchbox:search,10026,2776,75471,[STARTED],false,true,0,0,28007607,
1431911813982,com.android.systemui.keyguard.KeyguardService,com.android.systemui,10014,930,44352,[PERSISTENT],false,false,2,2,68066,
1431911813982,openiab.StoreService,cm.aptoide.pt,10148,0,54787,[],false,true,0,0,54797,
1431911813982,ch.unige.css.services.main.CssRegistryService,ch.unige.ping:background,10149,27135,27136666,[STARTED],false,true,0,0,27136676,
1431911813982,com.google.android.finsky.billing.iab.InAppBillingService,com.android.vending,10024,19930,28398945,[],false,true,1,1,28398955,
1431911813982,org.cyanogenmod.audiofx.HeadsetService,org.cyanogenmod.audiofx,10000,1289,67364,"[PERSISTENT,STARTED]",false,true,0,0,67374,
1431911876480,com.android.bluetooth.hid.HidService,com.android.bluetooth,1002,0,49150,[],false,true,0,0,49160,
1431911876480,com.cleanmaster.service.PermanentService,com.cleanmaster.mguard:service,10138,1271,94138,[STARTED],false,true,1,1,35085689,
1431911876480,com.google.android.music.dial.DialMediaRouteProviderService,com.google.android.music:main,10073,0,57202,[],false,true,0,0,57212,
1431911876480,ch.unige.css.services.PingService,ch.unige.ping,10149,1632,35621792,[STARTED],false,true,0,0,35621802,
1431911876480,com.google.android.search.core.service.BroadcastListenerService,com.google.android.googlequicksearchbox:search,10026,2776,75471,[STARTED],false,true,0,0,28007607,
1431911876480,com.android.systemui.keyguard.KeyguardService,com.android.systemui,10014,930,44352,[PERSISTENT],false,false,2,2,68066,
1431911876480,openiab.StoreService,cm.aptoide.pt,10148,0,54787,[],false,true,0,0,54797,
1431911876480,ch.unige.css.services.main.CssRegistryService,ch.unige.ping:background,10149,27135,27136666,[STARTED],false,true,0,0,27136676,
1431911876480,com.google.android.finsky.billing.iab.InAppBillingService,com.android.vending,10024,19930,28398945,[],false,true,1,1,28398955,
1431911876480,org.cyanogenmod.audiofx.HeadsetService,org.cyanogenmod.audiofx,10000,1289,67364,"[PERSISTENT,STARTED]",false,true,0,0,67374,
1431911965797,com.android.bluetooth.hid.HidService,com.android.bluetooth,1002,0,49150,[],false,true,0,0,49160,
1431911965797,com.cleanmaster.service.PermanentService,com.cleanmaster.mguard:service,10138,1271,94138,[STARTED],false,true,1,1,35085689,
1431911965797,com.google.android.music.dial.DialMediaRouteProviderService,com.google.android.music:main,10073,0,57202,[],false,true,0,0,57212,
1431911965797,ch.unige.css.services.PingService,ch.unige.ping,10149,1632,35711159,[STARTED],false,true,0,0,35711169,
1431911965797,com.google.android.search.core.service.BroadcastListenerService,com.google.android.googlequicksearchbox:search,10026,2776,75471,[STARTED],false,true,0,0,28007607,
1431911965797,com.android.systemui.keyguard.KeyguardService,com.android.systemui,10014,930,44352,[PERSISTENT],false,false,2,2,68066,
1431911965797,openiab.StoreService,cm.aptoide.pt,10148,0,54787,[],false,true,0,0,54797,
1431911965797,ch.unige.css.services.main.CssRegistryService,ch.unige.ping:background,10149,27135,27136666,[STARTED],false,true,0,0,27136676,
1431911965797,com.google.android.finsky.billing.iab.InAppBillingService,com.android.vending,10024,19930,28398945,[],false,true,1,1,28398955,
1431911965797,org.cyanogenmod.audiofx.HeadsetService,org.cyanogenmod.audiofx,10000,1289,67364,"[PERSISTENT,STARTED]",false,true,0,0,67374,
1431912025946,com.android.bluetooth.hid.HidService,com.android.bluetooth,1002,0,49150,[],false,true,0,0,49160,
1431912025946,com.cleanmaster.service.PermanentService,com.cleanmaster.mguard:service,10138,1271,94138,[STARTED],false,true,1,1,35085689,
1431912025946,com.google.android.music.dial.DialMediaRouteProviderService,com.google.android.music:main,10073,0,57202,[],false,true,0,0,57212,
1431912025946,ch.unige.css.services.PingService,ch.unige.ping,10149,1632,35771345,[STARTED],false,true,0,0,35771355,
1431912025946,com.google.android.search.core.service.BroadcastListenerService,com.google.android.googlequicksearchbox:search,10026,2776,75471,[STARTED],false,true,0,0,28007607,
1431912025946,com.android.systemui.keyguard.KeyguardService,com.android.systemui,10014,930,44352,[PERSISTENT],false,false,2,2,68066,
1431912025946,openiab.StoreService,cm.aptoide.pt,10148,0,54787,[],false,true,0,0,54797,
1431912025946,ch.unige.css.services.main.CssRegistryService,ch.unige.ping:background,10149,27135,27136666,[STARTED],false,true,0,0,27136676,
1431912025946,com.google.android.finsky.billing.iab.InAppBillingService,com.android.vending,10024,19930,28398945,[],false,true,1,1,28398955,
1431912025946,org.cyanogenmod.audiofx.HeadsetService,org.cyanogenmod.audiofx,10000,1289,67364,"[PERSISTENT,STARTED]",false,true,0,0,67374,
1431912086108,com.android.bluetooth.hid.HidService,com.android.bluetooth,1002,0,49150,[],false,true,0,0,49160,
1431912086108,com.cleanmaster.service.PermanentService,com.cleanmaster.mguard:service,10138,1271,94138,[STARTED],false,true,1,1,35085689,
1431912086108,com.google.android.music.dial.DialMediaRouteProviderService,com.google.android.music:main,10073,0,57202,[],false,true,0,0,57212,
1431912086108,ch.unige.css.services.PingService,ch.unige.ping,10149,1632,35831494,[STARTED],false,true,0,0,35831504,
1431912086108,com.google.android.search.core.service.BroadcastListenerService,com.google.android.googlequicksearchbox:search,10026,2776,75471,[STARTED],false,true,0,0,28007607,
1431912086108,com.android.systemui.keyguard.KeyguardService,com.android.systemui,10014,930,44352,[PERSISTENT],false,false,2,2,68066,
1431912086108,openiab.StoreService,cm.aptoide.pt,10148,0,54787,[],false,true,0,0,54797,
1431912086108,ch.unige.css.services.main.CssRegistryService,ch.unige.ping:background,10149,27135,27136666,[STARTED],false,true,0,0,27136676,
1431912086108,com.google.android.finsky.billing.iab.InAppBillingService,com.android.vending,10024,19930,28398945,[],false,true,1,1,28398955,
1431912086108,org.cyanogenmod.audiofx.HeadsetService,org.cyanogenmod.audiofx,10000,1289,67364,"[PERSISTENT,STARTED]",false,true,0,0,67374,
1431912146276,com.android.bluetooth.hid.HidService,com.android.bluetooth,1002,0,49150,[],false,true,0,0,49160,
1431912146276,com.cleanmaster.service.PermanentService,com.cleanmaster.mguard:service,10138,1271,94138,[STARTED],false,true,1,1,35085689,
1431912146276,com.google.android.music.dial.DialMediaRouteProviderService,com.google.android.music:main,10073,0,57202,[],false,true,0,0,57212,
1431912146276,ch.unige.css.services.PingService,ch.unige.ping,10149,1632,35891653,[STARTED],false,true,0,0,35891663,
1431912146276,com.google.android.search.core.service.BroadcastListenerService,com.google.android.googlequicksearchbox:search,10026,2776,75471,[STARTED],false,true,0,0,28007607,
1431912146276,com.android.systemui.keyguard.KeyguardService,com.android.systemui,10014,930,44352,[PERSISTENT],false,false,2,2,68066,
1431912146276,openiab.StoreService,cm.aptoide.pt,10148,0,54787,[],false,true,0,0,54797,
1431912146276,ch.unige.css.services.main.CssRegistryService,ch.unige.ping:background,10149,27135,27136666,[STARTED],false,true,0,0,27136676,
1431912146276,com.google.android.finsky.billing.iab.InAppBillingService,com.android.vending,10024,19930,28398945,[],false,true,1,1,28398955,
1431912146276,org.cyanogenmod.audiofx.HeadsetService,org.cyanogenmod.audiofx,10000,1289,67364,"[PERSISTENT,STARTED]",false,true,0,0,67374,
1431912206277,com.android.bluetooth.hid.HidService,com.android.bluetooth,1002,0,49150,[],false,true,0,0,49160,
1431912206277,com.cleanmaster.service.PermanentService,com.cleanmaster.mguard:service,10138,1271,94138,[STARTED],false,true,1,1,35085689,
1431912206277,com.google.android.music.dial.DialMediaRouteProviderService,com.google.android.music:main,10073,0,57202,[],false,true,0,0,57212,
1431912206277,ch.unige.css.services.PingService,ch.unige.ping,10149,1632,35951696,[STARTED],false,true,0,0,35951706,
1431912206277,com.google.android.search.core.service.BroadcastListenerService,com.google.android.googlequicksearchbox:search,10026,2776,75471,[STARTED],false,true,0,0,28007607,
1431912206277,com.android.systemui.keyguard.KeyguardService,com.android.systemui,10014,930,44352,[PERSISTENT],false,false,2,2,68066,
1431912206277,openiab.StoreService,cm.aptoide.pt,10148,0,54787,[],false,true,0,0,54797,
1431912206277,ch.unige.css.services.main.CssRegistryService,ch.unige.ping:background,10149,27135,27136666,[STARTED],false,true,0,0,27136676,
1431912206277,com.google.android.finsky.billing.iab.InAppBillingService,com.android.vending,10024,19930,28398945,[],false,true,1,1,28398955,
1431912206277,org.cyanogenmod.audiofx.HeadsetService,org.cyanogenmod.audiofx,10000,1289,67364,"[PERSISTENT,STARTED]",false,true,0,0,67374,
1431912268567,com.android.bluetooth.hid.HidService,com.android.bluetooth,1002,0,49150,[],false,true,0,0,49160,
1431912268567,com.cleanmaster.service.PermanentService,com.cleanmaster.mguard:service,10138,1271,94138,[STARTED],false,true,1,1,35085689,
1431912268567,com.google.android.music.dial.DialMediaRouteProviderService,com.google.android.music:main,10073,0,57202,[],false,true,0,0,57212,
1431912268567,ch.unige.css.services.PingService,ch.unige.ping,10149,1632,36013957,[STARTED],false,true,0,0,36013966,
1431912268567,com.google.android.search.core.service.BroadcastListenerService,com.google.android.googlequicksearchbox:search,10026,2776,75471,[STARTED],false,true,0,0,28007607,
1431912268567,com.android.systemui.keyguard.KeyguardService,com.android.systemui,10014,930,44352,[PERSISTENT],false,false,2,2,68066,
1431912268567,openiab.StoreService,cm.aptoide.pt,10148,0,54787,[],false,true,0,0,54797,
1431912268567,ch.unige.css.services.main.CssRegistryService,ch.unige.ping:background,10149,27135,27136666,[STARTED],false,true,0,0,27136676,
1431912268567,com.google.android.finsky.billing.iab.InAppBillingService,com.android.vending,10024,19930,28398945,[],false,true,1,1,28398955,
1431912268567,org.cyanogenmod.audiofx.HeadsetService,org.cyanogenmod.audiofx,10000,1289,67364,"[PERSISTENT,STARTED]",false,true,0,0,67374,
1431912328823,com.android.bluetooth.hid.HidService,com.android.bluetooth,1002,0,49150,[],false,true,0,0,49160,
1431912328823,com.cleanmaster.service.PermanentService,com.cleanmaster.mguard:service,10138,1271,94138,[STARTED],false,true,1,1,35085689,
1431912328823,com.google.android.music.dial.DialMediaRouteProviderService,com.google.android.music:main,10073,0,57202,[],false,true,0,0,57212,
1431912328823,ch.unige.css.services.PingService,ch.unige.ping,10149,1632,36074243,[STARTED],false,true,0,0,36074253,
1431912328823,com.google.android.search.core.service.BroadcastListenerService,com.google.android.googlequicksearchbox:search,10026,2776,75471,[STARTED],false,true,0,0,28007607,
1431912328823,com.android.systemui.keyguard.KeyguardService,com.android.systemui,10014,930,44352,[PERSISTENT],false,false,2,2,68066,
1431912328823,openiab.StoreService,cm.aptoide.pt,10148,0,54787,[],false,true,0,0,54797,
1431912328823,ch.unige.css.services.main.CssRegistryService,ch.unige.ping:background,10149,27135,27136666,[STARTED],false,true,0,0,27136676,
1431912328823,com.google.android.finsky.billing.iab.InAppBillingService,com.android.vending,10024,19930,28398945,[],false,true,1,1,28398955,
1431912328823,org.cyanogenmod.audiofx.HeadsetService,org.cyanogenmod.audiofx,10000,1289,67364,"[PERSISTENT,STARTED]",false,true,0,0,67374,
1431912388859,com.android.bluetooth.hid.HidService,com.android.bluetooth,1002,0,49150,[],false,true,0,0,49160,
1431912388859,com.cleanmaster.service.PermanentService,com.cleanmaster.mguard:service,10138,1271,94138,[STARTED],false,true,1,1,35085689,
1431912388859,com.google.android.music.dial.DialMediaRouteProviderService,com.google.android.music:main,10073,0,57202,[],false,true,0,0,57212,
1431912388859,ch.unige.css.services.PingService,ch.unige.ping,10149,1632,36134285,[STARTED],false,true,0,0,36134295,
1431912388859,com.google.android.search.core.service.BroadcastListenerService,com.google.android.googlequicksearchbox:search,10026,2776,75471,[STARTED],false,true,0,0,28007607,
1431912388859,com.android.systemui.keyguard.KeyguardService,com.android.systemui,10014,930,44352,[PERSISTENT],false,false,2,2,68066,
1431912388859,openiab.StoreService,cm.aptoide.pt,10148,0,54787,[],false,true,0,0,54797,
1431912388859,ch.unige.css.services.main.CssRegistryService,ch.unige.ping:background,10149,27135,27136666,[STARTED],false,true,0,0,27136676,
1431912388859,com.google.android.finsky.billing.iab.InAppBillingService,com.android.vending,10024,19930,28398945,[],false,true,1,1,28398955,
1431912388859,org.cyanogenmod.audiofx.HeadsetService,org.cyanogenmod.audiofx,10000,1289,67364,"[PERSISTENT,STARTED]",false,true,0,0,67374,
1431912451530,com.android.bluetooth.hid.HidService,com.android.bluetooth,1002,0,49150,[],false,true,0,0,49160,
1431912451530,com.cleanmaster.service.PermanentService,com.cleanmaster.mguard:service,10138,1271,94138,[STARTED],false,true,1,1,35085689,
1431912451530,com.google.android.music.dial.DialMediaRouteProviderService,com.google.android.music:main,10073,0,57202,[],false,true,0,0,57212,
1431912451530,ch.unige.css.services.PingService,ch.unige.ping,10149,1632,36196912,[STARTED],false,true,0,0,36196922,
1431912451530,com.google.android.search.core.service.BroadcastListenerService,com.google.android.googlequicksearchbox:search,10026,2776,75471,[STARTED],false,true,0,0,28007607,
1431912451530,com.android.systemui.keyguard.KeyguardService,com.android.systemui,10014,930,44352,[PERSISTENT],false,false,2,2,68066,
1431912451530,openiab.StoreService,cm.aptoide.pt,10148,0,54787,[],false,true,0,0,54797,
1431912451530,ch.unige.css.services.main.CssRegistryService,ch.unige.ping:background,10149,27135,27136666,[STARTED],false,true,0,0,27136676,
1431912451530,com.google.android.finsky.billing.iab.InAppBillingService,com.android.vending,10024,19930,28398945,[],false,true,1,1,28398955,
1431912451530,org.cyanogenmod.audiofx.HeadsetService,org.cyanogenmod.audiofx,10000,1289,67364,"[PERSISTENT,STARTED]",false,true,0,0,67374,
1431912511699,com.android.bluetooth.hid.HidService,com.android.bluetooth,1002,0,49150,[],false,true,0,0,49160,
1431912511699,com.cleanmaster.service.PermanentService,com.cleanmaster.mguard:service,10138,1271,94138,[STARTED],false,true,1,1,35085689,
1431912511699,com.google.android.music.dial.DialMediaRouteProviderService,com.google.android.music:main,10073,0,57202,[],false,true,0,0,57212,
1431912511699,ch.unige.css.services.PingService,ch.unige.ping,10149,1632,36257055,[STARTED],false,true,0,0,36257065,
1431912511699,com.google.android.search.core.service.BroadcastListenerService,com.google.android.googlequicksearchbox:search,10026,2776,75471,[STARTED],false,true,0,0,28007607,
1431912511699,com.android.systemui.keyguard.KeyguardService,com.android.systemui,10014,930,44352,[PERSISTENT],false,false,2,2,68066,
1431912511699,openiab.StoreService,cm.aptoide.pt,10148,0,54787,[],false,true,0,0,54797,
1431912511699,ch.unige.css.services.main.CssRegistryService,ch.unige.ping:background,10149,27135,27136666,[STARTED],false,true,0,0,27136676,
1431912511699,com.google.android.finsky.billing.iab.InAppBillingService,com.android.vending,10024,19930,28398945,[],false,true,1,1,28398955,
1431912511699,org.cyanogenmod.audiofx.HeadsetService,org.cyanogenmod.audiofx,10000,1289,67364,"[PERSISTENT,STARTED]",false,true,0,0,67374,
1431912571820,com.android.bluetooth.hid.HidService,com.android.bluetooth,1002,0,49150,[],false,true,0,0,49160,
1431912571820,com.cleanmaster.service.PermanentService,com.cleanmaster.mguard:service,10138,1271,94138,[STARTED],false,true,1,1,35085689,
1431912571820,com.google.android.music.dial.DialMediaRouteProviderService,com.google.android.music:main,10073,0,57202,[],false,true,0,0,57212,
1431912571820,ch.unige.css.services.PingService,ch.unige.ping,10149,1632,36317216,[STARTED],false,true,0,0,36317226,
1431912571820,com.google.android.search.core.service.BroadcastListenerService,com.google.android.googlequicksearchbox:search,10026,2776,75471,[STARTED],false,true,0,0,28007607,
1431912571820,com.android.systemui.keyguard.KeyguardService,com.android.systemui,10014,930,44352,[PERSISTENT],false,false,2,2,68066,
1431912571820,openiab.StoreService,cm.aptoide.pt,10148,0,54787,[],false,true,0,0,54797,
1431912571820,ch.unige.css.services.main.CssRegistryService,ch.unige.ping:background,10149,27135,27136666,[STARTED],false,true,0,0,27136676,
1431912571820,com.google.android.finsky.billing.iab.InAppBillingService,com.android.vending,10024,19930,28398945,[],false,true,1,1,28398955,
1431912571820,org.cyanogenmod.audiofx.HeadsetService,org.cyanogenmod.audiofx,10000,1289,67364,"[PERSISTENT,STARTED]",false,true,0,0,67374,
1431912631908,com.android.bluetooth.hid.HidService,com.android.bluetooth,1002,0,49150,[],false,true,0,0,49160,
1431912631908,com.cleanmaster.service.PermanentService,com.cleanmaster.mguard:service,10138,1271,94138,[STARTED],false,true,1,1,35085689,
1431912631908,com.google.android.music.dial.DialMediaRouteProviderService,com.google.android.music:main,10073,0,57202,[],false,true,0,0,57212,
1431912631908,ch.unige.css.services.PingService,ch.unige.ping,10149,1632,36377306,[STARTED],false,true,0,0,36377316,
1431912631908,com.google.android.search.core.service.BroadcastListenerService,com.google.android.googlequicksearchbox:search,10026,2776,75471,[STARTED],false,true,0,0,28007607,
1431912631908,com.android.systemui.keyguard.KeyguardService,com.android.systemui,10014,930,44352,[PERSISTENT],false,false,2,2,68066,
1431912631908,openiab.StoreService,cm.aptoide.pt,10148,0,54787,[],false,true,0,0,54797,
1431912631908,ch.unige.css.services.main.CssRegistryService,ch.unige.ping:background,10149,27135,27136666,[STARTED],false,true,0,0,27136676,
1431912631908,com.google.android.finsky.billing.iab.InAppBillingService,com.android.vending,10024,19930,28398945,[],false,true,1,1,28398955,
1431912631908,org.cyanogenmod.audiofx.HeadsetService,org.cyanogenmod.audiofx,10000,1289,67364,"[PERSISTENT,STARTED]",false,true,0,0,67374,
1431912692052,com.android.bluetooth.hid.HidService,com.android.bluetooth,1002,0,49150,[],false,true,0,0,49160,
1431912692052,com.cleanmaster.service.PermanentService,com.cleanmaster.mguard:service,10138,1271,94138,[STARTED],false,true,1,1,35085689,
1431912692052,com.google.android.music.dial.DialMediaRouteProviderService,com.google.android.music:main,10073,0,57202,[],false,true,0,0,57212,
1431912692052,ch.unige.css.services.PingService,ch.unige.ping,10149,1632,36437445,[STARTED],false,true,0,0,36437455,
1431912692052,com.google.android.search.core.service.BroadcastListenerService,com.google.android.googlequicksearchbox:search,10026,2776,75471,[STARTED],false,true,0,0,28007607,
1431912692052,com.android.systemui.keyguard.KeyguardService,com.android.systemui,10014,930,44352,[PERSISTENT],false,false,2,2,68066,
1431912692052,openiab.StoreService,cm.aptoide.pt,10148,0,54787,[],false,true,0,0,54797,
1431912692052,ch.unige.css.services.main.CssRegistryService,ch.unige.ping:background,10149,27135,27136666,[STARTED],false,true,0,0,27136676,
1431912692052,com.google.android.finsky.billing.iab.InAppBillingService,com.android.vending,10024,19930,28398945,[],false,true,1,1,28398955,
1431912692052,org.cyanogenmod.audiofx.HeadsetService,org.cyanogenmod.audiofx,10000,1289,67364,"[PERSISTENT,STARTED]",false,true,0,0,67374,
1431912752183,com.android.bluetooth.hid.HidService,com.android.bluetooth,1002,0,49150,[],false,true,0,0,49160,
1431912752183,com.cleanmaster.service.PermanentService,com.cleanmaster.mguard:service,10138,1271,94138,[STARTED],false,true,1,1,35085689,
1431912752183,com.google.android.music.dial.DialMediaRouteProviderService,com.google.android.music:main,10073,0,57202,[],false,true,0,0,57212,
1431912752183,ch.unige.css.services.PingService,ch.unige.ping,10149,1632,36497555,[STARTED],false,true,0,0,36497565,
1431912752183,com.google.android.search.core.service.BroadcastListenerService,com.google.android.googlequicksearchbox:search,10026,2776,75471,[STARTED],false,true,0,0,28007607,
1431912752183,com.android.systemui.keyguard.KeyguardService,com.android.systemui,10014,930,44352,[PERSISTENT],false,false,2,2,68066,
1431912752183,openiab.StoreService,cm.aptoide.pt,10148,0,54787,[],false,true,0,0,54797,
1431912752183,ch.unige.css.services.main.CssRegistryService,ch.unige.ping:background,10149,27135,27136666,[STARTED],false,true,0,0,27136676,
1431912752183,com.google.android.finsky.billing.iab.InAppBillingService,com.android.vending,10024,19930,28398945,[],false,true,1,1,28398955,
1431912752183,org.cyanogenmod.audiofx.HeadsetService,org.cyanogenmod.audiofx,10000,1289,67364,"[PERSISTENT,STARTED]",false,true,0,0,67374,
1431912812173,com.android.bluetooth.hid.HidService,com.android.bluetooth,1002,0,49150,[],false,true,0,0,49160,
1431912812173,com.cleanmaster.service.PermanentService,com.cleanmaster.mguard:service,10138,1271,94138,[STARTED],false,true,1,1,35085689,
1431912812173,com.google.android.music.dial.DialMediaRouteProviderService,com.google.android.music:main,10073,0,57202,[],false,true,0,0,57212,
1431912812173,ch.unige.css.services.PingService,ch.unige.ping,10149,1632,36557608,[STARTED],false,true,0,0,36557618,
1431912812173,com.google.android.search.core.service.BroadcastListenerService,com.google.android.googlequicksearchbox:search,10026,2776,75471,[STARTED],false,true,0,0,28007607,
1431912812173,com.android.systemui.keyguard.KeyguardService,com.android.systemui,10014,930,44352,[PERSISTENT],false,false,2,2,68066,
1431912812173,openiab.StoreService,cm.aptoide.pt,10148,0,54787,[],false,true,0,0,54797,
1431912812173,ch.unige.css.services.main.CssRegistryService,ch.unige.ping:background,10149,27135,27136666,[STARTED],false,true,0,0,27136676,
1431912812173,com.google.android.finsky.billing.iab.InAppBillingService,com.android.vending,10024,19930,28398945,[],false,true,1,1,28398955,
1431912812173,org.cyanogenmod.audiofx.HeadsetService,org.cyanogenmod.audiofx,10000,1289,67364,"[PERSISTENT,STARTED]",false,true,0,0,67374,
1431912874575,com.android.bluetooth.hid.HidService,com.android.bluetooth,1002,0,49150,[],false,true,0,0,49160,
1431912874575,com.cleanmaster.service.PermanentService,com.cleanmaster.mguard:service,10138,1271,94138,[STARTED],false,true,1,1,35085689,
1431912874575,com.google.android.music.dial.DialMediaRouteProviderService,com.google.android.music:main,10073,0,57202,[],false,true,0,0,57212,
1431912874575,ch.unige.css.services.PingService,ch.unige.ping,10149,1632,36619969,[STARTED],false,true,0,0,36619979,
1431912874575,com.google.android.search.core.service.BroadcastListenerService,com.google.android.googlequicksearchbox:search,10026,2776,75471,[STARTED],false,true,0,0,28007607,
1431912874575,com.android.systemui.keyguard.KeyguardService,com.android.systemui,10014,930,44352,[PERSISTENT],false,false,2,2,68066,
1431912874575,openiab.StoreService,cm.aptoide.pt,10148,0,54787,[],false,true,0,0,54797,
1431912874575,ch.unige.css.services.main.CssRegistryService,ch.unige.ping:background,10149,27135,27136666,[STARTED],false,true,0,0,27136676,
1431912874575,com.google.android.finsky.billing.iab.InAppBillingService,com.android.vending,10024,19930,28398945,[],false,true,1,1,28398955,
1431912874575,org.cyanogenmod.audiofx.HeadsetService,org.cyanogenmod.audiofx,10000,1289,67364,"[PERSISTENT,STARTED]",false,true,0,0,67374,
1431912934625,com.android.bluetooth.hid.HidService,com.android.bluetooth,1002,0,49150,[],false,true,0,0,49160,
1431912934625,com.cleanmaster.service.PermanentService,com.cleanmaster.mguard:service,10138,1271,94138,[STARTED],false,true,1,1,35085689,
1431912934625,com.google.android.music.dial.DialMediaRouteProviderService,com.google.android.music:main,10073,0,57202,[],false,true,0,0,57212,
1431912934625,ch.unige.css.services.PingService,ch.unige.ping,10149,1632,36680035,[STARTED],false,true,0,0,36680045,
1431912934625,com.google.android.search.core.service.BroadcastListenerService,com.google.android.googlequicksearchbox:search,10026,2776,75471,[STARTED],false,true,0,0,28007607,
1431912934625,com.android.systemui.keyguard.KeyguardService,com.android.systemui,10014,930,44352,[PERSISTENT],false,false,2,2,68066,
1431912934625,openiab.StoreService,cm.aptoide.pt,10148,0,54787,[],false,true,0,0,54797,
1431912934625,ch.unige.css.services.main.CssRegistryService,ch.unige.ping:background,10149,27135,27136666,[STARTED],false,true,0,0,27136676,
1431912934625,com.google.android.finsky.billing.iab.InAppBillingService,com.android.vending,10024,19930,28398945,[],false,true,1,1,28398955,
1431912934625,org.cyanogenmod.audiofx.HeadsetService,org.cyanogenmod.audiofx,10000,1289,67364,"[PERSISTENT,STARTED]",false,true,0,0,67374,
1431912996970,com.android.bluetooth.hid.HidService,com.android.bluetooth,1002,0,49150,[],false,true,0,0,49160,
1431912996970,com.cleanmaster.service.PermanentService,com.cleanmaster.mguard:service,10138,1271,94138,[STARTED],false,true,1,1,35085689,
1431912996970,com.google.android.music.dial.DialMediaRouteProviderService,com.google.android.music:main,10073,0,57202,[],false,true,0,0,57212,
1431912996970,ch.unige.css.services.PingService,ch.unige.ping,10149,1632,36742352,[STARTED],false,true,0,0,36742362,
1431912996970,com.google.android.search.core.service.BroadcastListenerService,com.google.android.googlequicksearchbox:search,10026,2776,75471,[STARTED],false,true,0,0,28007607,
1431912996970,com.android.systemui.keyguard.KeyguardService,com.android.systemui,10014,930,44352,[PERSISTENT],false,false,2,2,68066,
1431912996970,openiab.StoreService,cm.aptoide.pt,10148,0,54787,[],false,true,0,0,54797,
1431912996970,ch.unige.css.services.main.CssRegistryService,ch.unige.ping:background,10149,27135,27136666,[STARTED],false,true,0,0,27136676,
1431912996970,com.google.android.finsky.billing.iab.InAppBillingService,com.android.vending,10024,19930,28398945,[],false,true,1,1,28398955,
1431912996970,org.cyanogenmod.audiofx.HeadsetService,org.cyanogenmod.audiofx,10000,1289,67364,"[PERSISTENT,STARTED]",false,true,0,0,67374,
1431913057137,com.android.bluetooth.hid.HidService,com.android.bluetooth,1002,0,49150,[],false,true,0,0,49160,
1431913057137,com.cleanmaster.service.PermanentService,com.cleanmaster.mguard:service,10138,1271,94138,[STARTED],false,true,1,1,35085689,
1431913057137,com.google.android.music.dial.DialMediaRouteProviderService,com.google.android.music:main,10073,0,57202,[],false,true,0,0,57212,
1431913057137,ch.unige.css.services.PingService,ch.unige.ping,10149,1632,36802508,[STARTED],false,true,0,0,36802518,
1431913057137,com.google.android.search.core.service.BroadcastListenerService,com.google.android.googlequicksearchbox:search,10026,2776,75471,[STARTED],false,true,0,0,28007607,
1431913057137,com.android.systemui.keyguard.KeyguardService,com.android.systemui,10014,930,44352,[PERSISTENT],false,false,2,2,68066,
1431913057137,openiab.StoreService,cm.aptoide.pt,10148,0,54787,[],false,true,0,0,54797,
1431913057137,ch.unige.css.services.main.CssRegistryService,ch.unige.ping:background,10149,27135,27136666,[STARTED],false,true,0,0,27136676,
1431913057137,com.google.android.finsky.billing.iab.InAppBillingService,com.android.vending,10024,19930,28398945,[],false,true,1,1,28398955,
1431913057137,org.cyanogenmod.audiofx.HeadsetService,org.cyanogenmod.audiofx,10000,1289,67364,"[PERSISTENT,STARTED]",false,true,0,0,67374,
1431913117238,com.android.bluetooth.hid.HidService,com.android.bluetooth,1002,0,49150,[],false,true,0,0,49160,
1431913117238,com.cleanmaster.service.PermanentService,com.cleanmaster.mguard:service,10138,1271,94138,[STARTED],false,true,1,1,35085689,
1431913117238,com.google.android.music.dial.DialMediaRouteProviderService,com.google.android.music:main,10073,0,57202,[],false,true,0,0,57212,
1431913117238,ch.unige.css.services.PingService,ch.unige.ping,10149,1632,36862616,[STARTED],false,true,0,0,36862626,
1431913117238,com.google.android.search.core.service.BroadcastListenerService,com.google.android.googlequicksearchbox:search,10026,2776,75471,[STARTED],false,true,0,0,28007607,
1431913117238,com.android.systemui.keyguard.KeyguardService,com.android.systemui,10014,930,44352,[PERSISTENT],false,false,2,2,68066,
1431913117238,openiab.StoreService,cm.aptoide.pt,10148,0,54787,[],false,true,0,0,54797,
1431913117238,ch.unige.css.services.main.CssRegistryService,ch.unige.ping:background,10149,27135,27136666,[STARTED],false,true,0,0,27136676,
1431913117238,com.google.android.finsky.billing.iab.InAppBillingService,com.android.vending,10024,19930,28398945,[],false,true,1,1,28398955,
1431913117238,org.cyanogenmod.audiofx.HeadsetService,org.cyanogenmod.audiofx,10000,1289,67364,"[PERSISTENT,STARTED]",false,true,0,0,67374,
1431913177411,com.android.bluetooth.hid.HidService,com.android.bluetooth,1002,0,49150,[],false,true,0,0,49160,
1431913177411,com.cleanmaster.service.PermanentService,com.cleanmaster.mguard:service,10138,1271,94138,[STARTED],false,true,1,1,35085689,
1431913177411,com.google.android.music.dial.DialMediaRouteProviderService,com.google.android.music:main,10073,0,57202,[],false,true,0,0,57212,
1431913177411,ch.unige.css.services.PingService,ch.unige.ping,10149,1632,36922757,[STARTED],false,true,0,0,36922767,
1431913177411,com.google.android.search.core.service.BroadcastListenerService,com.google.android.googlequicksearchbox:search,10026,2776,75471,[STARTED],false,true,0,0,28007607,
1431913177411,com.android.systemui.keyguard.KeyguardService,com.android.systemui,10014,930,44352,[PERSISTENT],false,false,2,2,68066,
1431913177411,openiab.StoreService,cm.aptoide.pt,10148,0,54787,[],false,true,0,0,54797,
1431913177411,ch.unige.css.services.main.CssRegistryService,ch.unige.ping:background,10149,27135,27136666,[STARTED],false,true,0,0,27136676,
1431913177411,com.google.android.finsky.billing.iab.InAppBillingService,com.android.vending,10024,19930,28398945,[],false,true,1,1,28398955,
1431913177411,org.cyanogenmod.audiofx.HeadsetService,org.cyanogenmod.audiofx,10000,1289,67364,"[PERSISTENT,STARTED]",false,true,0,0,67374,
1431913237597,com.android.bluetooth.hid.HidService,com.android.bluetooth,1002,0,49150,[],false,true,0,0,49160,
1431913237597,com.cleanmaster.service.PermanentService,com.cleanmaster.mguard:service,10138,1271,94138,[STARTED],false,true,1,1,35085689,
1431913237597,com.google.android.music.dial.DialMediaRouteProviderService,com.google.android.music:main,10073,0,57202,[],false,true,0,0,57212,
1431913237597,ch.unige.css.services.PingService,ch.unige.ping,10149,1632,36982969,[STARTED],false,true,0,0,36982979,
1431913237597,com.google.android.search.core.service.BroadcastListenerService,com.google.android.googlequicksearchbox:search,10026,2776,75471,[STARTED],false,true,0,0,28007607,
1431913237597,com.android.systemui.keyguard.KeyguardService,com.android.systemui,10014,930,44352,[PERSISTENT],false,false,2,2,68066,
1431913237597,openiab.StoreService,cm.aptoide.pt,10148,0,54787,[],false,true,0,0,54797,
1431913237597,ch.unige.css.services.main.CssRegistryService,ch.unige.ping:background,10149,27135,27136666,[STARTED],false,true,0,0,27136676,
1431913237597,com.google.android.finsky.billing.iab.InAppBillingService,com.android.vending,10024,19930,28398945,[],false,true,1,1,28398955,
1431913237597,org.cyanogenmod.audiofx.HeadsetService,org.cyanogenmod.audiofx,10000,1289,67364,"[PERSISTENT,STARTED]",false,true,0,0,67374,
1431913297771,com.android.bluetooth.hid.HidService,com.android.bluetooth,1002,0,49150,[],false,true,0,0,49160,
1431913297771,com.cleanmaster.service.PermanentService,com.cleanmaster.mguard:service,10138,1271,94138,[STARTED],false,true,1,1,35085689,
1431913297771,com.google.android.music.dial.DialMediaRouteProviderService,com.google.android.music:main,10073,0,57202,[],false,true,0,0,57212,
1431913297771,ch.unige.css.services.PingService,ch.unige.ping,10149,1632,37043139,[STARTED],false,true,0,0,37043148,
1431913297771,com.google.android.search.core.service.BroadcastListenerService,com.google.android.googlequicksearchbox:search,10026,2776,75471,[STARTED],false,true,0,0,28007607,
1431913297771,com.android.systemui.keyguard.KeyguardService,com.android.systemui,10014,930,44352,[PERSISTENT],false,false,2,2,68066,
1431913297771,openiab.StoreService,cm.aptoide.pt,10148,0,54787,[],false,true,0,0,54797,
1431913297771,ch.unige.css.services.main.CssRegistryService,ch.unige.ping:background,10149,27135,27136666,[STARTED],false,true,0,0,27136676,
1431913297771,com.google.android.finsky.billing.iab.InAppBillingService,com.android.vending,10024,19930,28398945,[],false,true,1,1,28398955,
1431913297771,org.cyanogenmod.audiofx.HeadsetService,org.cyanogenmod.audiofx,10000,1289,67364,"[PERSISTENT,STARTED]",false,true,0,0,67374,
1431913357949,com.android.bluetooth.hid.HidService,com.android.bluetooth,1002,0,49150,[],false,true,0,0,49160,
1431913357949,com.cleanmaster.service.PermanentService,com.cleanmaster.mguard:service,10138,1271,94138,[STARTED],false,true,1,1,35085689,
1431913357949,com.google.android.music.dial.DialMediaRouteProviderService,com.google.android.music:main,10073,0,57202,[],false,true,0,0,57212,
1431913357949,ch.unige.css.services.PingService,ch.unige.ping,10149,1632,37103305,[STARTED],false,true,0,0,37103315,
1431913357949,com.google.android.search.core.service.BroadcastListenerService,com.google.android.googlequicksearchbox:search,10026,2776,75471,[STARTED],false,true,0,0,28007607,
1431913357949,com.android.systemui.keyguard.KeyguardService,com.android.systemui,10014,930,44352,[PERSISTENT],false,false,2,2,68066,
1431913357949,openiab.StoreService,cm.aptoide.pt,10148,0,54787,[],false,true,0,0,54797,
1431913357949,ch.unige.css.services.main.CssRegistryService,ch.unige.ping:background,10149,27135,27136666,[STARTED],false,true,0,0,27136676,
1431913357949,com.google.android.finsky.billing.iab.InAppBillingService,com.android.vending,10024,19930,28398945,[],false,true,1,1,28398955,
1431913357949,org.cyanogenmod.audiofx.HeadsetService,org.cyanogenmod.audiofx,10000,1289,67364,"[PERSISTENT,STARTED]",false,true,0,0,67374,
1431913418077,com.android.bluetooth.hid.HidService,com.android.bluetooth,1002,0,49150,[],false,true,0,0,49160,
1431913418077,com.cleanmaster.service.PermanentService,com.cleanmaster.mguard:service,10138,1271,94138,[STARTED],false,true,1,1,35085689,
1431913418077,com.google.android.music.dial.DialMediaRouteProviderService,com.google.android.music:main,10073,0,57202,[],false,true,0,0,57212,
1431913418077,ch.unige.css.services.PingService,ch.unige.ping,10149,1632,37163464,[STARTED],false,true,0,0,37163474,
1431913418077,com.google.android.search.core.service.BroadcastListenerService,com.google.android.googlequicksearchbox:search,10026,2776,75471,[STARTED],false,true,0,0,28007607,
1431913418077,com.android.systemui.keyguard.KeyguardService,com.android.systemui,10014,930,44352,[PERSISTENT],false,false,2,2,68066,
1431913418077,openiab.StoreService,cm.aptoide.pt,10148,0,54787,[],false,true,0,0,54797,
1431913418077,ch.unige.css.services.main.CssRegistryService,ch.unige.ping:background,10149,27135,27136666,[STARTED],false,true,0,0,27136676,
1431913418077,com.google.android.finsky.billing.iab.InAppBillingService,com.android.vending,10024,19930,28398945,[],false,true,1,1,28398955,
1431913418077,org.cyanogenmod.audiofx.HeadsetService,org.cyanogenmod.audiofx,10000,1289,67364,"[PERSISTENT,STARTED]",false,true,0,0,67374,
1431913478226,com.android.bluetooth.hid.HidService,com.android.bluetooth,1002,0,49150,[],false,true,0,0,49160,
1431913478226,com.cleanmaster.service.PermanentService,com.cleanmaster.mguard:service,10138,1271,94138,[STARTED],false,true,1,1,35085689,
1431913478226,com.google.android.music.dial.DialMediaRouteProviderService,com.google.android.music:main,10073,0,57202,[],false,true,0,0,57212,
1431913478226,ch.unige.css.services.PingService,ch.unige.ping,10149,1632,37223599,[STARTED],false,true,0,0,37223609,
1431913478226,com.google.android.search.core.service.BroadcastListenerService,com.google.android.googlequicksearchbox:search,10026,2776,75471,[STARTED],false,true,0,0,28007607,
1431913478226,com.android.systemui.keyguard.KeyguardService,com.android.systemui,10014,930,44352,[PERSISTENT],false,false,2,2,68066,
1431913478226,openiab.StoreService,cm.aptoide.pt,10148,0,54787,[],false,true,0,0,54797,
1431913478226,ch.unige.css.services.main.CssRegistryService,ch.unige.ping:background,10149,27135,27136666,[STARTED],false,true,0,0,27136676,
1431913478226,com.google.android.finsky.billing.iab.InAppBillingService,com.android.vending,10024,19930,28398945,[],false,true,1,1,28398955,
1431913478226,org.cyanogenmod.audiofx.HeadsetService,org.cyanogenmod.audiofx,10000,1289,67364,"[PERSISTENT,STARTED]",false,true,0,0,67374,
1431913538314,com.android.bluetooth.hid.HidService,com.android.bluetooth,1002,0,49150,[],false,true,0,0,49160,
1431913538314,com.cleanmaster.service.PermanentService,com.cleanmaster.mguard:service,10138,1271,94138,[STARTED],false,true,1,1,35085689,
1431913538314,com.google.android.music.dial.DialMediaRouteProviderService,com.google.android.music:main,10073,0,57202,[],false,true,0,0,57212,
1431913538314,ch.unige.css.services.PingService,ch.unige.ping,10149,1632,37283705,[STARTED],false,true,0,0,37283715,
1431913538314,com.google.android.search.core.service.BroadcastListenerService,com.google.android.googlequicksearchbox:search,10026,2776,75471,[STARTED],false,true,0,0,28007607,
1431913538314,com.android.systemui.keyguard.KeyguardService,com.android.systemui,10014,930,44352,[PERSISTENT],false,false,2,2,68066,
1431913538314,openiab.StoreService,cm.aptoide.pt,10148,0,54787,[],false,true,0,0,54797,
1431913538314,ch.unige.css.services.main.CssRegistryService,ch.unige.ping:background,10149,27135,27136666,[STARTED],false,true,0,0,27136676,
1431913538314,com.google.android.finsky.billing.iab.InAppBillingService,com.android.vending,10024,19930,28398945,[],false,true,1,1,28398955,
1431913538314,org.cyanogenmod.audiofx.HeadsetService,org.cyanogenmod.audiofx,10000,1289,67364,"[PERSISTENT,STARTED]",false,true,0,0,67374,
1431913598430,com.android.bluetooth.hid.HidService,com.android.bluetooth,1002,0,49150,[],false,true,0,0,49160,
1431913598430,com.cleanmaster.service.PermanentService,com.cleanmaster.mguard:service,10138,1271,94138,[STARTED],false,true,1,1,35085689,
1431913598430,com.google.android.music.dial.DialMediaRouteProviderService,com.google.android.music:main,10073,0,57202,[],false,true,0,0,57212,
1431913598430,ch.unige.css.services.PingService,ch.unige.ping,10149,1632,37343815,[STARTED],false,true,0,0,37343827,
1431913598430,com.google.android.search.core.service.BroadcastListenerService,com.google.android.googlequicksearchbox:search,10026,2776,75471,[STARTED],false,true,0,0,28007607,
1431913598430,com.android.systemui.keyguard.KeyguardService,com.android.systemui,10014,930,44352,[PERSISTENT],false,false,2,2,68066,
1431913598430,openiab.StoreService,cm.aptoide.pt,10148,0,54787,[],false,true,0,0,54797,
1431913598430,ch.unige.css.services.main.CssRegistryService,ch.unige.ping:background,10149,27135,27136666,[STARTED],false,true,0,0,27136676,
1431913598430,com.google.android.finsky.billing.iab.InAppBillingService,com.android.vending,10024,19930,28398945,[],false,true,1,1,28398955,
1431913598430,org.cyanogenmod.audiofx.HeadsetService,org.cyanogenmod.audiofx,10000,1289,67364,"[PERSISTENT,STARTED]",false,true,0,0,67374,
1431913658664,com.android.bluetooth.hid.HidService,com.android.bluetooth,1002,0,49150,[],false,true,0,0,49160,
1431913658664,com.cleanmaster.service.PermanentService,com.cleanmaster.mguard:service,10138,1271,94138,[STARTED],false,true,1,1,35085689,
1431913658664,com.google.android.music.dial.DialMediaRouteProviderService,com.google.android.music:main,10073,0,57202,[],false,true,0,0,57212,
1431913658664,ch.unige.css.services.PingService,ch.unige.ping,10149,1632,37403960,[STARTED],false,true,0,0,37403970,
1431913658664,com.google.android.search.core.service.BroadcastListenerService,com.google.android.googlequicksearchbox:search,10026,2776,75471,[STARTED],false,true,0,0,28007607,
1431913658664,com.android.systemui.keyguard.KeyguardService,com.android.systemui,10014,930,44352,[PERSISTENT],false,false,2,2,68066,
1431913658664,openiab.StoreService,cm.aptoide.pt,10148,0,54787,[],false,true,0,0,54797,
1431913658664,ch.unige.css.services.main.CssRegistryService,ch.unige.ping:background,10149,27135,27136666,[STARTED],false,true,0,0,27136676,
1431913658664,com.google.android.finsky.billing.iab.InAppBillingService,com.android.vending,10024,19930,28398945,[],false,true,1,1,28398955,
1431913658664,org.cyanogenmod.audiofx.HeadsetService,org.cyanogenmod.audiofx,10000,1289,67364,"[PERSISTENT,STARTED]",false,true,0,0,67374,
1431913718850,com.android.bluetooth.hid.HidService,com.android.bluetooth,1002,0,49150,[],false,true,0,0,49160,
1431913718850,com.cleanmaster.service.PermanentService,com.cleanmaster.mguard:service,10138,1271,94138,[STARTED],false,true,1,1,35085689,
1431913718850,com.google.android.music.dial.DialMediaRouteProviderService,com.google.android.music:main,10073,0,57202,[],false,true,0,0,57212,
1431913718850,ch.unige.css.services.PingService,ch.unige.ping,10149,1632,37464208,[STARTED],false,true,0,0,37464218,
1431913718850,com.google.android.search.core.service.BroadcastListenerService,com.google.android.googlequicksearchbox:search,10026,2776,75471,[STARTED],false,true,0,0,28007607,
1431913718850,com.android.systemui.keyguard.KeyguardService,com.android.systemui,10014,930,44352,[PERSISTENT],false,false,2,2,68066,
1431913718850,openiab.StoreService,cm.aptoide.pt,10148,0,54787,[],false,true,0,0,54797,
1431913718850,ch.unige.css.services.main.CssRegistryService,ch.unige.ping:background,10149,27135,27136666,[STARTED],false,true,0,0,27136676,
1431913718850,com.google.android.finsky.billing.iab.InAppBillingService,com.android.vending,10024,19930,28398945,[],false,true,1,1,28398955,
1431913718850,org.cyanogenmod.audiofx.HeadsetService,org.cyanogenmod.audiofx,10000,1289,67364,"[PERSISTENT,STARTED]",false,true,0,0,67374,
1431913778825,com.android.bluetooth.hid.HidService,com.android.bluetooth,1002,0,49150,[],false,true,0,0,49160,
1431913778825,com.cleanmaster.service.PermanentService,com.cleanmaster.mguard:service,10138,1271,94138,[STARTED],false,true,1,1,35085689,
1431913778825,com.google.android.music.dial.DialMediaRouteProviderService,com.google.android.music:main,10073,0,57202,[],false,true,0,0,57212,
1431913778825,ch.unige.css.services.PingService,ch.unige.ping,10149,1632,37524247,[STARTED],false,true,0,0,37524257,
1431913778825,com.google.android.search.core.service.BroadcastListenerService,com.google.android.googlequicksearchbox:search,10026,2776,75471,[STARTED],false,true,0,0,28007607,
1431913778825,com.android.systemui.keyguard.KeyguardService,com.android.systemui,10014,930,44352,[PERSISTENT],false,false,2,2,68066,
1431913778825,openiab.StoreService,cm.aptoide.pt,10148,0,54787,[],false,true,0,0,54797,
1431913778825,ch.unige.css.services.main.CssRegistryService,ch.unige.ping:background,10149,27135,27136666,[STARTED],false,true,0,0,27136676,
1431913778825,com.google.android.finsky.billing.iab.InAppBillingService,com.android.vending,10024,19930,28398945,[],false,true,1,1,28398955,
1431913778825,org.cyanogenmod.audiofx.HeadsetService,org.cyanogenmod.audiofx,10000,1289,67364,"[PERSISTENT,STARTED]",false,true,0,0,67374,
1431913841153,com.android.bluetooth.hid.HidService,com.android.bluetooth,1002,0,49150,[],false,true,0,0,49160,
1431913841153,com.cleanmaster.service.PermanentService,com.cleanmaster.mguard:service,10138,1271,94138,[STARTED],false,true,1,1,35085689,
1431913841153,com.google.android.music.dial.DialMediaRouteProviderService,com.google.android.music:main,10073,0,57202,[],false,true,0,0,57212,
1431913841153,ch.unige.css.services.PingService,ch.unige.ping,10149,1632,37586548,[STARTED],false,true,0,0,37586558,
1431913841153,com.google.android.search.core.service.BroadcastListenerService,com.google.android.googlequicksearchbox:search,10026,2776,75471,[STARTED],false,true,0,0,28007607,
1431913841153,com.android.systemui.keyguard.KeyguardService,com.android.systemui,10014,930,44352,[PERSISTENT],false,false,2,2,68066,
1431913841153,openiab.StoreService,cm.aptoide.pt,10148,0,54787,[],false,true,0,0,54797,
1431913841153,ch.unige.css.services.main.CssRegistryService,ch.unige.ping:background,10149,27135,27136666,[STARTED],false,true,0,0,27136676,
1431913841153,com.google.android.finsky.billing.iab.InAppBillingService,com.android.vending,10024,19930,28398945,[],false,true,1,1,28398955,
1431913841153,org.cyanogenmod.audiofx.HeadsetService,org.cyanogenmod.audiofx,10000,1289,67364,"[PERSISTENT,STARTED]",false,true,0,0,67374,
1431913901221,com.android.bluetooth.hid.HidService,com.android.bluetooth,1002,0,49150,[],false,true,0,0,49160,
1431913901221,com.cleanmaster.service.PermanentService,com.cleanmaster.mguard:service,10138,1271,94138,[STARTED],false,true,1,1,35085689,
1431913901221,com.google.android.music.dial.DialMediaRouteProviderService,com.google.android.music:main,10073,0,57202,[],false,true,0,0,57212,
1431913901221,ch.unige.css.services.PingService,ch.unige.ping,10149,1632,37646616,[STARTED],false,true,0,0,37646626,
1431913901221,com.google.android.search.core.service.BroadcastListenerService,com.google.android.googlequicksearchbox:search,10026,2776,75471,[STARTED],false,true,0,0,28007607,
1431913901221,com.android.systemui.keyguard.KeyguardService,com.android.systemui,10014,930,44352,[PERSISTENT],false,false,2,2,68066,
1431913901221,openiab.StoreService,cm.aptoide.pt,10148,0,54787,[],false,true,0,0,54797,
1431913901221,ch.unige.css.services.main.CssRegistryService,ch.unige.ping:background,10149,27135,27136666,[STARTED],false,true,0,0,27136676,
1431913901221,com.google.android.finsky.billing.iab.InAppBillingService,com.android.vending,10024,19930,28398945,[],false,true,1,1,28398955,
1431913901221,org.cyanogenmod.audiofx.HeadsetService,org.cyanogenmod.audiofx,10000,1289,67364,"[PERSISTENT,STARTED]",false,true,0,0,67374,
1431913961282,com.android.bluetooth.hid.HidService,com.android.bluetooth,1002,0,49150,[],false,true,0,0,49160,
1431913961282,com.cleanmaster.service.PermanentService,com.cleanmaster.mguard:service,10138,1271,94138,[STARTED],false,true,1,1,35085689,
1431913961282,com.google.android.music.dial.DialMediaRouteProviderService,com.google.android.music:main,10073,0,57202,[],false,true,0,0,57212,
1431913961282,ch.unige.css.services.PingService,ch.unige.ping,10149,1632,37706694,[STARTED],false,true,0,0,37706704,
1431913961282,com.google.android.search.core.service.BroadcastListenerService,com.google.android.googlequicksearchbox:search,10026,2776,75471,[STARTED],false,true,0,0,28007607,
1431913961282,com.android.systemui.keyguard.KeyguardService,com.android.systemui,10014,930,44352,[PERSISTENT],false,false,2,2,68066,
1431913961282,openiab.StoreService,cm.aptoide.pt,10148,0,54787,[],false,true,0,0,54797,
1431913961282,ch.unige.css.services.main.CssRegistryService,ch.unige.ping:background,10149,27135,27136666,[STARTED],false,true,0,0,27136676,
1431913961282,com.google.android.finsky.billing.iab.InAppBillingService,com.android.vending,10024,19930,28398945,[],false,true,1,1,28398955,
1431913961282,org.cyanogenmod.audiofx.HeadsetService,org.cyanogenmod.audiofx,10000,1289,67364,"[PERSISTENT,STARTED]",false,true,0,0,67374,
1431914027317,com.android.bluetooth.hid.HidService,com.android.bluetooth,1002,0,49150,[],false,true,0,0,49160,
1431914027317,com.cleanmaster.service.PermanentService,com.cleanmaster.mguard:service,10138,1271,94138,[STARTED],false,true,1,1,35085689,
1431914027317,com.google.android.music.dial.DialMediaRouteProviderService,com.google.android.music:main,10073,0,57202,[],false,true,0,0,57212,
1431914027317,ch.unige.css.services.PingService,ch.unige.ping,10149,1632,37772713,[STARTED],false,true,0,0,37772723,
1431914027317,com.google.android.search.core.service.BroadcastListenerService,com.google.android.googlequicksearchbox:search,10026,2776,75471,[STARTED],false,true,0,0,28007607,
1431914027317,com.android.systemui.keyguard.KeyguardService,com.android.systemui,10014,930,44352,[PERSISTENT],false,false,2,2,68066,
1431914027317,openiab.StoreService,cm.aptoide.pt,10148,0,54787,[],false,true,0,0,54797,
1431914027317,ch.unige.css.services.main.CssRegistryService,ch.unige.ping:background,10149,27135,27136666,[STARTED],false,true,0,0,27136676,
1431914027317,com.google.android.finsky.billing.iab.InAppBillingService,com.android.vending,10024,19930,28398945,[],false,true,1,1,28398955,
1431914027317,org.cyanogenmod.audiofx.HeadsetService,org.cyanogenmod.audiofx,10000,1289,67364,"[PERSISTENT,STARTED]",false,true,0,0,67374,
1431914087992,com.android.bluetooth.hid.HidService,com.android.bluetooth,1002,0,49150,[],false,true,0,0,49160,
1431914087992,com.cleanmaster.service.PermanentService,com.cleanmaster.mguard:service,10138,1271,94138,[STARTED],false,true,1,1,35085689,
1431914087992,com.google.android.music.dial.DialMediaRouteProviderService,com.google.android.music:main,10073,0,57202,[],false,true,0,0,57212,
1431914087992,ch.unige.css.services.PingService,ch.unige.ping,10149,1632,37833403,[STARTED],false,true,0,0,37833413,
1431914087992,com.google.android.search.core.service.BroadcastListenerService,com.google.android.googlequicksearchbox:search,10026,2776,75471,[STARTED],false,true,0,0,28007607,
1431914087992,com.android.systemui.keyguard.KeyguardService,com.android.systemui,10014,930,44352,[PERSISTENT],false,false,2,2,68066,
1431914087992,openiab.StoreService,cm.aptoide.pt,10148,0,54787,[],false,true,0,0,54797,
1431914087992,ch.unige.css.services.main.CssRegistryService,ch.unige.ping:background,10149,27135,27136666,[STARTED],false,true,0,0,27136676,
1431914087992,com.google.android.finsky.billing.iab.InAppBillingService,com.android.vending,10024,19930,28398945,[],false,true,1,1,28398955,
1431914087992,org.cyanogenmod.audiofx.HeadsetService,org.cyanogenmod.audiofx,10000,1289,67364,"[PERSISTENT,STARTED]",false,true,0,0,67374,
1431914148160,com.android.bluetooth.hid.HidService,com.android.bluetooth,1002,0,49150,[],false,true,0,0,49160,
1431914148160,com.cleanmaster.service.PermanentService,com.cleanmaster.mguard:service,10138,1271,94138,[STARTED],false,true,1,1,35085689,
1431914148160,com.google.android.music.dial.DialMediaRouteProviderService,com.google.android.music:main,10073,0,57202,[],false,true,0,0,57212,
1431914148160,ch.unige.css.services.PingService,ch.unige.ping,10149,1632,37893546,[STARTED],false,true,0,0,37893556,
1431914148160,com.google.android.search.core.service.BroadcastListenerService,com.google.android.googlequicksearchbox:search,10026,2776,75471,[STARTED],false,true,0,0,28007607,
1431914148160,com.android.systemui.keyguard.KeyguardService,com.android.systemui,10014,930,44352,[PERSISTENT],false,false,2,2,68066,
1431914148160,openiab.StoreService,cm.aptoide.pt,10148,0,54787,[],false,true,0,0,54797,
1431914148160,ch.unige.css.services.main.CssRegistryService,ch.unige.ping:background,10149,27135,27136666,[STARTED],false,true,0,0,27136676,
1431914148160,com.google.android.finsky.billing.iab.InAppBillingService,com.android.vending,10024,19930,28398945,[],false,true,1,1,28398955,
1431914148160,org.cyanogenmod.audiofx.HeadsetService,org.cyanogenmod.audiofx,10000,1289,67364,"[PERSISTENT,STARTED]",false,true,0,0,67374,
1431914208297,com.android.bluetooth.hid.HidService,com.android.bluetooth,1002,0,49150,[],false,true,0,0,49160,
1431914208297,com.cleanmaster.service.PermanentService,com.cleanmaster.mguard:service,10138,1271,94138,[STARTED],false,true,1,1,35085689,
1431914208297,com.google.android.music.dial.DialMediaRouteProviderService,com.google.android.music:main,10073,0,57202,[],false,true,0,0,57212,
1431914208297,ch.unige.css.services.PingService,ch.unige.ping,10149,1632,37953696,[STARTED],false,true,0,0,37953706,
1431914208297,com.google.android.search.core.service.BroadcastListenerService,com.google.android.googlequicksearchbox:search,10026,2776,75471,[STARTED],false,true,0,0,28007607,
1431914208297,com.android.systemui.keyguard.KeyguardService,com.android.systemui,10014,930,44352,[PERSISTENT],false,false,2,2,68066,
1431914208297,openiab.StoreService,cm.aptoide.pt,10148,0,54787,[],false,true,0,0,54797,
1431914208297,ch.unige.css.services.main.CssRegistryService,ch.unige.ping:background,10149,27135,27136666,[STARTED],false,true,0,0,27136676,
1431914208297,com.google.android.finsky.billing.iab.InAppBillingService,com.android.vending,10024,19930,28398945,[],false,true,1,1,28398955,
1431914208297,org.cyanogenmod.audiofx.HeadsetService,org.cyanogenmod.audiofx,10000,1289,67364,"[PERSISTENT,STARTED]",false,true,0,0,67374,
1431914268332,com.android.bluetooth.hid.HidService,com.android.bluetooth,1002,0,49150,[],false,true,0,0,49160,
1431914268332,com.cleanmaster.service.PermanentService,com.cleanmaster.mguard:service,10138,1271,94138,[STARTED],false,true,1,1,35085689,
1431914268332,com.google.android.music.dial.DialMediaRouteProviderService,com.google.android.music:main,10073,0,57202,[],false,true,0,0,57212,
1431914268332,ch.unige.css.services.PingService,ch.unige.ping,10149,1632,38013738,[STARTED],false,true,0,0,38013748,
1431914268332,com.google.android.search.core.service.BroadcastListenerService,com.google.android.googlequicksearchbox:search,10026,2776,75471,[STARTED],false,true,0,0,28007607,
1431914268332,com.android.systemui.keyguard.KeyguardService,com.android.systemui,10014,930,44352,[PERSISTENT],false,false,2,2,68066,
1431914268332,openiab.StoreService,cm.aptoide.pt,10148,0,54787,[],false,true,0,0,54797,
1431914268332,ch.unige.css.services.main.CssRegistryService,ch.unige.ping:background,10149,27135,27136666,[STARTED],false,true,0,0,27136676,
1431914268332,com.google.android.finsky.billing.iab.InAppBillingService,com.android.vending,10024,19930,28398945,[],false,true,1,1,28398955,
1431914268332,org.cyanogenmod.audiofx.HeadsetService,org.cyanogenmod.audiofx,10000,1289,67364,"[PERSISTENT,STARTED]",false,true,0,0,67374,
1431914328499,com.android.bluetooth.hid.HidService,com.android.bluetooth,1002,0,49150,[],false,true,0,0,49160,
1431914328499,com.cleanmaster.service.PermanentService,com.cleanmaster.mguard:service,10138,1271,94138,[STARTED],false,true,1,1,35085689,
1431914328499,com.google.android.music.dial.DialMediaRouteProviderService,com.google.android.music:main,10073,0,57202,[],false,true,0,0,57212,
1431914328499,ch.unige.css.services.PingService,ch.unige.ping,10149,1632,38073900,[STARTED],false,true,0,0,38073910,
1431914328499,com.google.android.search.core.service.BroadcastListenerService,com.google.android.googlequicksearchbox:search,10026,2776,75471,[STARTED],false,true,0,0,28007607,
1431914328499,com.android.systemui.keyguard.KeyguardService,com.android.systemui,10014,930,44352,[PERSISTENT],false,false,2,2,68066,
1431914328499,openiab.StoreService,cm.aptoide.pt,10148,0,54787,[],false,true,0,0,54797,
1431914328499,ch.unige.css.services.main.CssRegistryService,ch.unige.ping:background,10149,27135,27136666,[STARTED],false,true,0,0,27136676,
1431914328499,com.google.android.finsky.billing.iab.InAppBillingService,com.android.vending,10024,19930,28398945,[],false,true,1,1,28398955,
1431914328499,org.cyanogenmod.audiofx.HeadsetService,org.cyanogenmod.audiofx,10000,1289,67364,"[PERSISTENT,STARTED]",false,true,0,0,67374,
1431914388609,com.android.bluetooth.hid.HidService,com.android.bluetooth,1002,0,49150,[],false,true,0,0,49160,
1431914388609,com.cleanmaster.service.PermanentService,com.cleanmaster.mguard:service,10138,1271,94138,[STARTED],false,true,1,1,35085689,
1431914388609,com.google.android.music.dial.DialMediaRouteProviderService,com.google.android.music:main,10073,0,57202,[],false,true,0,0,57212,
1431914388609,ch.unige.css.services.PingService,ch.unige.ping,10149,1632,38133999,[STARTED],false,true,0,0,38134009,
1431914388609,com.google.android.search.core.service.BroadcastListenerService,com.google.android.googlequicksearchbox:search,10026,2776,75471,[STARTED],false,true,0,0,28007607,
1431914388609,com.android.systemui.keyguard.KeyguardService,com.android.systemui,10014,930,44352,[PERSISTENT],false,false,2,2,68066,
1431914388609,openiab.StoreService,cm.aptoide.pt,10148,0,54787,[],false,true,0,0,54797,
1431914388609,ch.unige.css.services.main.CssRegistryService,ch.unige.ping:background,10149,27135,27136666,[STARTED],false,true,0,0,27136676,
1431914388609,com.google.android.finsky.billing.iab.InAppBillingService,com.android.vending,10024,19930,28398945,[],false,true,1,1,28398955,
1431914388609,org.cyanogenmod.audiofx.HeadsetService,org.cyanogenmod.audiofx,10000,1289,67364,"[PERSISTENT,STARTED]",false,true,0,0,67374,
1431914448694,com.android.bluetooth.hid.HidService,com.android.bluetooth,1002,0,49150,[],false,true,0,0,49160,
1431914448694,com.cleanmaster.service.PermanentService,com.cleanmaster.mguard:service,10138,1271,94138,[STARTED],false,true,1,1,35085689,
1431914448694,com.google.android.music.dial.DialMediaRouteProviderService,com.google.android.music:main,10073,0,57202,[],false,true,0,0,57212,
1431914448694,ch.unige.css.services.PingService,ch.unige.ping,10149,1632,38194096,[STARTED],false,true,0,0,38194106,
1431914448694,com.google.android.search.core.service.BroadcastListenerService,com.google.android.googlequicksearchbox:search,10026,2776,75471,[STARTED],false,true,0,0,28007607,
1431914448694,com.android.systemui.keyguard.KeyguardService,com.android.systemui,10014,930,44352,[PERSISTENT],false,false,2,2,68066,
1431914448694,openiab.StoreService,cm.aptoide.pt,10148,0,54787,[],false,true,0,0,54797,
1431914448694,ch.unige.css.services.main.CssRegistryService,ch.unige.ping:background,10149,27135,27136666,[STARTED],false,true,0,0,27136676,
1431914448694,com.google.android.finsky.billing.iab.InAppBillingService,com.android.vending,10024,19930,28398945,[],false,true,1,1,28398955,
1431914448694,org.cyanogenmod.audiofx.HeadsetService,org.cyanogenmod.audiofx,10000,1289,67364,"[PERSISTENT,STARTED]",false,true,0,0,67374,
1431914508811,com.android.bluetooth.hid.HidService,com.android.bluetooth,1002,0,49150,[],false,true,0,0,49160,
1431914508811,com.cleanmaster.service.PermanentService,com.cleanmaster.mguard:service,10138,1271,94138,[STARTED],false,true,1,1,35085689,
1431914508811,com.google.android.music.dial.DialMediaRouteProviderService,com.google.android.music:main,10073,0,57202,[],false,true,0,0,57212,
1431914508811,ch.unige.css.services.PingService,ch.unige.ping,10149,1632,38254205,[STARTED],false,true,0,0,38254215,
1431914508811,com.google.android.search.core.service.BroadcastListenerService,com.google.android.googlequicksearchbox:search,10026,2776,75471,[STARTED],false,true,0,0,28007607,
1431914508811,com.android.systemui.keyguard.KeyguardService,com.android.systemui,10014,930,44352,[PERSISTENT],false,false,2,2,68066,
1431914508811,openiab.StoreService,cm.aptoide.pt,10148,0,54787,[],false,true,0,0,54797,
1431914508811,ch.unige.css.services.main.CssRegistryService,ch.unige.ping:background,10149,27135,27136666,[STARTED],false,true,0,0,27136676,
1431914508811,com.google.android.finsky.billing.iab.InAppBillingService,com.android.vending,10024,19930,28398945,[],false,true,1,1,28398955,
1431914508811,org.cyanogenmod.audiofx.HeadsetService,org.cyanogenmod.audiofx,10000,1289,67364,"[PERSISTENT,STARTED]",false,true,0,0,67374,
1431914568972,com.android.bluetooth.hid.HidService,com.android.bluetooth,1002,0,49150,[],false,true,0,0,49160,
1431914568972,com.cleanmaster.service.PermanentService,com.cleanmaster.mguard:service,10138,1271,94138,[STARTED],false,true,1,1,35085689,
1431914568972,com.google.android.music.dial.DialMediaRouteProviderService,com.google.android.music:main,10073,0,57202,[],false,true,0,0,57212,
1431914568972,ch.unige.css.services.PingService,ch.unige.ping,10149,1632,38314348,[STARTED],false,true,0,0,38314358,
1431914568972,com.google.android.search.core.service.BroadcastListenerService,com.google.android.googlequicksearchbox:search,10026,2776,75471,[STARTED],false,true,0,0,28007607,
1431914568972,com.android.systemui.keyguard.KeyguardService,com.android.systemui,10014,930,44352,[PERSISTENT],false,false,2,2,68066,
1431914568972,openiab.StoreService,cm.aptoide.pt,10148,0,54787,[],false,true,0,0,54797,
1431914568972,ch.unige.css.services.main.CssRegistryService,ch.unige.ping:background,10149,27135,27136666,[STARTED],false,true,0,0,27136676,
1431914568972,com.google.android.finsky.billing.iab.InAppBillingService,com.android.vending,10024,19930,28398945,[],false,true,1,1,28398955,
1431914568972,org.cyanogenmod.audiofx.HeadsetService,org.cyanogenmod.audiofx,10000,1289,67364,"[PERSISTENT,STARTED]",false,true,0,0,67374,
1431914629067,com.android.bluetooth.hid.HidService,com.android.bluetooth,1002,0,49150,[],false,true,0,0,49160,
1431914629067,com.cleanmaster.service.PermanentService,com.cleanmaster.mguard:service,10138,1271,94138,[STARTED],false,true,1,1,35085689,
1431914629067,com.google.android.music.dial.DialMediaRouteProviderService,com.google.android.music:main,10073,0,57202,[],false,true,0,0,57212,
1431914629067,ch.unige.css.services.PingService,ch.unige.ping,10149,1632,38374460,[STARTED],false,true,0,0,38374470,
1431914629067,com.google.android.search.core.service.BroadcastListenerService,com.google.android.googlequicksearchbox:search,10026,2776,75471,[STARTED],false,true,0,0,28007607,
1431914629067,com.android.systemui.keyguard.KeyguardService,com.android.systemui,10014,930,44352,[PERSISTENT],false,false,2,2,68066,
1431914629067,openiab.StoreService,cm.aptoide.pt,10148,0,54787,[],false,true,0,0,54797,
1431914629067,ch.unige.css.services.main.CssRegistryService,ch.unige.ping:background,10149,27135,27136666,[STARTED],false,true,0,0,27136676,
1431914629067,com.google.android.finsky.billing.iab.InAppBillingService,com.android.vending,10024,19930,28398945,[],false,true,1,1,28398955,
1431914629067,org.cyanogenmod.audiofx.HeadsetService,org.cyanogenmod.audiofx,10000,1289,67364,"[PERSISTENT,STARTED]",false,true,0,0,67374,
1431914689233,com.android.bluetooth.hid.HidService,com.android.bluetooth,1002,0,49150,[],false,true,0,0,49160,
1431914689233,com.cleanmaster.service.PermanentService,com.cleanmaster.mguard:service,10138,1271,94138,[STARTED],false,true,1,1,35085689,
1431914689233,com.google.android.music.dial.DialMediaRouteProviderService,com.google.android.music:main,10073,0,57202,[],false,true,0,0,57212,
1431914689233,ch.unige.css.services.PingService,ch.unige.ping,10149,1632,38434608,[STARTED],false,true,0,0,38434618,
1431914689233,com.google.android.search.core.service.BroadcastListenerService,com.google.android.googlequicksearchbox:search,10026,2776,75471,[STARTED],false,true,0,0,28007607,
1431914689233,com.android.systemui.keyguard.KeyguardService,com.android.systemui,10014,930,44352,[PERSISTENT],false,false,2,2,68066,
1431914689233,openiab.StoreService,cm.aptoide.pt,10148,0,54787,[],false,true,0,0,54797,
1431914689233,ch.unige.css.services.main.CssRegistryService,ch.unige.ping:background,10149,27135,27136666,[STARTED],false,true,0,0,27136676,
1431914689233,com.google.android.finsky.billing.iab.InAppBillingService,com.android.vending,10024,19930,28398945,[],false,true,1,1,28398955,
1431914689233,org.cyanogenmod.audiofx.HeadsetService,org.cyanogenmod.audiofx,10000,1289,67364,"[PERSISTENT,STARTED]",false,true,0,0,67374,
1431914749275,com.android.bluetooth.hid.HidService,com.android.bluetooth,1002,0,49150,[],false,true,0,0,49160,
1431914749275,com.cleanmaster.service.PermanentService,com.cleanmaster.mguard:service,10138,1271,94138,[STARTED],false,true,1,1,35085689,
1431914749275,com.google.android.music.dial.DialMediaRouteProviderService,com.google.android.music:main,10073,0,57202,[],false,true,0,0,57212,
1431914749275,ch.unige.css.services.PingService,ch.unige.ping,10149,1632,38494682,[STARTED],false,true,0,0,38494692,
1431914749275,com.google.android.search.core.service.BroadcastListenerService,com.google.android.googlequicksearchbox:search,10026,2776,75471,[STARTED],false,true,0,0,28007607,
1431914749275,com.android.systemui.keyguard.KeyguardService,com.android.systemui,10014,930,44352,[PERSISTENT],false,false,2,2,68066,
1431914749275,openiab.StoreService,cm.aptoide.pt,10148,0,54787,[],false,true,0,0,54797,
1431914749275,ch.unige.css.services.main.CssRegistryService,ch.unige.ping:background,10149,27135,27136666,[STARTED],false,true,0,0,27136676,
1431914749275,com.google.android.finsky.billing.iab.InAppBillingService,com.android.vending,10024,19930,28398945,[],false,true,1,1,28398955,
1431914749275,org.cyanogenmod.audiofx.HeadsetService,org.cyanogenmod.audiofx,10000,1289,67364,"[PERSISTENT,STARTED]",false,true,0,0,67374,
1431914809337,com.android.bluetooth.hid.HidService,com.android.bluetooth,1002,0,49150,[],false,true,0,0,49160,
1431914809337,com.cleanmaster.service.PermanentService,com.cleanmaster.mguard:service,10138,1271,94138,[STARTED],false,true,1,1,35085689,
1431914809337,com.google.android.music.dial.DialMediaRouteProviderService,com.google.android.music:main,10073,0,57202,[],false,true,0,0,57212,
1431914809337,ch.unige.css.services.PingService,ch.unige.ping,10149,1632,38554741,[STARTED],false,true,0,0,38554751,
1431914809337,com.google.android.search.core.service.BroadcastListenerService,com.google.android.googlequicksearchbox:search,10026,2776,75471,[STARTED],false,true,0,0,28007607,
1431914809337,com.android.systemui.keyguard.KeyguardService,com.android.systemui,10014,930,44352,[PERSISTENT],false,false,2,2,68066,
1431914809337,openiab.StoreService,cm.aptoide.pt,10148,0,54787,[],false,true,0,0,54797,
1431914809337,ch.unige.css.services.main.CssRegistryService,ch.unige.ping:background,10149,27135,27136666,[STARTED],false,true,0,0,27136676,
1431914809337,com.google.android.finsky.billing.iab.InAppBillingService,com.android.vending,10024,19930,28398945,[],false,true,1,1,28398955,
1431914809337,org.cyanogenmod.audiofx.HeadsetService,org.cyanogenmod.audiofx,10000,1289,67364,"[PERSISTENT,STARTED]",false,true,0,0,67374,
1431914869417,com.android.bluetooth.hid.HidService,com.android.bluetooth,1002,0,49150,[],false,true,0,0,49160,
1431914869417,com.cleanmaster.service.PermanentService,com.cleanmaster.mguard:service,10138,1271,94138,[STARTED],false,true,1,1,35085689,
1431914869417,com.google.android.music.dial.DialMediaRouteProviderService,com.google.android.music:main,10073,0,57202,[],false,true,0,0,57212,
1431914869417,ch.unige.css.services.PingService,ch.unige.ping,10149,1632,38614821,[STARTED],false,true,0,0,38614831,
1431914869417,com.google.android.search.core.service.BroadcastListenerService,com.google.android.googlequicksearchbox:search,10026,2776,75471,[STARTED],false,true,0,0,28007607,
1431914869417,com.android.systemui.keyguard.KeyguardService,com.android.systemui,10014,930,44352,[PERSISTENT],false,false,2,2,68066,
1431914869417,openiab.StoreService,cm.aptoide.pt,10148,0,54787,[],false,true,0,0,54797,
1431914869417,ch.unige.css.services.main.CssRegistryService,ch.unige.ping:background,10149,27135,27136666,[STARTED],false,true,0,0,27136676,
1431914869417,com.google.android.finsky.billing.iab.InAppBillingService,com.android.vending,10024,19930,28398945,[],false,true,1,1,28398955,
1431914869417,org.cyanogenmod.audiofx.HeadsetService,org.cyanogenmod.audiofx,10000,1289,67364,"[PERSISTENT,STARTED]",false,true,0,0,67374,
1431914940167,com.android.bluetooth.hid.HidService,com.android.bluetooth,1002,0,49150,[],false,true,0,0,49160,
1431914940167,com.cleanmaster.service.PermanentService,com.cleanmaster.mguard:service,10138,1271,94138,[STARTED],false,true,1,1,35085689,
1431914940167,com.google.android.music.dial.DialMediaRouteProviderService,com.google.android.music:main,10073,0,57202,[],false,true,0,0,57212,
1431914940167,ch.unige.css.services.PingService,ch.unige.ping,10149,1632,38685553,[STARTED],false,true,0,0,38685563,
1431914940167,com.google.android.search.core.service.BroadcastListenerService,com.google.android.googlequicksearchbox:search,10026,2776,75471,[STARTED],false,true,0,0,28007607,
1431914940167,com.android.systemui.keyguard.KeyguardService,com.android.systemui,10014,930,44352,[PERSISTENT],false,false,2,2,68066,
1431914940167,openiab.StoreService,cm.aptoide.pt,10148,0,54787,[],false,true,0,0,54797,
1431914940167,ch.unige.css.services.main.CssRegistryService,ch.unige.ping:background,10149,27135,27136666,[STARTED],false,true,0,0,27136676,
1431914940167,com.google.android.finsky.billing.iab.InAppBillingService,com.android.vending,10024,19930,28398945,[],false,true,1,1,28398955,
1431914940167,org.cyanogenmod.audiofx.HeadsetService,org.cyanogenmod.audiofx,10000,1289,67364,"[PERSISTENT,STARTED]",false,true,0,0,67374,
1431915000361,com.android.bluetooth.hid.HidService,com.android.bluetooth,1002,0,49150,[],false,true,0,0,49160,
1431915000361,com.cleanmaster.service.PermanentService,com.cleanmaster.mguard:service,10138,1271,94138,[STARTED],false,true,1,1,35085689,
1431915000361,com.google.android.music.dial.DialMediaRouteProviderService,com.google.android.music:main,10073,0,57202,[],false,true,0,0,57212,
1431915000361,ch.unige.css.services.PingService,ch.unige.ping,10149,1632,38745666,[STARTED],false,true,0,0,38745676,
1431915000361,com.google.android.search.core.service.BroadcastListenerService,com.google.android.googlequicksearchbox:search,10026,2776,75471,[STARTED],false,true,0,0,28007607,
1431915000361,com.android.systemui.keyguard.KeyguardService,com.android.systemui,10014,930,44352,[PERSISTENT],false,false,2,2,68066,
1431915000361,openiab.StoreService,cm.aptoide.pt,10148,0,54787,[],false,true,0,0,54797,
1431915000361,ch.unige.css.services.main.CssRegistryService,ch.unige.ping:background,10149,27135,27136666,[STARTED],false,true,0,0,27136676,
1431915000361,com.google.android.finsky.billing.iab.InAppBillingService,com.android.vending,10024,19930,28398945,[],false,true,1,1,28398955,
1431915000361,org.cyanogenmod.audiofx.HeadsetService,org.cyanogenmod.audiofx,10000,1289,67364,"[PERSISTENT,STARTED]",false,true,0,0,67374,
1431915060523,com.android.bluetooth.hid.HidService,com.android.bluetooth,1002,0,49150,[],false,true,0,0,49160,
1431915060523,com.cleanmaster.service.PermanentService,com.cleanmaster.mguard:service,10138,1271,94138,[STARTED],false,true,1,1,35085689,
1431915060523,com.google.android.music.dial.DialMediaRouteProviderService,com.google.android.music:main,10073,0,57202,[],false,true,0,0,57212,
1431915060523,ch.unige.css.services.PingService,ch.unige.ping,10149,1632,38805913,[STARTED],false,true,0,0,38805923,
1431915060523,com.google.android.search.core.service.BroadcastListenerService,com.google.android.googlequicksearchbox:search,10026,2776,75471,[STARTED],false,true,0,0,28007607,
1431915060523,com.android.systemui.keyguard.KeyguardService,com.android.systemui,10014,930,44352,[PERSISTENT],false,false,2,2,68066,
1431915060523,openiab.StoreService,cm.aptoide.pt,10148,0,54787,[],false,true,0,0,54797,
1431915060523,ch.unige.css.services.main.CssRegistryService,ch.unige.ping:background,10149,27135,27136666,[STARTED],false,true,0,0,27136676,
1431915060523,com.google.android.finsky.billing.iab.InAppBillingService,com.android.vending,10024,19930,28398945,[],false,true,1,1,28398955,
1431915060523,org.cyanogenmod.audiofx.HeadsetService,org.cyanogenmod.audiofx,10000,1289,67364,"[PERSISTENT,STARTED]",false,true,0,0,67374,
1431915120688,com.android.bluetooth.hid.HidService,com.android.bluetooth,1002,0,49150,[],false,true,0,0,49160,
1431915120688,com.cleanmaster.service.PermanentService,com.cleanmaster.mguard:service,10138,1271,94138,[STARTED],false,true,1,1,35085689,
1431915120688,com.google.android.music.dial.DialMediaRouteProviderService,com.google.android.music:main,10073,0,57202,[],false,true,0,0,57212,
1431915120688,ch.unige.css.services.PingService,ch.unige.ping,10149,1632,38866066,[STARTED],false,true,0,0,38866076,
1431915120688,com.google.android.search.core.service.BroadcastListenerService,com.google.android.googlequicksearchbox:search,10026,2776,75471,[STARTED],false,true,0,0,28007607,
1431915120688,com.android.systemui.keyguard.KeyguardService,com.android.systemui,10014,930,44352,[PERSISTENT],false,false,2,2,68066,
1431915120688,openiab.StoreService,cm.aptoide.pt,10148,0,54787,[],false,true,0,0,54797,
1431915120688,ch.unige.css.services.main.CssRegistryService,ch.unige.ping:background,10149,27135,27136666,[STARTED],false,true,0,0,27136676,
1431915120688,com.google.android.finsky.billing.iab.InAppBillingService,com.android.vending,10024,19930,28398945,[],false,true,1,1,28398955,
1431915120688,org.cyanogenmod.audiofx.HeadsetService,org.cyanogenmod.audiofx,10000,1289,67364,"[PERSISTENT,STARTED]",false,true,0,0,67374,
1431915180848,com.android.bluetooth.hid.HidService,com.android.bluetooth,1002,0,49150,[],false,true,0,0,49160,
1431915180848,com.cleanmaster.service.PermanentService,com.cleanmaster.mguard:service,10138,1271,94138,[STARTED],false,true,1,1,35085689,
1431915180848,com.google.android.music.dial.DialMediaRouteProviderService,com.google.android.music:main,10073,0,57202,[],false,true,0,0,57212,
1431915180848,ch.unige.css.services.PingService,ch.unige.ping,10149,1632,38926208,[STARTED],false,true,0,0,38926218,
1431915180848,com.google.android.search.core.service.BroadcastListenerService,com.google.android.googlequicksearchbox:search,10026,2776,75471,[STARTED],false,true,0,0,28007607,
1431915180848,com.android.systemui.keyguard.KeyguardService,com.android.systemui,10014,930,44352,[PERSISTENT],false,false,2,2,68066,
1431915180848,openiab.StoreService,cm.aptoide.pt,10148,0,54787,[],false,true,0,0,54797,
1431915180848,ch.unige.css.services.main.CssRegistryService,ch.unige.ping:background,10149,27135,27136666,[STARTED],false,true,0,0,27136676,
1431915180848,com.google.android.finsky.billing.iab.InAppBillingService,com.android.vending,10024,19930,28398945,[],false,true,1,1,28398955,
1431915180848,org.cyanogenmod.audiofx.HeadsetService,org.cyanogenmod.audiofx,10000,1289,67364,"[PERSISTENT,STARTED]",false,true,0,0,67374,
1431915240980,com.android.bluetooth.hid.HidService,com.android.bluetooth,1002,0,49150,[],false,true,0,0,49160,
1431915240980,com.cleanmaster.service.PermanentService,com.cleanmaster.mguard:service,10138,1271,94138,[STARTED],false,true,1,1,35085689,
1431915240980,com.google.android.music.dial.DialMediaRouteProviderService,com.google.android.music:main,10073,0,57202,[],false,true,0,0,57212,
1431915240980,ch.unige.css.services.PingService,ch.unige.ping,10149,1632,38986383,[STARTED],false,true,0,0,38986393,
1431915240980,com.google.android.search.core.service.BroadcastListenerService,com.google.android.googlequicksearchbox:search,10026,2776,75471,[STARTED],false,true,0,0,28007607,
1431915240980,com.android.systemui.keyguard.KeyguardService,com.android.systemui,10014,930,44352,[PERSISTENT],false,false,2,2,68066,
1431915240980,openiab.StoreService,cm.aptoide.pt,10148,0,54787,[],false,true,0,0,54797,
1431915240980,ch.unige.css.services.main.CssRegistryService,ch.unige.ping:background,10149,27135,27136666,[STARTED],false,true,0,0,27136676,
1431915240980,com.google.android.finsky.billing.iab.InAppBillingService,com.android.vending,10024,19930,28398945,[],false,true,1,1,28398955,
1431915240980,org.cyanogenmod.audiofx.HeadsetService,org.cyanogenmod.audiofx,10000,1289,67364,"[PERSISTENT,STARTED]",false,true,0,0,67374,
1431915301174,com.android.bluetooth.hid.HidService,com.android.bluetooth,1002,0,49150,[],false,true,0,0,49160,
1431915301174,com.cleanmaster.service.PermanentService,com.cleanmaster.mguard:service,10138,1271,94138,[STARTED],false,true,1,1,35085689,
1431915301174,com.google.android.music.dial.DialMediaRouteProviderService,com.google.android.music:main,10073,0,57202,[],false,true,0,0,57212,
1431915301174,ch.unige.css.services.PingService,ch.unige.ping,10149,1632,39046554,[STARTED],false,true,0,0,39046564,
1431915301174,com.google.android.search.core.service.BroadcastListenerService,com.google.android.googlequicksearchbox:search,10026,2776,75471,[STARTED],false,true,0,0,28007607,
1431915301174,com.android.systemui.keyguard.KeyguardService,com.android.systemui,10014,930,44352,[PERSISTENT],false,false,2,2,68066,
1431915301174,openiab.StoreService,cm.aptoide.pt,10148,0,54787,[],false,true,0,0,54797,
1431915301174,ch.unige.css.services.main.CssRegistryService,ch.unige.ping:background,10149,27135,27136666,[STARTED],false,true,0,0,27136676,
1431915301174,com.google.android.finsky.billing.iab.InAppBillingService,com.android.vending,10024,19930,28398945,[],false,true,1,1,28398955,
1431915301174,org.cyanogenmod.audiofx.HeadsetService,org.cyanogenmod.audiofx,10000,1289,67364,"[PERSISTENT,STARTED]",false,true,0,0,67374,
1431915361329,com.android.bluetooth.hid.HidService,com.android.bluetooth,1002,0,49150,[],false,true,0,0,49160,
1431915361329,com.cleanmaster.service.PermanentService,com.cleanmaster.mguard:service,10138,1271,94138,[STARTED],false,true,1,1,35085689,
1431915361329,com.google.android.music.dial.DialMediaRouteProviderService,com.google.android.music:main,10073,0,57202,[],false,true,0,0,57212,
1431915361329,ch.unige.css.services.PingService,ch.unige.ping,10149,1632,39106709,[STARTED],false,true,0,0,39106719,
1431915361329,com.google.android.search.core.service.BroadcastListenerService,com.google.android.googlequicksearchbox:search,10026,2776,75471,[STARTED],false,true,0,0,28007607,
1431915361329,com.android.systemui.keyguard.KeyguardService,com.android.systemui,10014,930,44352,[PERSISTENT],false,false,2,2,68066,
1431915361329,openiab.StoreService,cm.aptoide.pt,10148,0,54787,[],false,true,0,0,54797,
1431915361329,ch.unige.css.services.main.CssRegistryService,ch.unige.ping:background,10149,27135,27136666,[STARTED],false,true,0,0,27136676,
1431915361329,com.google.android.finsky.billing.iab.InAppBillingService,com.android.vending,10024,19930,28398945,[],false,true,1,1,28398955,
1431915361329,org.cyanogenmod.audiofx.HeadsetService,org.cyanogenmod.audiofx,10000,1289,67364,"[PERSISTENT,STARTED]",false,true,0,0,67374,
1431915421481,com.android.bluetooth.hid.HidService,com.android.bluetooth,1002,0,49150,[],false,true,0,0,49160,
1431915421481,com.cleanmaster.service.PermanentService,com.cleanmaster.mguard:service,10138,1271,94138,[STARTED],false,true,1,1,35085689,
1431915421481,com.google.android.music.dial.DialMediaRouteProviderService,com.google.android.music:main,10073,0,57202,[],false,true,0,0,57212,
1431915421481,ch.unige.css.services.PingService,ch.unige.ping,10149,1632,39166865,[STARTED],false,true,0,0,39166875,
1431915421481,com.google.android.search.core.service.BroadcastListenerService,com.google.android.googlequicksearchbox:search,10026,2776,75471,[STARTED],false,true,0,0,28007607,
1431915421481,com.android.systemui.keyguard.KeyguardService,com.android.systemui,10014,930,44352,[PERSISTENT],false,false,2,2,68066,
1431915421481,openiab.StoreService,cm.aptoide.pt,10148,0,54787,[],false,true,0,0,54797,
1431915421481,ch.unige.css.services.main.CssRegistryService,ch.unige.ping:background,10149,27135,27136666,[STARTED],false,true,0,0,27136676,
1431915421481,com.google.android.finsky.billing.iab.InAppBillingService,com.android.vending,10024,19930,28398945,[],false,true,1,1,28398955,
1431915421481,org.cyanogenmod.audiofx.HeadsetService,org.cyanogenmod.audiofx,10000,1289,67364,"[PERSISTENT,STARTED]",false,true,0,0,67374,
1431915481648,com.android.bluetooth.hid.HidService,com.android.bluetooth,1002,0,49150,[],false,true,0,0,49160,
1431915481648,com.cleanmaster.service.PermanentService,com.cleanmaster.mguard:service,10138,1271,94138,[STARTED],false,true,1,1,35085689,
1431915481648,com.google.android.music.dial.DialMediaRouteProviderService,com.google.android.music:main,10073,0,57202,[],false,true,0,0,57212,
1431915481648,ch.unige.css.services.PingService,ch.unige.ping,10149,1632,39227010,[STARTED],false,true,0,0,39227020,
1431915481648,com.google.android.search.core.service.BroadcastListenerService,com.google.android.googlequicksearchbox:search,10026,2776,75471,[STARTED],false,true,0,0,28007607,
1431915481648,com.android.systemui.keyguard.KeyguardService,com.android.systemui,10014,930,44352,[PERSISTENT],false,false,2,2,68066,
1431915481648,openiab.StoreService,cm.aptoide.pt,10148,0,54787,[],false,true,0,0,54797,
1431915481648,ch.unige.css.services.main.CssRegistryService,ch.unige.ping:background,10149,27135,27136666,[STARTED],false,true,0,0,27136676,
1431915481648,com.google.android.finsky.billing.iab.InAppBillingService,com.android.vending,10024,19930,28398945,[],false,true,1,1,28398955,
1431915481648,org.cyanogenmod.audiofx.HeadsetService,org.cyanogenmod.audiofx,10000,1289,67364,"[PERSISTENT,STARTED]",false,true,0,0,67374,
1431915541770,com.android.bluetooth.hid.HidService,com.android.bluetooth,1002,0,49150,[],false,true,0,0,49160,
1431915541770,com.cleanmaster.service.PermanentService,com.cleanmaster.mguard:service,10138,1271,94138,[STARTED],false,true,1,1,35085689,
1431915541770,com.google.android.music.dial.DialMediaRouteProviderService,com.google.android.music:main,10073,0,57202,[],false,true,0,0,57212,
1431915541770,ch.unige.css.services.PingService,ch.unige.ping,10149,1632,39287158,[STARTED],false,true,0,0,39287168,
1431915541770,com.google.android.search.core.service.BroadcastListenerService,com.google.android.googlequicksearchbox:search,10026,2776,75471,[STARTED],false,true,0,0,28007607,
1431915541770,com.android.systemui.keyguard.KeyguardService,com.android.systemui,10014,930,44352,[PERSISTENT],false,false,2,2,68066,
1431915541770,openiab.StoreService,cm.aptoide.pt,10148,0,54787,[],false,true,0,0,54797,
1431915541770,ch.unige.css.services.main.CssRegistryService,ch.unige.ping:background,10149,27135,27136666,[STARTED],false,true,0,0,27136676,
1431915541770,com.google.android.finsky.billing.iab.InAppBillingService,com.android.vending,10024,19930,28398945,[],false,true,1,1,28398955,
1431915541770,org.cyanogenmod.audiofx.HeadsetService,org.cyanogenmod.audiofx,10000,1289,67364,"[PERSISTENT,STARTED]",false,true,0,0,67374,
1431915602031,com.android.bluetooth.hid.HidService,com.android.bluetooth,1002,0,49150,[],false,true,0,0,49160,
1431915602031,com.cleanmaster.service.PermanentService,com.cleanmaster.mguard:service,10138,1271,94138,[STARTED],false,true,1,1,35085689,
1431915602031,com.google.android.music.dial.DialMediaRouteProviderService,com.google.android.music:main,10073,0,57202,[],false,true,0,0,57212,
1431915602031,ch.unige.css.services.PingService,ch.unige.ping,10149,1632,39347419,[STARTED],false,true,0,0,39347429,
1431915602031,com.google.android.search.core.service.BroadcastListenerService,com.google.android.googlequicksearchbox:search,10026,2776,75471,[STARTED],false,true,0,0,28007607,
1431915602031,com.android.systemui.keyguard.KeyguardService,com.android.systemui,10014,930,44352,[PERSISTENT],false,false,2,2,68066,
1431915602031,openiab.StoreService,cm.aptoide.pt,10148,0,54787,[],false,true,0,0,54797,
1431915602031,ch.unige.css.services.main.CssRegistryService,ch.unige.ping:background,10149,27135,27136666,[STARTED],false,true,0,0,27136676,
1431915602031,com.google.android.finsky.billing.iab.InAppBillingService,com.android.vending,10024,19930,28398945,[],false,true,1,1,28398955,
1431915602031,org.cyanogenmod.audiofx.HeadsetService,org.cyanogenmod.audiofx,10000,1289,67364,"[PERSISTENT,STARTED]",false,true,0,0,67374,
1431915662199,com.android.bluetooth.hid.HidService,com.android.bluetooth,1002,0,49150,[],false,true,0,0,49160,
1431915662199,com.cleanmaster.service.PermanentService,com.cleanmaster.mguard:service,10138,1271,94138,[STARTED],false,true,1,1,35085689,
1431915662199,com.google.android.music.dial.DialMediaRouteProviderService,com.google.android.music:main,10073,0,57202,[],false,true,0,0,57212,
1431915662199,ch.unige.css.services.PingService,ch.unige.ping,10149,1632,39407557,[STARTED],false,true,0,0,39407567,
1431915662199,com.google.android.search.core.service.BroadcastListenerService,com.google.android.googlequicksearchbox:search,10026,2776,75471,[STARTED],false,true,0,0,28007607,
1431915662199,com.android.systemui.keyguard.KeyguardService,com.android.systemui,10014,930,44352,[PERSISTENT],false,false,2,2,68066,
1431915662199,openiab.StoreService,cm.aptoide.pt,10148,0,54787,[],false,true,0,0,54797,
1431915662199,ch.unige.css.services.main.CssRegistryService,ch.unige.ping:background,10149,27135,27136666,[STARTED],false,true,0,0,27136676,
1431915662199,com.google.android.finsky.billing.iab.InAppBillingService,com.android.vending,10024,19930,28398945,[],false,true,1,1,28398955,
1431915662199,org.cyanogenmod.audiofx.HeadsetService,org.cyanogenmod.audiofx,10000,1289,67364,"[PERSISTENT,STARTED]",false,true,0,0,67374,
1431915722215,com.android.bluetooth.hid.HidService,com.android.bluetooth,1002,0,49150,[],false,true,0,0,49160,
1431915722215,com.cleanmaster.service.PermanentService,com.cleanmaster.mguard:service,10138,1271,94138,[STARTED],false,true,1,1,35085689,
1431915722215,com.google.android.music.dial.DialMediaRouteProviderService,com.google.android.music:main,10073,0,57202,[],false,true,0,0,57212,
1431915722215,ch.unige.css.services.PingService,ch.unige.ping,10149,1632,39467613,[STARTED],false,true,0,0,39467623,
1431915722215,com.google.android.search.core.service.BroadcastListenerService,com.google.android.googlequicksearchbox:search,10026,2776,75471,[STARTED],false,true,0,0,28007607,
1431915722215,com.android.systemui.keyguard.KeyguardService,com.android.systemui,10014,930,44352,[PERSISTENT],false,false,2,2,68066,
1431915722215,openiab.StoreService,cm.aptoide.pt,10148,0,54787,[],false,true,0,0,54797,
1431915722215,ch.unige.css.services.main.CssRegistryService,ch.unige.ping:background,10149,27135,27136666,[STARTED],false,true,0,0,27136676,
1431915722215,com.google.android.finsky.billing.iab.InAppBillingService,com.android.vending,10024,19930,28398945,[],false,true,1,1,28398955,
1431915722215,org.cyanogenmod.audiofx.HeadsetService,org.cyanogenmod.audiofx,10000,1289,67364,"[PERSISTENT,STARTED]",false,true,0,0,67374,
1431915784571,com.android.bluetooth.hid.HidService,com.android.bluetooth,1002,0,49150,[],false,true,0,0,49160,
1431915784571,com.cleanmaster.service.PermanentService,com.cleanmaster.mguard:service,10138,1271,94138,[STARTED],false,true,1,1,35085689,
1431915784571,com.google.android.music.dial.DialMediaRouteProviderService,com.google.android.music:main,10073,0,57202,[],false,true,0,0,57212,
1431915784571,ch.unige.css.services.PingService,ch.unige.ping,10149,1632,39529906,[STARTED],false,true,0,0,39529919,
1431915784571,com.google.android.search.core.service.BroadcastListenerService,com.google.android.googlequicksearchbox:search,10026,2776,75471,[STARTED],false,true,0,0,28007607,
1431915784571,com.android.systemui.keyguard.KeyguardService,com.android.systemui,10014,930,44352,[PERSISTENT],false,false,2,2,68066,
1431915784571,openiab.StoreService,cm.aptoide.pt,10148,0,54787,[],false,true,0,0,54797,
1431915784571,ch.unige.css.services.main.CssRegistryService,ch.unige.ping:background,10149,27135,27136666,[STARTED],false,true,0,0,27136676,
1431915784571,com.google.android.finsky.billing.iab.InAppBillingService,com.android.vending,10024,19930,28398945,[],false,true,1,1,28398955,
1431915784571,org.cyanogenmod.audiofx.HeadsetService,org.cyanogenmod.audiofx,10000,1289,67364,"[PERSISTENT,STARTED]",false,true,0,0,67374,
1431915844554,com.android.bluetooth.hid.HidService,com.android.bluetooth,1002,0,49150,[],false,true,0,0,49160,
1431915844554,com.cleanmaster.service.PermanentService,com.cleanmaster.mguard:service,10138,1271,94138,[STARTED],false,true,1,1,35085689,
1431915844554,com.google.android.music.dial.DialMediaRouteProviderService,com.google.android.music:main,10073,0,57202,[],false,true,0,0,57212,
1431915844554,ch.unige.css.services.PingService,ch.unige.ping,10149,1632,39589969,[STARTED],false,true,0,0,39589979,
1431915844554,com.google.android.search.core.service.BroadcastListenerService,com.google.android.googlequicksearchbox:search,10026,2776,75471,[STARTED],false,true,0,0,28007607,
1431915844554,com.android.systemui.keyguard.KeyguardService,com.android.systemui,10014,930,44352,[PERSISTENT],false,false,2,2,68066,
1431915844554,openiab.StoreService,cm.aptoide.pt,10148,0,54787,[],false,true,0,0,54797,
1431915844554,ch.unige.css.services.main.CssRegistryService,ch.unige.ping:background,10149,27135,27136666,[STARTED],false,true,0,0,27136676,
1431915844554,com.google.android.finsky.billing.iab.InAppBillingService,com.android.vending,10024,19930,28398945,[],false,true,1,1,28398955,
1431915844554,org.cyanogenmod.audiofx.HeadsetService,org.cyanogenmod.audiofx,10000,1289,67364,"[PERSISTENT,STARTED]",false,true,0,0,67374,
1431915904883,com.android.bluetooth.hid.HidService,com.android.bluetooth,1002,0,49150,[],false,true,0,0,49160,
1431915904883,com.cleanmaster.service.PermanentService,com.cleanmaster.mguard:service,10138,1271,94138,[STARTED],false,true,1,1,35085689,
1431915904883,com.google.android.music.dial.DialMediaRouteProviderService,com.google.android.music:main,10073,0,57202,[],false,true,0,0,57212,
1431915904883,ch.unige.css.services.PingService,ch.unige.ping,10149,1632,39650252,[STARTED],false,true,0,0,39650262,
1431915904883,com.google.android.search.core.service.BroadcastListenerService,com.google.android.googlequicksearchbox:search,10026,2776,75471,[STARTED],false,true,0,0,28007607,
1431915904883,com.android.systemui.keyguard.KeyguardService,com.android.systemui,10014,930,44352,[PERSISTENT],false,false,2,2,68066,
1431915904883,openiab.StoreService,cm.aptoide.pt,10148,0,54787,[],false,true,0,0,54797,
1431915904883,ch.unige.css.services.main.CssRegistryService,ch.unige.ping:background,10149,27135,27136666,[STARTED],false,true,0,0,27136676,
1431915904883,com.google.android.finsky.billing.iab.InAppBillingService,com.android.vending,10024,19930,28398945,[],false,true,1,1,28398955,
1431915904883,org.cyanogenmod.audiofx.HeadsetService,org.cyanogenmod.audiofx,10000,1289,67364,"[PERSISTENT,STARTED]",false,true,0,0,67374,
1431915980836,com.android.bluetooth.hid.HidService,com.android.bluetooth,1002,0,49150,[],false,true,0,0,49160,
1431915980836,com.cleanmaster.service.PermanentService,com.cleanmaster.mguard:service,10138,1271,94138,[STARTED],false,true,1,1,35085689,
1431915980836,com.google.android.music.dial.DialMediaRouteProviderService,com.google.android.music:main,10073,0,57202,[],false,true,0,0,57212,
1431915980836,ch.unige.css.services.PingService,ch.unige.ping,10149,1632,39726241,[STARTED],false,true,0,0,39726251,
1431915980836,com.google.android.search.core.service.BroadcastListenerService,com.google.android.googlequicksearchbox:search,10026,2776,75471,[STARTED],false,true,0,0,28007607,
1431915980836,com.android.systemui.keyguard.KeyguardService,com.android.systemui,10014,930,44352,[PERSISTENT],false,false,2,2,68066,
1431915980836,openiab.StoreService,cm.aptoide.pt,10148,0,54787,[],false,true,0,0,54797,
1431915980836,ch.unige.css.services.main.CssRegistryService,ch.unige.ping:background,10149,27135,27136666,[STARTED],false,true,0,0,27136676,
1431915980836,com.google.android.finsky.billing.iab.InAppBillingService,com.android.vending,10024,19930,28398945,[],false,true,1,1,28398955,
1431915980836,org.cyanogenmod.audiofx.HeadsetService,org.cyanogenmod.audiofx,10000,1289,67364,"[PERSISTENT,STARTED]",false,true,0,0,67374,
1431916056792,com.android.bluetooth.hid.HidService,com.android.bluetooth,1002,0,49150,[],false,true,0,0,49160,
1431916056792,com.cleanmaster.service.PermanentService,com.cleanmaster.mguard:service,10138,1271,94138,[STARTED],false,true,1,1,35085689,
1431916056792,com.google.android.music.dial.DialMediaRouteProviderService,com.google.android.music:main,10073,0,57202,[],false,true,0,0,57212,
1431916056792,ch.unige.css.services.PingService,ch.unige.ping,10149,1632,39802196,[STARTED],false,true,0,0,39802206,
1431916056792,com.google.android.search.core.service.BroadcastListenerService,com.google.android.googlequicksearchbox:search,10026,2776,75471,[STARTED],false,true,0,0,28007607,
1431916056792,com.android.systemui.keyguard.KeyguardService,com.android.systemui,10014,930,44352,[PERSISTENT],false,false,2,2,68066,
1431916056792,openiab.StoreService,cm.aptoide.pt,10148,0,54787,[],false,true,0,0,54797,
1431916056792,ch.unige.css.services.main.CssRegistryService,ch.unige.ping:background,10149,27135,27136666,[STARTED],false,true,0,0,27136676,
1431916056792,com.google.android.finsky.billing.iab.InAppBillingService,com.android.vending,10024,19930,28398945,[],false,true,1,1,28398955,
1431916056792,org.cyanogenmod.audiofx.HeadsetService,org.cyanogenmod.audiofx,10000,1289,67364,"[PERSISTENT,STARTED]",false,true,0,0,67374,
1431916116917,com.android.bluetooth.hid.HidService,com.android.bluetooth,1002,0,49150,[],false,true,0,0,49160,
1431916116917,com.cleanmaster.service.PermanentService,com.cleanmaster.mguard:service,10138,1271,94138,[STARTED],false,true,1,1,35085689,
1431916116917,com.google.android.music.dial.DialMediaRouteProviderService,com.google.android.music:main,10073,0,57202,[],false,true,0,0,57212,
1431916116917,ch.unige.css.services.PingService,ch.unige.ping,10149,1632,39862312,[STARTED],false,true,0,0,39862322,
1431916116917,com.google.android.search.core.service.BroadcastListenerService,com.google.android.googlequicksearchbox:search,10026,2776,75471,[STARTED],false,true,0,0,28007607,
1431916116917,com.android.systemui.keyguard.KeyguardService,com.android.systemui,10014,930,44352,[PERSISTENT],false,false,2,2,68066,
1431916116917,openiab.StoreService,cm.aptoide.pt,10148,0,54787,[],false,true,0,0,54797,
1431916116917,ch.unige.css.services.main.CssRegistryService,ch.unige.ping:background,10149,27135,27136666,[STARTED],false,true,0,0,27136676,
1431916116917,com.google.android.finsky.billing.iab.InAppBillingService,com.android.vending,10024,19930,28398945,[],false,true,1,1,28398955,
1431916116917,org.cyanogenmod.audiofx.HeadsetService,org.cyanogenmod.audiofx,10000,1289,67364,"[PERSISTENT,STARTED]",false,true,0,0,67374,
1431916201866,com.android.bluetooth.hid.HidService,com.android.bluetooth,1002,0,49150,[],false,true,0,0,49160,
1431916201866,com.cleanmaster.service.PermanentService,com.cleanmaster.mguard:service,10138,1271,94138,[STARTED],false,true,1,1,35085689,
1431916201866,com.google.android.music.dial.DialMediaRouteProviderService,com.google.android.music:main,10073,0,57202,[],false,true,0,0,57212,
1431916201866,ch.unige.css.services.PingService,ch.unige.ping,10149,1632,39947213,[STARTED],false,true,0,0,39947223,
1431916201866,com.google.android.search.core.service.BroadcastListenerService,com.google.android.googlequicksearchbox:search,10026,2776,75471,[STARTED],false,true,0,0,28007607,
1431916201866,com.android.systemui.keyguard.KeyguardService,com.android.systemui,10014,930,44352,[PERSISTENT],false,false,2,2,68066,
1431916201866,openiab.StoreService,cm.aptoide.pt,10148,0,54787,[],false,true,0,0,54797,
1431916201866,ch.unige.css.services.main.CssRegistryService,ch.unige.ping:background,10149,27135,27136666,[STARTED],false,true,0,0,27136676,
1431916201866,com.google.android.finsky.billing.iab.InAppBillingService,com.android.vending,10024,19930,28398945,[],false,true,1,1,28398955,
1431916201866,org.cyanogenmod.audiofx.HeadsetService,org.cyanogenmod.audiofx,10000,1289,67364,"[PERSISTENT,STARTED]",false,true,0,0,67374,
1431916280481,com.android.bluetooth.hid.HidService,com.android.bluetooth,1002,0,49150,[],false,true,0,0,49160,
1431916280481,com.cleanmaster.service.PermanentService,com.cleanmaster.mguard:service,10138,1271,94138,[STARTED],false,true,1,1,35085689,
1431916280481,com.google.android.music.dial.DialMediaRouteProviderService,com.google.android.music:main,10073,0,57202,[],false,true,0,0,57212,
1431916280481,ch.unige.css.services.PingService,ch.unige.ping,10149,1632,40025902,[STARTED],false,true,0,0,40025912,
1431916280481,com.google.android.search.core.service.BroadcastListenerService,com.google.android.googlequicksearchbox:search,10026,2776,75471,[STARTED],false,true,0,0,28007607,
1431916280481,com.android.systemui.keyguard.KeyguardService,com.android.systemui,10014,930,44352,[PERSISTENT],false,false,2,2,68066,
1431916280481,openiab.StoreService,cm.aptoide.pt,10148,0,54787,[],false,true,0,0,54797,
1431916280481,ch.unige.css.services.main.CssRegistryService,ch.unige.ping:background,10149,27135,27136666,[STARTED],false,true,0,0,27136676,
1431916280481,com.google.android.finsky.billing.iab.InAppBillingService,com.android.vending,10024,19930,28398945,[],false,true,1,1,28398955,
1431916280481,org.cyanogenmod.audiofx.HeadsetService,org.cyanogenmod.audiofx,10000,1289,67364,"[PERSISTENT,STARTED]",false,true,0,0,67374,
1431916340615,com.android.bluetooth.hid.HidService,com.android.bluetooth,1002,0,49150,[],false,true,0,0,49160,
1431916340615,com.cleanmaster.service.PermanentService,com.cleanmaster.mguard:service,10138,1271,94138,[STARTED],false,true,1,1,35085689,
1431916340615,com.google.android.music.dial.DialMediaRouteProviderService,com.google.android.music:main,10073,0,57202,[],false,true,0,0,57212,
1431916340615,ch.unige.css.services.PingService,ch.unige.ping,10149,1632,40086009,[STARTED],false,true,0,0,40086019,
1431916340615,com.google.android.search.core.service.BroadcastListenerService,com.google.android.googlequicksearchbox:search,10026,2776,75471,[STARTED],false,true,0,0,28007607,
1431916340615,com.android.systemui.keyguard.KeyguardService,com.android.systemui,10014,930,44352,[PERSISTENT],false,false,2,2,68066,
1431916340615,openiab.StoreService,cm.aptoide.pt,10148,0,54787,[],false,true,0,0,54797,
1431916340615,ch.unige.css.services.main.CssRegistryService,ch.unige.ping:background,10149,27135,27136666,[STARTED],false,true,0,0,27136676,
1431916340615,com.google.android.finsky.billing.iab.InAppBillingService,com.android.vending,10024,19930,28398945,[],false,true,1,1,28398955,
1431916340615,org.cyanogenmod.audiofx.HeadsetService,org.cyanogenmod.audiofx,10000,1289,67364,"[PERSISTENT,STARTED]",false,true,0,0,67374,
1431916400669,com.android.bluetooth.hid.HidService,com.android.bluetooth,1002,0,49150,[],false,true,0,0,49160,
1431916400669,com.cleanmaster.service.PermanentService,com.cleanmaster.mguard:service,10138,1271,94138,[STARTED],false,true,1,1,35085689,
1431916400669,com.google.android.music.dial.DialMediaRouteProviderService,com.google.android.music:main,10073,0,57202,[],false,true,0,0,57212,
1431916400669,ch.unige.css.services.PingService,ch.unige.ping,10149,1632,40146098,[STARTED],false,true,0,0,40146108,
1431916400669,com.google.android.search.core.service.BroadcastListenerService,com.google.android.googlequicksearchbox:search,10026,2776,75471,[STARTED],false,true,0,0,28007607,
1431916400669,com.android.systemui.keyguard.KeyguardService,com.android.systemui,10014,930,44352,[PERSISTENT],false,false,2,2,68066,
1431916400669,openiab.StoreService,cm.aptoide.pt,10148,0,54787,[],false,true,0,0,54797,
1431916400669,ch.unige.css.services.main.CssRegistryService,ch.unige.ping:background,10149,27135,27136666,[STARTED],false,true,0,0,27136676,
1431916400669,com.google.android.finsky.billing.iab.InAppBillingService,com.android.vending,10024,19930,28398945,[],false,true,1,1,28398955,
1431916400669,org.cyanogenmod.audiofx.HeadsetService,org.cyanogenmod.audiofx,10000,1289,67364,"[PERSISTENT,STARTED]",false,true,0,0,67374,
1431916460850,com.android.bluetooth.hid.HidService,com.android.bluetooth,1002,0,49150,[],false,true,0,0,49160,
1431916460850,com.cleanmaster.service.PermanentService,com.cleanmaster.mguard:service,10138,1271,94138,[STARTED],false,true,1,1,35085689,
1431916460850,com.google.android.music.dial.DialMediaRouteProviderService,com.google.android.music:main,10073,0,57202,[],false,true,0,0,57212,
1431916460850,ch.unige.css.services.PingService,ch.unige.ping,10149,1632,40206207,[STARTED],false,true,0,0,40206217,
1431916460850,com.google.android.search.core.service.BroadcastListenerService,com.google.android.googlequicksearchbox:search,10026,2776,75471,[STARTED],false,true,0,0,28007607,
1431916460850,com.android.systemui.keyguard.KeyguardService,com.android.systemui,10014,930,44352,[PERSISTENT],false,false,2,2,68066,
1431916460850,openiab.StoreService,cm.aptoide.pt,10148,0,54787,[],false,true,0,0,54797,
1431916460850,ch.unige.css.services.main.CssRegistryService,ch.unige.ping:background,10149,27135,27136666,[STARTED],false,true,0,0,27136676,
1431916460850,com.google.android.finsky.billing.iab.InAppBillingService,com.android.vending,10024,19930,28398945,[],false,true,1,1,28398955,
1431916460850,org.cyanogenmod.audiofx.HeadsetService,org.cyanogenmod.audiofx,10000,1289,67364,"[PERSISTENT,STARTED]",false,true,0,0,67374,
1431916521022,com.android.bluetooth.hid.HidService,com.android.bluetooth,1002,0,49150,[],false,true,0,0,49160,
1431916521022,com.cleanmaster.service.PermanentService,com.cleanmaster.mguard:service,10138,1271,94138,[STARTED],false,true,1,1,35085689,
1431916521022,com.google.android.music.dial.DialMediaRouteProviderService,com.google.android.music:main,10073,0,57202,[],false,true,0,0,57212,
1431916521022,ch.unige.css.services.PingService,ch.unige.ping,10149,1632,40266410,[STARTED],false,true,0,0,40266420,
1431916521022,com.google.android.search.core.service.BroadcastListenerService,com.google.android.googlequicksearchbox:search,10026,2776,75471,[STARTED],false,true,0,0,28007607,
1431916521022,com.android.systemui.keyguard.KeyguardService,com.android.systemui,10014,930,44352,[PERSISTENT],false,false,2,2,68066,
1431916521022,openiab.StoreService,cm.aptoide.pt,10148,0,54787,[],false,true,0,0,54797,
1431916521022,ch.unige.css.services.main.CssRegistryService,ch.unige.ping:background,10149,27135,27136666,[STARTED],false,true,0,0,27136676,
1431916521022,com.google.android.finsky.billing.iab.InAppBillingService,com.android.vending,10024,19930,28398945,[],false,true,1,1,28398955,
1431916521022,org.cyanogenmod.audiofx.HeadsetService,org.cyanogenmod.audiofx,10000,1289,67364,"[PERSISTENT,STARTED]",false,true,0,0,67374,
1431916581064,com.android.bluetooth.hid.HidService,com.android.bluetooth,1002,0,49150,[],false,true,0,0,49160,
1431916581064,com.cleanmaster.service.PermanentService,com.cleanmaster.mguard:service,10138,1271,94138,[STARTED],false,true,1,1,35085689,
1431916581064,com.google.android.music.dial.DialMediaRouteProviderService,com.google.android.music:main,10073,0,57202,[],false,true,0,0,57212,
1431916581064,ch.unige.css.services.PingService,ch.unige.ping,10149,1632,40326454,[STARTED],false,true,0,0,40326464,
1431916581064,com.google.android.search.core.service.BroadcastListenerService,com.google.android.googlequicksearchbox:search,10026,2776,75471,[STARTED],false,true,0,0,28007607,
1431916581064,com.android.systemui.keyguard.KeyguardService,com.android.systemui,10014,930,44352,[PERSISTENT],false,false,2,2,68066,
1431916581064,openiab.StoreService,cm.aptoide.pt,10148,0,54787,[],false,true,0,0,54797,
1431916581064,ch.unige.css.services.main.CssRegistryService,ch.unige.ping:background,10149,27135,27136666,[STARTED],false,true,0,0,27136676,
1431916581064,com.google.android.finsky.billing.iab.InAppBillingService,com.android.vending,10024,19930,28398945,[],false,true,1,1,28398955,
1431916581064,org.cyanogenmod.audiofx.HeadsetService,org.cyanogenmod.audiofx,10000,1289,67364,"[PERSISTENT,STARTED]",false,true,0,0,67374,
1431916641303,com.android.bluetooth.hid.HidService,com.android.bluetooth,1002,0,49150,[],false,true,0,0,49160,
1431916641303,com.cleanmaster.service.PermanentService,com.cleanmaster.mguard:service,10138,1271,94138,[STARTED],false,true,1,1,35085689,
1431916641303,com.google.android.music.dial.DialMediaRouteProviderService,com.google.android.music:main,10073,0,57202,[],false,true,0,0,57212,
1431916641303,ch.unige.css.services.PingService,ch.unige.ping,10149,1632,40386673,[STARTED],false,true,0,0,40386682,
1431916641303,com.google.android.search.core.service.BroadcastListenerService,com.google.android.googlequicksearchbox:search,10026,2776,75471,[STARTED],false,true,0,0,28007607,
1431916641303,com.android.systemui.keyguard.KeyguardService,com.android.systemui,10014,930,44352,[PERSISTENT],false,false,2,2,68066,
1431916641303,openiab.StoreService,cm.aptoide.pt,10148,0,54787,[],false,true,0,0,54797,
1431916641303,ch.unige.css.services.main.CssRegistryService,ch.unige.ping:background,10149,27135,27136666,[STARTED],false,true,0,0,27136676,
1431916641303,com.google.android.finsky.billing.iab.InAppBillingService,com.android.vending,10024,19930,28398945,[],false,true,1,1,28398955,
1431916641303,org.cyanogenmod.audiofx.HeadsetService,org.cyanogenmod.audiofx,10000,1289,67364,"[PERSISTENT,STARTED]",false,true,0,0,67374,
1431916701336,com.android.bluetooth.hid.HidService,com.android.bluetooth,1002,0,49150,[],false,true,0,0,49160,
1431916701336,com.cleanmaster.service.PermanentService,com.cleanmaster.mguard:service,10138,1271,94138,[STARTED],false,true,1,1,35085689,
1431916701336,com.google.android.music.dial.DialMediaRouteProviderService,com.google.android.music:main,10073,0,57202,[],false,true,0,0,57212,
1431916701336,ch.unige.css.services.PingService,ch.unige.ping,10149,1632,40446734,[STARTED],false,true,0,0,40446744,
1431916701336,com.google.android.search.core.service.BroadcastListenerService,com.google.android.googlequicksearchbox:search,10026,2776,75471,[STARTED],false,true,0,0,28007607,
1431916701336,com.android.systemui.keyguard.KeyguardService,com.android.systemui,10014,930,44352,[PERSISTENT],false,false,2,2,68066,
1431916701336,openiab.StoreService,cm.aptoide.pt,10148,0,54787,[],false,true,0,0,54797,
1431916701336,ch.unige.css.services.main.CssRegistryService,ch.unige.ping:background,10149,27135,27136666,[STARTED],false,true,0,0,27136676,
1431916701336,com.google.android.finsky.billing.iab.InAppBillingService,com.android.vending,10024,19930,28398945,[],false,true,1,1,28398955,
1431916701336,org.cyanogenmod.audiofx.HeadsetService,org.cyanogenmod.audiofx,10000,1289,67364,"[PERSISTENT,STARTED]",false,true,0,0,67374,
1431916761382,com.android.bluetooth.hid.HidService,com.android.bluetooth,1002,0,49150,[],false,true,0,0,49160,
1431916761382,com.cleanmaster.service.PermanentService,com.cleanmaster.mguard:service,10138,1271,94138,[STARTED],false,true,1,1,35085689,
1431916761382,com.google.android.music.dial.DialMediaRouteProviderService,com.google.android.music:main,10073,0,57202,[],false,true,0,0,57212,
1431916761382,ch.unige.css.services.PingService,ch.unige.ping,10149,1632,40506796,[STARTED],false,true,0,0,40506806,
1431916761382,com.google.android.search.core.service.BroadcastListenerService,com.google.android.googlequicksearchbox:search,10026,2776,75471,[STARTED],false,true,0,0,28007607,
1431916761382,com.android.systemui.keyguard.KeyguardService,com.android.systemui,10014,930,44352,[PERSISTENT],false,false,2,2,68066,
1431916761382,openiab.StoreService,cm.aptoide.pt,10148,0,54787,[],false,true,0,0,54797,
1431916761382,ch.unige.css.services.main.CssRegistryService,ch.unige.ping:background,10149,27135,27136666,[STARTED],false,true,0,0,27136676,
1431916761382,com.google.android.finsky.billing.iab.InAppBillingService,com.android.vending,10024,19930,28398945,[],false,true,1,1,28398955,
1431916761382,org.cyanogenmod.audiofx.HeadsetService,org.cyanogenmod.audiofx,10000,1289,67364,"[PERSISTENT,STARTED]",false,true,0,0,67374,
1431916821471,com.android.bluetooth.hid.HidService,com.android.bluetooth,1002,0,49150,[],false,true,0,0,49160,
1431916821471,com.cleanmaster.service.PermanentService,com.cleanmaster.mguard:service,10138,1271,94138,[STARTED],false,true,1,1,35085689,
1431916821471,com.google.android.music.dial.DialMediaRouteProviderService,com.google.android.music:main,10073,0,57202,[],false,true,0,0,57212,
1431916821471,ch.unige.css.services.PingService,ch.unige.ping,10149,1632,40566861,[STARTED],false,true,0,0,40566871,
1431916821471,com.google.android.search.core.service.BroadcastListenerService,com.google.android.googlequicksearchbox:search,10026,2776,75471,[STARTED],false,true,0,0,28007607,
1431916821471,com.android.systemui.keyguard.KeyguardService,com.android.systemui,10014,930,44352,[PERSISTENT],false,false,2,2,68066,
1431916821471,openiab.StoreService,cm.aptoide.pt,10148,0,54787,[],false,true,0,0,54797,
1431916821471,ch.unige.css.services.main.CssRegistryService,ch.unige.ping:background,10149,27135,27136666,[STARTED],false,true,0,0,27136676,
1431916821471,com.google.android.finsky.billing.iab.InAppBillingService,com.android.vending,10024,19930,28398945,[],false,true,1,1,28398955,
1431916821471,org.cyanogenmod.audiofx.HeadsetService,org.cyanogenmod.audiofx,10000,1289,67364,"[PERSISTENT,STARTED]",false,true,0,0,67374,
1431916881561,com.android.bluetooth.hid.HidService,com.android.bluetooth,1002,0,49150,[],false,true,0,0,49160,
1431916881561,com.cleanmaster.service.PermanentService,com.cleanmaster.mguard:service,10138,1271,94138,[STARTED],false,true,1,1,35085689,
1431916881561,com.google.android.music.dial.DialMediaRouteProviderService,com.google.android.music:main,10073,0,57202,[],false,true,0,0,57212,
1431916881561,ch.unige.css.services.PingService,ch.unige.ping,10149,1632,40626952,[STARTED],false,true,0,0,40626961,
1431916881561,com.google.android.search.core.service.BroadcastListenerService,com.google.android.googlequicksearchbox:search,10026,2776,75471,[STARTED],false,true,0,0,28007607,
1431916881561,com.android.systemui.keyguard.KeyguardService,com.android.systemui,10014,930,44352,[PERSISTENT],false,false,2,2,68066,
1431916881561,openiab.StoreService,cm.aptoide.pt,10148,0,54787,[],false,true,0,0,54797,
1431916881561,ch.unige.css.services.main.CssRegistryService,ch.unige.ping:background,10149,27135,27136666,[STARTED],false,true,0,0,27136676,
1431916881561,com.google.android.finsky.billing.iab.InAppBillingService,com.android.vending,10024,19930,28398945,[],false,true,1,1,28398955,
1431916881561,org.cyanogenmod.audiofx.HeadsetService,org.cyanogenmod.audiofx,10000,1289,67364,"[PERSISTENT,STARTED]",false,true,0,0,67374,
1431916941646,com.android.bluetooth.hid.HidService,com.android.bluetooth,1002,0,49150,[],false,true,0,0,49160,
1431916941646,com.cleanmaster.service.PermanentService,com.cleanmaster.mguard:service,10138,1271,94138,[STARTED],false,true,1,1,35085689,
1431916941646,com.google.android.music.dial.DialMediaRouteProviderService,com.google.android.music:main,10073,0,57202,[],false,true,0,0,57212,
1431916941646,ch.unige.css.services.PingService,ch.unige.ping,10149,1632,40687059,[STARTED],false,true,0,0,40687069,
1431916941646,com.google.android.search.core.service.BroadcastListenerService,com.google.android.googlequicksearchbox:search,10026,2776,75471,[STARTED],false,true,0,0,28007607,
1431916941646,com.android.systemui.keyguard.KeyguardService,com.android.systemui,10014,930,44352,[PERSISTENT],false,false,2,2,68066,
1431916941646,openiab.StoreService,cm.aptoide.pt,10148,0,54787,[],false,true,0,0,54797,
1431916941646,ch.unige.css.services.main.CssRegistryService,ch.unige.ping:background,10149,27135,27136666,[STARTED],false,true,0,0,27136676,
1431916941646,com.google.android.finsky.billing.iab.InAppBillingService,com.android.vending,10024,19930,28398945,[],false,true,1,1,28398955,
1431916941646,org.cyanogenmod.audiofx.HeadsetService,org.cyanogenmod.audiofx,10000,1289,67364,"[PERSISTENT,STARTED]",false,true,0,0,67374,
1431917001900,com.android.bluetooth.hid.HidService,com.android.bluetooth,1002,0,49150,[],false,true,0,0,49160,
1431917001900,com.cleanmaster.service.PermanentService,com.cleanmaster.mguard:service,10138,1271,94138,[STARTED],false,true,1,1,35085689,
1431917001900,com.google.android.music.dial.DialMediaRouteProviderService,com.google.android.music:main,10073,0,57202,[],false,true,0,0,57212,
1431917001900,ch.unige.css.services.PingService,ch.unige.ping,10149,1632,40747172,[STARTED],false,true,0,0,40747182,
1431917001900,com.google.android.search.core.service.BroadcastListenerService,com.google.android.googlequicksearchbox:search,10026,2776,75471,[STARTED],false,true,0,0,28007607,
1431917001900,com.android.systemui.keyguard.KeyguardService,com.android.systemui,10014,930,44352,[PERSISTENT],false,false,2,2,68066,
1431917001900,openiab.StoreService,cm.aptoide.pt,10148,0,54787,[],false,true,0,0,54797,
1431917001900,ch.unige.css.services.main.CssRegistryService,ch.unige.ping:background,10149,27135,27136666,[STARTED],false,true,0,0,27136676,
1431917001900,com.google.android.finsky.billing.iab.InAppBillingService,com.android.vending,10024,19930,28398945,[],false,true,1,1,28398955,
1431917001900,org.cyanogenmod.audiofx.HeadsetService,org.cyanogenmod.audiofx,10000,1289,67364,"[PERSISTENT,STARTED]",false,true,0,0,67374,
1431917061880,com.android.bluetooth.hid.HidService,com.android.bluetooth,1002,0,49150,[],false,true,0,0,49160,
1431917061880,com.cleanmaster.service.PermanentService,com.cleanmaster.mguard:service,10138,1271,94138,[STARTED],false,true,1,1,35085689,
1431917061880,com.google.android.music.dial.DialMediaRouteProviderService,com.google.android.music:main,10073,0,57202,[],false,true,0,0,57212,
1431917061880,ch.unige.css.services.PingService,ch.unige.ping,10149,1632,40807292,[STARTED],false,true,0,0,40807302,
1431917061880,com.google.android.search.core.service.BroadcastListenerService,com.google.android.googlequicksearchbox:search,10026,2776,75471,[STARTED],false,true,0,0,28007607,
1431917061880,com.android.systemui.keyguard.KeyguardService,com.android.systemui,10014,930,44352,[PERSISTENT],false,false,2,2,68066,
1431917061880,openiab.StoreService,cm.aptoide.pt,10148,0,54787,[],false,true,0,0,54797,
1431917061880,ch.unige.css.services.main.CssRegistryService,ch.unige.ping:background,10149,27135,27136666,[STARTED],false,true,0,0,27136676,
1431917061880,com.google.android.finsky.billing.iab.InAppBillingService,com.android.vending,10024,19930,28398945,[],false,true,1,1,28398955,
1431917061880,org.cyanogenmod.audiofx.HeadsetService,org.cyanogenmod.audiofx,10000,1289,67364,"[PERSISTENT,STARTED]",false,true,0,0,67374,
1431917121990,com.android.bluetooth.hid.HidService,com.android.bluetooth,1002,0,49150,[],false,true,0,0,49160,
1431917121990,com.cleanmaster.service.PermanentService,com.cleanmaster.mguard:service,10138,1271,94138,[STARTED],false,true,1,1,35085689,
1431917121990,com.google.android.music.dial.DialMediaRouteProviderService,com.google.android.music:main,10073,0,57202,[],false,true,0,0,57212,
1431917121990,ch.unige.css.services.PingService,ch.unige.ping,10149,1632,40867397,[STARTED],false,true,0,0,40867407,
1431917121990,com.google.android.search.core.service.BroadcastListenerService,com.google.android.googlequicksearchbox:search,10026,2776,75471,[STARTED],false,true,0,0,28007607,
1431917121990,com.android.systemui.keyguard.KeyguardService,com.android.systemui,10014,930,44352,[PERSISTENT],false,false,2,2,68066,
1431917121990,openiab.StoreService,cm.aptoide.pt,10148,0,54787,[],false,true,0,0,54797,
1431917121990,ch.unige.css.services.main.CssRegistryService,ch.unige.ping:background,10149,27135,27136666,[STARTED],false,true,0,0,27136676,
1431917121990,com.google.android.finsky.billing.iab.InAppBillingService,com.android.vending,10024,19930,28398945,[],false,true,1,1,28398955,
1431917121990,org.cyanogenmod.audiofx.HeadsetService,org.cyanogenmod.audiofx,10000,1289,67364,"[PERSISTENT,STARTED]",false,true,0,0,67374,
1431917182037,com.android.bluetooth.hid.HidService,com.android.bluetooth,1002,0,49150,[],false,true,0,0,49160,
1431917182037,com.cleanmaster.service.PermanentService,com.cleanmaster.mguard:service,10138,1271,94138,[STARTED],false,true,1,1,35085689,
1431917182037,com.google.android.music.dial.DialMediaRouteProviderService,com.google.android.music:main,10073,0,57202,[],false,true,0,0,57212,
1431917182037,ch.unige.css.services.PingService,ch.unige.ping,10149,1632,40927449,[STARTED],false,true,0,0,40927459,
1431917182037,com.google.android.search.core.service.BroadcastListenerService,com.google.android.googlequicksearchbox:search,10026,2776,75471,[STARTED],false,true,0,0,28007607,
1431917182037,com.android.systemui.keyguard.KeyguardService,com.android.systemui,10014,930,44352,[PERSISTENT],false,false,2,2,68066,
1431917182037,openiab.StoreService,cm.aptoide.pt,10148,0,54787,[],false,true,0,0,54797,
1431917182037,ch.unige.css.services.main.CssRegistryService,ch.unige.ping:background,10149,27135,27136666,[STARTED],false,true,0,0,27136676,
1431917182037,com.google.android.finsky.billing.iab.InAppBillingService,com.android.vending,10024,19930,28398945,[],false,true,1,1,28398955,
1431917182037,org.cyanogenmod.audiofx.HeadsetService,org.cyanogenmod.audiofx,10000,1289,67364,"[PERSISTENT,STARTED]",false,true,0,0,67374,
1431917242177,com.android.bluetooth.hid.HidService,com.android.bluetooth,1002,0,49150,[],false,true,0,0,49160,
1431917242177,com.cleanmaster.service.PermanentService,com.cleanmaster.mguard:service,10138,1271,94138,[STARTED],false,true,1,1,35085689,
1431917242177,com.google.android.music.dial.DialMediaRouteProviderService,com.google.android.music:main,10073,0,57202,[],false,true,0,0,57212,
1431917242177,ch.unige.css.services.PingService,ch.unige.ping,10149,1632,40987559,[STARTED],false,true,0,0,40987569,
1431917242177,com.google.android.search.core.service.BroadcastListenerService,com.google.android.googlequicksearchbox:search,10026,2776,75471,[STARTED],false,true,0,0,28007607,
1431917242177,com.android.systemui.keyguard.KeyguardService,com.android.systemui,10014,930,44352,[PERSISTENT],false,false,2,2,68066,
1431917242177,openiab.StoreService,cm.aptoide.pt,10148,0,54787,[],false,true,0,0,54797,
1431917242177,ch.unige.css.services.main.CssRegistryService,ch.unige.ping:background,10149,27135,27136666,[STARTED],false,true,0,0,27136676,
1431917242177,com.google.android.finsky.billing.iab.InAppBillingService,com.android.vending,10024,19930,28398945,[],false,true,1,1,28398955,
1431917242177,org.cyanogenmod.audiofx.HeadsetService,org.cyanogenmod.audiofx,10000,1289,67364,"[PERSISTENT,STARTED]",false,true,0,0,67374,
1431917302313,com.android.bluetooth.hid.HidService,com.android.bluetooth,1002,0,49150,[],false,true,0,0,49160,
1431917302313,com.cleanmaster.service.PermanentService,com.cleanmaster.mguard:service,10138,1271,94138,[STARTED],false,true,1,1,35085689,
1431917302313,com.google.android.music.dial.DialMediaRouteProviderService,com.google.android.music:main,10073,0,57202,[],false,true,0,0,57212,
1431917302313,ch.unige.css.services.PingService,ch.unige.ping,10149,1632,41047709,[STARTED],false,true,0,0,41047719,
1431917302313,com.google.android.search.core.service.BroadcastListenerService,com.google.android.googlequicksearchbox:search,10026,2776,75471,[STARTED],false,true,0,0,28007607,
1431917302313,com.android.systemui.keyguard.KeyguardService,com.android.systemui,10014,930,44352,[PERSISTENT],false,false,2,2,68066,
1431917302313,openiab.StoreService,cm.aptoide.pt,10148,0,54787,[],false,true,0,0,54797,
1431917302313,ch.unige.css.services.main.CssRegistryService,ch.unige.ping:background,10149,27135,27136666,[STARTED],false,true,0,0,27136676,
1431917302313,com.google.android.finsky.billing.iab.InAppBillingService,com.android.vending,10024,19930,28398945,[],false,true,1,1,28398955,
1431917302313,org.cyanogenmod.audiofx.HeadsetService,org.cyanogenmod.audiofx,10000,1289,67364,"[PERSISTENT,STARTED]",false,true,0,0,67374,
1431917362494,com.android.bluetooth.hid.HidService,com.android.bluetooth,1002,0,49150,[],false,true,0,0,49160,
1431917362494,com.cleanmaster.service.PermanentService,com.cleanmaster.mguard:service,10138,1271,94138,[STARTED],false,true,1,1,35085689,
1431917362494,com.google.android.music.dial.DialMediaRouteProviderService,com.google.android.music:main,10073,0,57202,[],false,true,0,0,57212,
1431917362494,ch.unige.css.services.PingService,ch.unige.ping,10149,1632,41107870,[STARTED],false,true,0,0,41107880,
1431917362494,com.google.android.search.core.service.BroadcastListenerService,com.google.android.googlequicksearchbox:search,10026,2776,75471,[STARTED],false,true,0,0,28007607,
1431917362494,com.android.systemui.keyguard.KeyguardService,com.android.systemui,10014,930,44352,[PERSISTENT],false,false,2,2,68066,
1431917362494,openiab.StoreService,cm.aptoide.pt,10148,0,54787,[],false,true,0,0,54797,
1431917362494,ch.unige.css.services.main.CssRegistryService,ch.unige.ping:background,10149,27135,27136666,[STARTED],false,true,0,0,27136676,
1431917362494,com.google.android.finsky.billing.iab.InAppBillingService,com.android.vending,10024,19930,28398945,[],false,true,1,1,28398955,
1431917362494,org.cyanogenmod.audiofx.HeadsetService,org.cyanogenmod.audiofx,10000,1289,67364,"[PERSISTENT,STARTED]",false,true,0,0,67374,
1431917458002,com.android.bluetooth.hid.HidService,com.android.bluetooth,1002,0,49150,[],false,true,0,0,49160,
1431917458002,com.cleanmaster.service.PermanentService,com.cleanmaster.mguard:service,10138,1271,94138,[STARTED],false,true,1,1,35085689,
1431917458002,com.google.android.music.dial.DialMediaRouteProviderService,com.google.android.music:main,10073,0,57202,[],false,true,0,0,57212,
1431917458002,ch.unige.css.services.PingService,ch.unige.ping,10149,1632,41203377,[STARTED],false,true,0,0,41203387,
1431917458002,com.google.android.search.core.service.BroadcastListenerService,com.google.android.googlequicksearchbox:search,10026,2776,75471,[STARTED],false,true,0,0,28007607,
1431917458002,com.android.systemui.keyguard.KeyguardService,com.android.systemui,10014,930,44352,[PERSISTENT],false,false,2,2,68066,
1431917458002,openiab.StoreService,cm.aptoide.pt,10148,0,54787,[],false,true,0,0,54797,
1431917458002,ch.unige.css.services.main.CssRegistryService,ch.unige.ping:background,10149,27135,27136666,[STARTED],false,true,0,0,27136676,
1431917458002,com.google.android.finsky.billing.iab.InAppBillingService,com.android.vending,10024,19930,28398945,[],false,true,1,1,28398955,
1431917458002,org.cyanogenmod.audiofx.HeadsetService,org.cyanogenmod.audiofx,10000,1289,67364,"[PERSISTENT,STARTED]",false,true,0,0,67374,
1431917518163,com.android.bluetooth.hid.HidService,com.android.bluetooth,1002,0,49150,[],false,true,0,0,49160,
1431917518163,com.cleanmaster.service.PermanentService,com.cleanmaster.mguard:service,10138,1271,94138,[STARTED],false,true,1,1,35085689,
1431917518163,com.google.android.music.dial.DialMediaRouteProviderService,com.google.android.music:main,10073,0,57202,[],false,true,0,0,57212,
1431917518163,ch.unige.css.services.PingService,ch.unige.ping,10149,1632,41263509,[STARTED],false,true,0,0,41263519,
1431917518163,com.google.android.search.core.service.BroadcastListenerService,com.google.android.googlequicksearchbox:search,10026,2776,75471,[STARTED],false,true,0,0,28007607,
1431917518163,com.android.systemui.keyguard.KeyguardService,com.android.systemui,10014,930,44352,[PERSISTENT],false,false,2,2,68066,
1431917518163,openiab.StoreService,cm.aptoide.pt,10148,0,54787,[],false,true,0,0,54797,
1431917518163,ch.unige.css.services.main.CssRegistryService,ch.unige.ping:background,10149,27135,27136666,[STARTED],false,true,0,0,27136676,
1431917518163,com.google.android.finsky.billing.iab.InAppBillingService,com.android.vending,10024,19930,28398945,[],false,true,1,1,28398955,
1431917518163,org.cyanogenmod.audiofx.HeadsetService,org.cyanogenmod.audiofx,10000,1289,67364,"[PERSISTENT,STARTED]",false,true,0,0,67374,
1431917600800,com.android.bluetooth.hid.HidService,com.android.bluetooth,1002,0,49150,[],false,true,0,0,49160,
1431917600800,com.cleanmaster.service.PermanentService,com.cleanmaster.mguard:service,10138,1271,94138,[STARTED],false,true,1,1,35085689,
1431917600800,com.google.android.music.dial.DialMediaRouteProviderService,com.google.android.music:main,10073,0,57202,[],false,true,0,0,57212,
1431917600800,ch.unige.css.services.PingService,ch.unige.ping,10149,1632,41346198,[STARTED],false,true,0,0,41346208,
1431917600800,com.google.android.search.core.service.BroadcastListenerService,com.google.android.googlequicksearchbox:search,10026,2776,75471,[STARTED],false,true,0,0,28007607,
1431917600800,com.android.systemui.keyguard.KeyguardService,com.android.systemui,10014,930,44352,[PERSISTENT],false,false,2,2,68066,
1431917600800,openiab.StoreService,cm.aptoide.pt,10148,0,54787,[],false,true,0,0,54797,
1431917600800,ch.unige.css.services.main.CssRegistryService,ch.unige.ping:background,10149,27135,27136666,[STARTED],false,true,0,0,27136676,
1431917600800,com.google.android.finsky.billing.iab.InAppBillingService,com.android.vending,10024,19930,28398945,[],false,true,1,1,28398955,
1431917600800,org.cyanogenmod.audiofx.HeadsetService,org.cyanogenmod.audiofx,10000,1289,67364,"[PERSISTENT,STARTED]",false,true,0,0,67374,
1431917661430,com.android.bluetooth.hid.HidService,com.android.bluetooth,1002,0,49150,[],false,true,0,0,49160,
1431917661430,com.cleanmaster.service.PermanentService,com.cleanmaster.mguard:service,10138,1271,94138,[STARTED],false,true,1,1,35085689,
1431917661430,com.google.android.music.dial.DialMediaRouteProviderService,com.google.android.music:main,10073,0,57202,[],false,true,0,0,57212,
1431917661430,ch.unige.css.services.PingService,ch.unige.ping,10149,1632,41406848,[STARTED],false,true,0,0,41406858,
1431917661430,com.google.android.search.core.service.BroadcastListenerService,com.google.android.googlequicksearchbox:search,10026,2776,75471,[STARTED],false,true,0,0,28007607,
1431917661430,com.android.systemui.keyguard.KeyguardService,com.android.systemui,10014,930,44352,[PERSISTENT],false,false,2,2,68066,
1431917661430,openiab.StoreService,cm.aptoide.pt,10148,0,54787,[],false,true,0,0,54797,
1431917661430,ch.unige.css.services.main.CssRegistryService,ch.unige.ping:background,10149,27135,27136666,[STARTED],false,true,0,0,27136676,
1431917661430,com.google.android.finsky.billing.iab.InAppBillingService,com.android.vending,10024,19930,28398945,[],false,true,1,1,28398955,
1431917661430,org.cyanogenmod.audiofx.HeadsetService,org.cyanogenmod.audiofx,10000,1289,67364,"[PERSISTENT,STARTED]",false,true,0,0,67374,
1431917721547,com.android.bluetooth.hid.HidService,com.android.bluetooth,1002,0,49150,[],false,true,0,0,49160,
1431917721547,com.cleanmaster.service.PermanentService,com.cleanmaster.mguard:service,10138,1271,94138,[STARTED],false,true,1,1,35085689,
1431917721547,com.google.android.music.dial.DialMediaRouteProviderService,com.google.android.music:main,10073,0,57202,[],false,true,0,0,57212,
1431917721547,ch.unige.css.services.PingService,ch.unige.ping,10149,1632,41466944,[STARTED],false,true,0,0,41466954,
1431917721547,com.google.android.search.core.service.BroadcastListenerService,com.google.android.googlequicksearchbox:search,10026,2776,75471,[STARTED],false,true,0,0,28007607,
1431917721547,com.android.systemui.keyguard.KeyguardService,com.android.systemui,10014,930,44352,[PERSISTENT],false,false,2,2,68066,
1431917721547,openiab.StoreService,cm.aptoide.pt,10148,0,54787,[],false,true,0,0,54797,
1431917721547,ch.unige.css.services.main.CssRegistryService,ch.unige.ping:background,10149,27135,27136666,[STARTED],false,true,0,0,27136676,
1431917721547,com.google.android.finsky.billing.iab.InAppBillingService,com.android.vending,10024,19930,28398945,[],false,true,1,1,28398955,
1431917721547,org.cyanogenmod.audiofx.HeadsetService,org.cyanogenmod.audiofx,10000,1289,67364,"[PERSISTENT,STARTED]",false,true,0,0,67374,
1431917781696,com.android.bluetooth.hid.HidService,com.android.bluetooth,1002,0,49150,[],false,true,0,0,49160,
1431917781696,com.cleanmaster.service.PermanentService,com.cleanmaster.mguard:service,10138,1271,94138,[STARTED],false,true,1,1,35085689,
1431917781696,com.google.android.music.dial.DialMediaRouteProviderService,com.google.android.music:main,10073,0,57202,[],false,true,0,0,57212,
1431917781696,ch.unige.css.services.PingService,ch.unige.ping,10149,1632,41526995,[STARTED],false,true,0,0,41527005,
1431917781696,com.google.android.search.core.service.BroadcastListenerService,com.google.android.googlequicksearchbox:search,10026,2776,75471,[STARTED],false,true,0,0,28007607,
1431917781696,com.android.systemui.keyguard.KeyguardService,com.android.systemui,10014,930,44352,[PERSISTENT],false,false,2,2,68066,
1431917781696,openiab.StoreService,cm.aptoide.pt,10148,0,54787,[],false,true,0,0,54797,
1431917781696,ch.unige.css.services.main.CssRegistryService,ch.unige.ping:background,10149,27135,27136666,[STARTED],false,true,0,0,27136676,
1431917781696,com.google.android.finsky.billing.iab.InAppBillingService,com.android.vending,10024,19930,28398945,[],false,true,1,1,28398955,
1431917781696,org.cyanogenmod.audiofx.HeadsetService,org.cyanogenmod.audiofx,10000,1289,67364,"[PERSISTENT,STARTED]",false,true,0,0,67374,
1431917858330,com.android.bluetooth.hid.HidService,com.android.bluetooth,1002,0,49150,[],false,true,0,0,49160,
1431917858330,com.cleanmaster.service.PermanentService,com.cleanmaster.mguard:service,10138,1271,94138,[STARTED],false,true,1,1,35085689,
1431917858330,com.google.android.music.dial.DialMediaRouteProviderService,com.google.android.music:main,10073,0,57202,[],false,true,0,0,57212,
1431917858330,ch.unige.css.services.PingService,ch.unige.ping,10149,1632,41603742,[STARTED],false,true,0,0,41603752,
1431917858330,com.google.android.search.core.service.BroadcastListenerService,com.google.android.googlequicksearchbox:search,10026,2776,75471,[STARTED],false,true,0,0,28007607,
1431917858330,com.android.systemui.keyguard.KeyguardService,com.android.systemui,10014,930,44352,[PERSISTENT],false,false,2,2,68066,
1431917858330,openiab.StoreService,cm.aptoide.pt,10148,0,54787,[],false,true,0,0,54797,
1431917858330,ch.unige.css.services.main.CssRegistryService,ch.unige.ping:background,10149,27135,27136666,[STARTED],false,true,0,0,27136676,
1431917858330,com.google.android.finsky.billing.iab.InAppBillingService,com.android.vending,10024,19930,28398945,[],false,true,1,1,28398955,
1431917858330,org.cyanogenmod.audiofx.HeadsetService,org.cyanogenmod.audiofx,10000,1289,67364,"[PERSISTENT,STARTED]",false,true,0,0,67374,
1431917918476,com.android.bluetooth.hid.HidService,com.android.bluetooth,1002,0,49150,[],false,true,0,0,49160,
1431917918476,com.cleanmaster.service.PermanentService,com.cleanmaster.mguard:service,10138,1271,94138,[STARTED],false,true,1,1,35085689,
1431917918476,com.google.android.music.dial.DialMediaRouteProviderService,com.google.android.music:main,10073,0,57202,[],false,true,0,0,57212,
1431917918476,ch.unige.css.services.PingService,ch.unige.ping,10149,1632,41663865,[STARTED],false,true,0,0,41663875,
1431917918476,com.google.android.search.core.service.BroadcastListenerService,com.google.android.googlequicksearchbox:search,10026,2776,75471,[STARTED],false,true,0,0,28007607,
1431917918476,com.android.systemui.keyguard.KeyguardService,com.android.systemui,10014,930,44352,[PERSISTENT],false,false,2,2,68066,
1431917918476,openiab.StoreService,cm.aptoide.pt,10148,0,54787,[],false,true,0,0,54797,
1431917918476,ch.unige.css.services.main.CssRegistryService,ch.unige.ping:background,10149,27135,27136666,[STARTED],false,true,0,0,27136676,
1431917918476,com.google.android.finsky.billing.iab.InAppBillingService,com.android.vending,10024,19930,28398945,[],false,true,1,1,28398955,
1431917918476,org.cyanogenmod.audiofx.HeadsetService,org.cyanogenmod.audiofx,10000,1289,67364,"[PERSISTENT,STARTED]",false,true,0,0,67374,
1431917978580,com.android.bluetooth.hid.HidService,com.android.bluetooth,1002,0,49150,[],false,true,0,0,49160,
1431917978580,com.cleanmaster.service.PermanentService,com.cleanmaster.mguard:service,10138,1271,94138,[STARTED],false,true,1,1,35085689,
1431917978580,com.google.android.music.dial.DialMediaRouteProviderService,com.google.android.music:main,10073,0,57202,[],false,true,0,0,57212,
1431917978580,ch.unige.css.services.PingService,ch.unige.ping,10149,1632,41723959,[STARTED],false,true,0,0,41723969,
1431917978580,com.google.android.search.core.service.BroadcastListenerService,com.google.android.googlequicksearchbox:search,10026,2776,75471,[STARTED],false,true,0,0,28007607,
1431917978580,com.android.systemui.keyguard.KeyguardService,com.android.systemui,10014,930,44352,[PERSISTENT],false,false,2,2,68066,
1431917978580,openiab.StoreService,cm.aptoide.pt,10148,0,54787,[],false,true,0,0,54797,
1431917978580,ch.unige.css.services.main.CssRegistryService,ch.unige.ping:background,10149,27135,27136666,[STARTED],false,true,0,0,27136676,
1431917978580,com.google.android.finsky.billing.iab.InAppBillingService,com.android.vending,10024,19930,28398945,[],false,true,1,1,28398955,
1431917978580,org.cyanogenmod.audiofx.HeadsetService,org.cyanogenmod.audiofx,10000,1289,67364,"[PERSISTENT,STARTED]",false,true,0,0,67374,
1431918038702,com.android.bluetooth.hid.HidService,com.android.bluetooth,1002,0,49150,[],false,true,0,0,49160,
1431918038702,com.cleanmaster.service.PermanentService,com.cleanmaster.mguard:service,10138,1271,94138,[STARTED],false,true,1,1,35085689,
1431918038702,com.google.android.music.dial.DialMediaRouteProviderService,com.google.android.music:main,10073,0,57202,[],false,true,0,0,57212,
1431918038702,ch.unige.css.services.PingService,ch.unige.ping,10149,1632,41784099,[STARTED],false,true,0,0,41784109,
1431918038702,com.google.android.search.core.service.BroadcastListenerService,com.google.android.googlequicksearchbox:search,10026,2776,75471,[STARTED],false,true,0,0,28007607,
1431918038702,com.android.systemui.keyguard.KeyguardService,com.android.systemui,10014,930,44352,[PERSISTENT],false,false,2,2,68066,
1431918038702,openiab.StoreService,cm.aptoide.pt,10148,0,54787,[],false,true,0,0,54797,
1431918038702,ch.unige.css.services.main.CssRegistryService,ch.unige.ping:background,10149,27135,27136666,[STARTED],false,true,0,0,27136676,
1431918038702,com.google.android.finsky.billing.iab.InAppBillingService,com.android.vending,10024,19930,28398945,[],false,true,1,1,28398955,
1431918038702,org.cyanogenmod.audiofx.HeadsetService,org.cyanogenmod.audiofx,10000,1289,67364,"[PERSISTENT,STARTED]",false,true,0,0,67374,
1431918098965,com.android.bluetooth.hid.HidService,com.android.bluetooth,1002,0,49150,[],false,true,0,0,49160,
1431918098965,com.cleanmaster.service.PermanentService,com.cleanmaster.mguard:service,10138,1271,94138,[STARTED],false,true,1,1,35085689,
1431918098965,com.google.android.music.dial.DialMediaRouteProviderService,com.google.android.music:main,10073,0,57202,[],false,true,0,0,57212,
1431918098965,ch.unige.css.services.PingService,ch.unige.ping,10149,1632,41844348,[STARTED],false,true,0,0,41844358,
1431918098965,com.google.android.search.core.service.BroadcastListenerService,com.google.android.googlequicksearchbox:search,10026,2776,75471,[STARTED],false,true,0,0,28007607,
1431918098965,com.android.systemui.keyguard.KeyguardService,com.android.systemui,10014,930,44352,[PERSISTENT],false,false,2,2,68066,
1431918098965,openiab.StoreService,cm.aptoide.pt,10148,0,54787,[],false,true,0,0,54797,
1431918098965,ch.unige.css.services.main.CssRegistryService,ch.unige.ping:background,10149,27135,27136666,[STARTED],false,true,0,0,27136676,
1431918098965,com.google.android.finsky.billing.iab.InAppBillingService,com.android.vending,10024,19930,28398945,[],false,true,1,1,28398955,
1431918098965,org.cyanogenmod.audiofx.HeadsetService,org.cyanogenmod.audiofx,10000,1289,67364,"[PERSISTENT,STARTED]",false,true,0,0,67374,
1431918159065,com.android.bluetooth.hid.HidService,com.android.bluetooth,1002,0,49150,[],false,true,0,0,49160,
1431918159065,com.cleanmaster.service.PermanentService,com.cleanmaster.mguard:service,10138,1271,94138,[STARTED],false,true,1,1,35085689,
1431918159065,com.google.android.music.dial.DialMediaRouteProviderService,com.google.android.music:main,10073,0,57202,[],false,true,0,0,57212,
1431918159065,ch.unige.css.services.PingService,ch.unige.ping,10149,1632,41904450,[STARTED],false,true,0,0,41904460,
1431918159065,com.google.android.search.core.service.BroadcastListenerService,com.google.android.googlequicksearchbox:search,10026,2776,75471,[STARTED],false,true,0,0,28007607,
1431918159065,com.android.systemui.keyguard.KeyguardService,com.android.systemui,10014,930,44352,[PERSISTENT],false,false,2,2,68066,
1431918159065,openiab.StoreService,cm.aptoide.pt,10148,0,54787,[],false,true,0,0,54797,
1431918159065,ch.unige.css.services.main.CssRegistryService,ch.unige.ping:background,10149,27135,27136666,[STARTED],false,true,0,0,27136676,
1431918159065,com.google.android.finsky.billing.iab.InAppBillingService,com.android.vending,10024,19930,28398945,[],false,true,1,1,28398955,
1431918159065,org.cyanogenmod.audiofx.HeadsetService,org.cyanogenmod.audiofx,10000,1289,67364,"[PERSISTENT,STARTED]",false,true,0,0,67374,
1431918219147,com.android.bluetooth.hid.HidService,com.android.bluetooth,1002,0,49150,[],false,true,0,0,49160,
1431918219147,com.cleanmaster.service.PermanentService,com.cleanmaster.mguard:service,10138,1271,94138,[STARTED],false,true,2,2,41961971,
1431918219147,com.google.android.music.dial.DialMediaRouteProviderService,com.google.android.music:main,10073,0,57202,[],false,true,0,0,57212,
1431918219147,ch.unige.css.services.PingService,ch.unige.ping,10149,1632,41964545,[STARTED],false,true,0,0,41964555,
1431918219147,com.google.android.search.core.service.BroadcastListenerService,com.google.android.googlequicksearchbox:search,10026,2776,75471,[STARTED],false,true,0,0,28007607,
1431918219147,com.android.systemui.keyguard.KeyguardService,com.android.systemui,10014,930,44352,[PERSISTENT],false,false,2,2,68066,
1431918219147,openiab.StoreService,cm.aptoide.pt,10148,0,54787,[],false,true,0,0,54797,
1431918219147,ch.unige.css.services.main.CssRegistryService,ch.unige.ping:background,10149,27135,27136666,[STARTED],false,true,0,0,27136676,
1431918219147,com.google.android.finsky.billing.iab.InAppBillingService,com.android.vending,10024,19930,28398945,[],false,true,1,1,28398955,
1431918219147,org.cyanogenmod.audiofx.HeadsetService,org.cyanogenmod.audiofx,10000,1289,67364,"[PERSISTENT,STARTED]",false,true,0,0,67374,
1431918279282,com.android.bluetooth.hid.HidService,com.android.bluetooth,1002,0,49150,[],false,true,0,0,49160,
1431918279282,com.cleanmaster.service.PermanentService,com.cleanmaster.mguard:service,10138,1271,94138,[STARTED],false,true,2,2,41961971,
1431918279282,com.google.android.music.dial.DialMediaRouteProviderService,com.google.android.music:main,10073,0,57202,[],false,true,0,0,57212,
1431918279282,ch.unige.css.services.PingService,ch.unige.ping,10149,1632,42024655,[STARTED],false,true,0,0,42024665,
1431918279282,com.google.android.search.core.service.BroadcastListenerService,com.google.android.googlequicksearchbox:search,10026,2776,75471,[STARTED],false,true,0,0,28007607,
1431918279282,com.android.systemui.keyguard.KeyguardService,com.android.systemui,10014,930,44352,[PERSISTENT],false,false,2,2,68066,
1431918279282,openiab.StoreService,cm.aptoide.pt,10148,0,54787,[],false,true,0,0,54797,
1431918279282,ch.unige.css.services.main.CssRegistryService,ch.unige.ping:background,10149,27135,27136666,[STARTED],false,true,0,0,27136676,
1431918279282,com.google.android.finsky.billing.iab.InAppBillingService,com.android.vending,10024,19930,28398945,[],false,true,1,1,28398955,
1431918279282,org.cyanogenmod.audiofx.HeadsetService,org.cyanogenmod.audiofx,10000,1289,67364,"[PERSISTENT,STARTED]",false,true,0,0,67374,
1431918339450,com.android.bluetooth.hid.HidService,com.android.bluetooth,1002,0,49150,[],false,true,0,0,49160,
1431918339450,com.cleanmaster.service.PermanentService,com.cleanmaster.mguard:service,10138,1271,94138,[STARTED],false,true,2,2,41961971,
1431918339450,com.google.android.music.dial.DialMediaRouteProviderService,com.google.android.music:main,10073,0,57202,[],false,true,0,0,57212,
1431918339450,ch.unige.css.services.PingService,ch.unige.ping,10149,1632,42084777,[STARTED],false,true,0,0,42084787,
1431918339450,com.google.android.search.core.service.BroadcastListenerService,com.google.android.googlequicksearchbox:search,10026,2776,75471,[STARTED],false,true,0,0,28007607,
1431918339450,com.android.systemui.keyguard.KeyguardService,com.android.systemui,10014,930,44352,[PERSISTENT],false,false,2,2,68066,
1431918339450,openiab.StoreService,cm.aptoide.pt,10148,0,54787,[],false,true,0,0,54797,
1431918339450,ch.unige.css.services.main.CssRegistryService,ch.unige.ping:background,10149,27135,27136666,[STARTED],false,true,0,0,27136676,
1431918339450,com.google.android.finsky.billing.iab.InAppBillingService,com.android.vending,10024,19930,28398945,[],false,true,1,1,28398955,
1431918339450,org.cyanogenmod.audiofx.HeadsetService,org.cyanogenmod.audiofx,10000,1289,67364,"[PERSISTENT,STARTED]",false,true,0,0,67374,
1431918399609,com.android.bluetooth.hid.HidService,com.android.bluetooth,1002,0,49150,[],false,true,0,0,49160,
1431918399609,com.cleanmaster.service.PermanentService,com.cleanmaster.mguard:service,10138,1271,94138,[STARTED],false,true,2,2,41961971,
1431918399609,com.google.android.music.dial.DialMediaRouteProviderService,com.google.android.music:main,10073,0,57202,[],false,true,0,0,57212,
1431918399609,ch.unige.css.services.PingService,ch.unige.ping,10149,1632,42144998,[STARTED],false,true,0,0,42145008,
1431918399609,com.google.android.search.core.service.BroadcastListenerService,com.google.android.googlequicksearchbox:search,10026,2776,75471,[STARTED],false,true,0,0,28007607,
1431918399609,com.android.systemui.keyguard.KeyguardService,com.android.systemui,10014,930,44352,[PERSISTENT],false,false,2,2,68066,
1431918399609,openiab.StoreService,cm.aptoide.pt,10148,0,54787,[],false,true,0,0,54797,
1431918399609,ch.unige.css.services.main.CssRegistryService,ch.unige.ping:background,10149,27135,27136666,[STARTED],false,true,0,0,27136676,
1431918399609,com.google.android.finsky.billing.iab.InAppBillingService,com.android.vending,10024,19930,28398945,[],false,true,1,1,28398955,
1431918399609,org.cyanogenmod.audiofx.HeadsetService,org.cyanogenmod.audiofx,10000,1289,67364,"[PERSISTENT,STARTED]",false,true,0,0,67374,
1431918459735,com.android.bluetooth.hid.HidService,com.android.bluetooth,1002,0,49150,[],false,true,0,0,49160,
1431918459735,com.cleanmaster.service.PermanentService,com.cleanmaster.mguard:service,10138,1271,94138,[STARTED],false,true,2,2,41961971,
1431918459735,com.google.android.music.dial.DialMediaRouteProviderService,com.google.android.music:main,10073,0,57202,[],false,true,0,0,57212,
1431918459735,ch.unige.css.services.PingService,ch.unige.ping,10149,1632,42205111,[STARTED],false,true,0,0,42205121,
1431918459735,com.google.android.search.core.service.BroadcastListenerService,com.google.android.googlequicksearchbox:search,10026,2776,75471,[STARTED],false,true,0,0,28007607,
1431918459735,com.android.systemui.keyguard.KeyguardService,com.android.systemui,10014,930,44352,[PERSISTENT],false,false,2,2,68066,
1431918459735,openiab.StoreService,cm.aptoide.pt,10148,0,54787,[],false,true,0,0,54797,
1431918459735,ch.unige.css.services.main.CssRegistryService,ch.unige.ping:background,10149,27135,27136666,[STARTED],false,true,0,0,27136676,
1431918459735,com.google.android.finsky.billing.iab.InAppBillingService,com.android.vending,10024,19930,28398945,[],false,true,1,1,28398955,
1431918459735,org.cyanogenmod.audiofx.HeadsetService,org.cyanogenmod.audiofx,10000,1289,67364,"[PERSISTENT,STARTED]",false,true,0,0,67374,
1431918519838,com.android.bluetooth.hid.HidService,com.android.bluetooth,1002,0,49150,[],false,true,0,0,49160,
1431918519838,com.cleanmaster.service.PermanentService,com.cleanmaster.mguard:service,10138,1271,94138,[STARTED],false,true,2,2,41961971,
1431918519838,com.google.android.music.dial.DialMediaRouteProviderService,com.google.android.music:main,10073,0,57202,[],false,true,0,0,57212,
1431918519838,ch.unige.css.services.PingService,ch.unige.ping,10149,1632,42265244,[STARTED],false,true,0,0,42265254,
1431918519838,com.google.android.search.core.service.BroadcastListenerService,com.google.android.googlequicksearchbox:search,10026,2776,75471,[STARTED],false,true,0,0,28007607,
1431918519838,com.android.systemui.keyguard.KeyguardService,com.android.systemui,10014,930,44352,[PERSISTENT],false,false,2,2,68066,
1431918519838,openiab.StoreService,cm.aptoide.pt,10148,0,54787,[],false,true,0,0,54797,
1431918519838,ch.unige.css.services.main.CssRegistryService,ch.unige.ping:background,10149,27135,27136666,[STARTED],false,true,0,0,27136676,
1431918519838,com.google.android.finsky.billing.iab.InAppBillingService,com.android.vending,10024,19930,28398945,[],false,true,1,1,28398955,
1431918519838,org.cyanogenmod.audiofx.HeadsetService,org.cyanogenmod.audiofx,10000,1289,67364,"[PERSISTENT,STARTED]",false,true,0,0,67374,
1431918579835,com.android.bluetooth.hid.HidService,com.android.bluetooth,1002,0,49150,[],false,true,0,0,49160,
1431918579835,com.cleanmaster.service.PermanentService,com.cleanmaster.mguard:service,10138,1271,94138,[STARTED],false,true,2,2,42285689,
1431918579835,com.google.android.music.dial.DialMediaRouteProviderService,com.google.android.music:main,10073,0,57202,[],false,true,0,0,57212,
1431918579835,ch.unige.css.services.PingService,ch.unige.ping,10149,1632,42325260,[STARTED],false,true,0,0,42325270,
1431918579835,com.google.android.search.core.service.BroadcastListenerService,com.google.android.googlequicksearchbox:search,10026,2776,75471,[STARTED],false,true,0,0,28007607,
1431918579835,com.android.systemui.keyguard.KeyguardService,com.android.systemui,10014,930,44352,[PERSISTENT],false,false,2,2,68066,
1431918579835,openiab.StoreService,cm.aptoide.pt,10148,0,54787,[],false,true,0,0,54797,
1431918579835,ch.unige.css.services.main.CssRegistryService,ch.unige.ping:background,10149,27135,27136666,[STARTED],false,true,0,0,27136676,
1431918579835,com.google.android.finsky.billing.iab.InAppBillingService,com.android.vending,10024,19930,28398945,[],false,true,1,1,28398955,
1431918579835,org.cyanogenmod.audiofx.HeadsetService,org.cyanogenmod.audiofx,10000,1289,67364,"[PERSISTENT,STARTED]",false,true,0,0,67374,
1431918642218,com.android.bluetooth.hid.HidService,com.android.bluetooth,1002,0,49150,[],false,true,0,0,49160,
1431918642218,com.cleanmaster.service.PermanentService,com.cleanmaster.mguard:service,10138,1271,94138,[STARTED],false,true,2,2,42285689,
1431918642218,com.google.android.music.dial.DialMediaRouteProviderService,com.google.android.music:main,10073,0,57202,[],false,true,0,0,57212,
1431918642218,ch.unige.css.services.PingService,ch.unige.ping,10149,1632,42387598,[STARTED],false,true,0,0,42387608,
1431918642218,com.google.android.search.core.service.BroadcastListenerService,com.google.android.googlequicksearchbox:search,10026,2776,75471,[STARTED],false,true,0,0,28007607,
1431918642218,com.android.systemui.keyguard.KeyguardService,com.android.systemui,10014,930,44352,[PERSISTENT],false,false,2,2,68066,
1431918642218,openiab.StoreService,cm.aptoide.pt,10148,0,54787,[],false,true,0,0,54797,
1431918642218,ch.unige.css.services.main.CssRegistryService,ch.unige.ping:background,10149,27135,27136666,[STARTED],false,true,0,0,27136676,
1431918642218,com.google.android.finsky.billing.iab.InAppBillingService,com.android.vending,10024,19930,28398945,[],false,true,1,1,28398955,
1431918642218,org.cyanogenmod.audiofx.HeadsetService,org.cyanogenmod.audiofx,10000,1289,67364,"[PERSISTENT,STARTED]",false,true,0,0,67374,
1431918702305,com.android.bluetooth.hid.HidService,com.android.bluetooth,1002,0,49150,[],false,true,0,0,49160,
1431918702305,com.cleanmaster.service.PermanentService,com.cleanmaster.mguard:service,10138,1271,94138,[STARTED],false,true,2,2,42285689,
1431918702305,com.google.android.music.dial.DialMediaRouteProviderService,com.google.android.music:main,10073,0,57202,[],false,true,0,0,57212,
1431918702305,ch.unige.css.services.PingService,ch.unige.ping,10149,1632,42447653,[STARTED],false,true,0,0,42447663,
1431918702305,com.google.android.search.core.service.BroadcastListenerService,com.google.android.googlequicksearchbox:search,10026,2776,75471,[STARTED],false,true,0,0,28007607,
1431918702305,com.android.systemui.keyguard.KeyguardService,com.android.systemui,10014,930,44352,[PERSISTENT],false,false,2,2,68066,
1431918702305,openiab.StoreService,cm.aptoide.pt,10148,0,54787,[],false,true,0,0,54797,
1431918702305,ch.unige.css.services.main.CssRegistryService,ch.unige.ping:background,10149,27135,27136666,[STARTED],false,true,0,0,27136676,
1431918702305,com.google.android.finsky.billing.iab.InAppBillingService,com.android.vending,10024,19930,28398945,[],false,true,1,1,28398955,
1431918702305,org.cyanogenmod.audiofx.HeadsetService,org.cyanogenmod.audiofx,10000,1289,67364,"[PERSISTENT,STARTED]",false,true,0,0,67374,
1431918764563,com.android.bluetooth.hid.HidService,com.android.bluetooth,1002,0,49150,[],false,true,0,0,49160,
1431918764563,com.cleanmaster.service.PermanentService,com.cleanmaster.mguard:service,10138,1271,94138,[STARTED],false,true,2,2,42285689,
1431918764563,com.google.android.music.dial.DialMediaRouteProviderService,com.google.android.music:main,10073,0,57202,[],false,true,0,0,57212,
1431918764563,ch.unige.css.services.PingService,ch.unige.ping,10149,1632,42509951,[STARTED],false,true,0,0,42509961,
1431918764563,com.google.android.search.core.service.BroadcastListenerService,com.google.android.googlequicksearchbox:search,10026,2776,75471,[STARTED],false,true,0,0,28007607,
1431918764563,com.android.systemui.keyguard.KeyguardService,com.android.systemui,10014,930,44352,[PERSISTENT],false,false,2,2,68066,
1431918764563,openiab.StoreService,cm.aptoide.pt,10148,0,54787,[],false,true,0,0,54797,
1431918764563,ch.unige.css.services.main.CssRegistryService,ch.unige.ping:background,10149,27135,27136666,[STARTED],false,true,0,0,27136676,
1431918764563,com.google.android.finsky.billing.iab.InAppBillingService,com.android.vending,10024,19930,28398945,[],false,true,1,1,28398955,
1431918764563,org.cyanogenmod.audiofx.HeadsetService,org.cyanogenmod.audiofx,10000,1289,67364,"[PERSISTENT,STARTED]",false,true,0,0,67374,
1431918824664,com.android.bluetooth.hid.HidService,com.android.bluetooth,1002,0,49150,[],false,true,0,0,49160,
1431918824664,com.cleanmaster.service.PermanentService,com.cleanmaster.mguard:service,10138,1271,94138,[STARTED],false,true,2,2,42285689,
1431918824664,com.google.android.music.dial.DialMediaRouteProviderService,com.google.android.music:main,10073,0,57202,[],false,true,0,0,57212,
1431918824664,ch.unige.css.services.PingService,ch.unige.ping,10149,1632,42570057,[STARTED],false,true,0,0,42570067,
1431918824664,com.google.android.search.core.service.BroadcastListenerService,com.google.android.googlequicksearchbox:search,10026,2776,75471,[STARTED],false,true,0,0,28007607,
1431918824664,com.android.systemui.keyguard.KeyguardService,com.android.systemui,10014,930,44352,[PERSISTENT],false,false,2,2,68066,
1431918824664,openiab.StoreService,cm.aptoide.pt,10148,0,54787,[],false,true,0,0,54797,
1431918824664,ch.unige.css.services.main.CssRegistryService,ch.unige.ping:background,10149,27135,27136666,[STARTED],false,true,0,0,27136676,
1431918824664,com.google.android.finsky.billing.iab.InAppBillingService,com.android.vending,10024,19930,28398945,[],false,true,1,1,28398955,
1431918824664,org.cyanogenmod.audiofx.HeadsetService,org.cyanogenmod.audiofx,10000,1289,67364,"[PERSISTENT,STARTED]",false,true,0,0,67374,
1431918884812,com.android.bluetooth.hid.HidService,com.android.bluetooth,1002,0,49150,[],false,true,0,0,49160,
1431918884812,com.cleanmaster.service.PermanentService,com.cleanmaster.mguard:service,10138,1271,94138,[STARTED],false,true,2,2,42285689,
1431918884812,com.google.android.music.dial.DialMediaRouteProviderService,com.google.android.music:main,10073,0,57202,[],false,true,0,0,57212,
1431918884812,ch.unige.css.services.PingService,ch.unige.ping,10149,1632,42630198,[STARTED],false,true,0,0,42630208,
1431918884812,com.google.android.search.core.service.BroadcastListenerService,com.google.android.googlequicksearchbox:search,10026,2776,75471,[STARTED],false,true,0,0,28007607,
1431918884812,com.android.systemui.keyguard.KeyguardService,com.android.systemui,10014,930,44352,[PERSISTENT],false,false,2,2,68066,
1431918884812,openiab.StoreService,cm.aptoide.pt,10148,0,54787,[],false,true,0,0,54797,
1431918884812,ch.unige.css.services.main.CssRegistryService,ch.unige.ping:background,10149,27135,27136666,[STARTED],false,true,0,0,27136676,
1431918884812,com.google.android.finsky.billing.iab.InAppBillingService,com.android.vending,10024,19930,28398945,[],false,true,1,1,28398955,
1431918884812,org.cyanogenmod.audiofx.HeadsetService,org.cyanogenmod.audiofx,10000,1289,67364,"[PERSISTENT,STARTED]",false,true,0,0,67374,
1431918954876,com.android.bluetooth.hid.HidService,com.android.bluetooth,1002,0,49150,[],false,true,0,0,49160,
1431918954876,com.cleanmaster.service.PermanentService,com.cleanmaster.mguard:service,10138,1271,94138,[STARTED],false,true,2,2,42285689,
1431918954876,com.google.android.music.dial.DialMediaRouteProviderService,com.google.android.music:main,10073,0,57202,[],false,true,0,0,57212,
1431918954876,ch.unige.css.services.PingService,ch.unige.ping,10149,1632,42700255,[STARTED],false,true,0,0,42700265,
1431918954876,com.google.android.search.core.service.BroadcastListenerService,com.google.android.googlequicksearchbox:search,10026,2776,75471,[STARTED],false,true,0,0,28007607,
1431918954876,com.android.systemui.keyguard.KeyguardService,com.android.systemui,10014,930,44352,[PERSISTENT],false,false,2,2,68066,
1431918954876,openiab.StoreService,cm.aptoide.pt,10148,0,54787,[],false,true,0,0,54797,
1431918954876,ch.unige.css.services.main.CssRegistryService,ch.unige.ping:background,10149,27135,27136666,[STARTED],false,true,0,0,27136676,
1431918954876,com.google.android.finsky.billing.iab.InAppBillingService,com.android.vending,10024,19930,28398945,[],false,true,1,1,28398955,
1431918954876,org.cyanogenmod.audiofx.HeadsetService,org.cyanogenmod.audiofx,10000,1289,67364,"[PERSISTENT,STARTED]",false,true,0,0,67374,
1431919015019,com.android.bluetooth.hid.HidService,com.android.bluetooth,1002,0,49150,[],false,true,0,0,49160,
1431919015019,com.cleanmaster.service.PermanentService,com.cleanmaster.mguard:service,10138,1271,94138,[STARTED],false,true,2,2,42285689,
1431919015019,com.google.android.music.dial.DialMediaRouteProviderService,com.google.android.music:main,10073,0,57202,[],false,true,0,0,57212,
1431919015019,ch.unige.css.services.PingService,ch.unige.ping,10149,1632,42760402,[STARTED],false,true,0,0,42760412,
1431919015019,com.google.android.search.core.service.BroadcastListenerService,com.google.android.googlequicksearchbox:search,10026,2776,75471,[STARTED],false,true,0,0,28007607,
1431919015019,com.android.systemui.keyguard.KeyguardService,com.android.systemui,10014,930,44352,[PERSISTENT],false,false,2,2,68066,
1431919015019,openiab.StoreService,cm.aptoide.pt,10148,0,54787,[],false,true,0,0,54797,
1431919015019,ch.unige.css.services.main.CssRegistryService,ch.unige.ping:background,10149,27135,27136666,[STARTED],false,true,0,0,27136676,
1431919015019,com.google.android.finsky.billing.iab.InAppBillingService,com.android.vending,10024,19930,28398945,[],false,true,1,1,28398955,
1431919015019,org.cyanogenmod.audiofx.HeadsetService,org.cyanogenmod.audiofx,10000,1289,67364,"[PERSISTENT,STARTED]",false,true,0,0,67374,
1431919101822,com.android.bluetooth.hid.HidService,com.android.bluetooth,1002,0,49150,[],false,true,0,0,49160,
1431919101822,com.cleanmaster.service.PermanentService,com.cleanmaster.mguard:service,10138,1271,94138,[STARTED],false,true,2,2,42285689,
1431919101822,com.google.android.music.dial.DialMediaRouteProviderService,com.google.android.music:main,10073,0,57202,[],false,true,0,0,57212,
1431919101822,ch.unige.css.services.PingService,ch.unige.ping,10149,1632,42847173,[STARTED],false,true,0,0,42847183,
1431919101822,com.google.android.search.core.service.BroadcastListenerService,com.google.android.googlequicksearchbox:search,10026,2776,75471,[STARTED],false,true,0,0,28007607,
1431919101822,com.android.systemui.keyguard.KeyguardService,com.android.systemui,10014,930,44352,[PERSISTENT],false,false,2,2,68066,
1431919101822,openiab.StoreService,cm.aptoide.pt,10148,0,54787,[],false,true,0,0,54797,
1431919101822,ch.unige.css.services.main.CssRegistryService,ch.unige.ping:background,10149,27135,27136666,[STARTED],false,true,0,0,27136676,
1431919101822,com.google.android.finsky.billing.iab.InAppBillingService,com.android.vending,10024,19930,28398945,[],false,true,1,1,28398955,
1431919101822,org.cyanogenmod.audiofx.HeadsetService,org.cyanogenmod.audiofx,10000,1289,67364,"[PERSISTENT,STARTED]",false,true,0,0,67374,
1431919161996,com.android.bluetooth.hid.HidService,com.android.bluetooth,1002,0,49150,[],false,true,0,0,49160,
1431919161996,com.cleanmaster.service.PermanentService,com.cleanmaster.mguard:service,10138,1271,94138,[STARTED],false,true,2,2,42285689,
1431919161996,com.google.android.music.dial.DialMediaRouteProviderService,com.google.android.music:main,10073,0,57202,[],false,true,0,0,57212,
1431919161996,ch.unige.css.services.PingService,ch.unige.ping,10149,1632,42907347,[STARTED],false,true,0,0,42907357,
1431919161996,com.google.android.search.core.service.BroadcastListenerService,com.google.android.googlequicksearchbox:search,10026,2776,75471,[STARTED],false,true,0,0,28007607,
1431919161996,com.android.systemui.keyguard.KeyguardService,com.android.systemui,10014,930,44352,[PERSISTENT],false,false,2,2,68066,
1431919161996,openiab.StoreService,cm.aptoide.pt,10148,0,54787,[],false,true,0,0,54797,
1431919161996,ch.unige.css.services.main.CssRegistryService,ch.unige.ping:background,10149,27135,27136666,[STARTED],false,true,0,0,27136676,
1431919161996,com.google.android.finsky.billing.iab.InAppBillingService,com.android.vending,10024,19930,28398945,[],false,true,1,1,28398955,
1431919161996,org.cyanogenmod.audiofx.HeadsetService,org.cyanogenmod.audiofx,10000,1289,67364,"[PERSISTENT,STARTED]",false,true,0,0,67374,
1431919222146,com.android.bluetooth.hid.HidService,com.android.bluetooth,1002,0,49150,[],false,true,0,0,49160,
1431919222146,com.cleanmaster.service.PermanentService,com.cleanmaster.mguard:service,10138,1271,94138,[STARTED],false,true,2,2,42285689,
1431919222146,com.google.android.music.dial.DialMediaRouteProviderService,com.google.android.music:main,10073,0,57202,[],false,true,0,0,57212,
1431919222146,ch.unige.css.services.PingService,ch.unige.ping,10149,1632,42967514,[STARTED],false,true,0,0,42967524,
1431919222146,com.google.android.search.core.service.BroadcastListenerService,com.google.android.googlequicksearchbox:search,10026,2776,75471,[STARTED],false,true,0,0,28007607,
1431919222146,com.android.systemui.keyguard.KeyguardService,com.android.systemui,10014,930,44352,[PERSISTENT],false,false,2,2,68066,
1431919222146,openiab.StoreService,cm.aptoide.pt,10148,0,54787,[],false,true,0,0,54797,
1431919222146,ch.unige.css.services.main.CssRegistryService,ch.unige.ping:background,10149,27135,27136666,[STARTED],false,true,0,0,27136676,
1431919222146,com.google.android.finsky.billing.iab.InAppBillingService,com.android.vending,10024,19930,28398945,[],false,true,1,1,28398955,
1431919222146,org.cyanogenmod.audiofx.HeadsetService,org.cyanogenmod.audiofx,10000,1289,67364,"[PERSISTENT,STARTED]",false,true,0,0,67374,
1431919282136,com.android.bluetooth.hid.HidService,com.android.bluetooth,1002,0,49150,[],false,true,0,0,49160,
1431919282136,com.cleanmaster.service.PermanentService,com.cleanmaster.mguard:service,10138,1271,94138,[STARTED],false,true,2,2,42285689,
1431919282136,com.google.android.music.dial.DialMediaRouteProviderService,com.google.android.music:main,10073,0,57202,[],false,true,0,0,57212,
1431919282136,ch.unige.css.services.PingService,ch.unige.ping,10149,1632,43027553,[STARTED],false,true,0,0,43027563,
1431919282136,com.google.android.search.core.service.BroadcastListenerService,com.google.android.googlequicksearchbox:search,10026,2776,75471,[STARTED],false,true,0,0,28007607,
1431919282136,com.android.systemui.keyguard.KeyguardService,com.android.systemui,10014,930,44352,[PERSISTENT],false,false,2,2,68066,
1431919282136,openiab.StoreService,cm.aptoide.pt,10148,0,54787,[],false,true,0,0,54797,
1431919282136,ch.unige.css.services.main.CssRegistryService,ch.unige.ping:background,10149,27135,27136666,[STARTED],false,true,0,0,27136676,
1431919282136,com.google.android.finsky.billing.iab.InAppBillingService,com.android.vending,10024,19930,28398945,[],false,true,1,1,28398955,
1431919282136,org.cyanogenmod.audiofx.HeadsetService,org.cyanogenmod.audiofx,10000,1289,67364,"[PERSISTENT,STARTED]",false,true,0,0,67374,
1431919344590,com.android.bluetooth.hid.HidService,com.android.bluetooth,1002,0,49150,[],false,true,0,0,49160,
1431919344590,com.cleanmaster.service.PermanentService,com.cleanmaster.mguard:service,10138,1271,94138,[STARTED],false,true,2,2,42285689,
1431919344590,com.google.android.music.dial.DialMediaRouteProviderService,com.google.android.music:main,10073,0,57202,[],false,true,0,0,57212,
1431919344590,ch.unige.css.services.PingService,ch.unige.ping,10149,1632,43089960,[STARTED],false,true,0,0,43089970,
1431919344590,com.google.android.search.core.service.BroadcastListenerService,com.google.android.googlequicksearchbox:search,10026,2776,75471,[STARTED],false,true,0,0,28007607,
1431919344590,com.android.systemui.keyguard.KeyguardService,com.android.systemui,10014,930,44352,[PERSISTENT],false,false,2,2,68066,
1431919344590,openiab.StoreService,cm.aptoide.pt,10148,0,54787,[],false,true,0,0,54797,
1431919344590,ch.unige.css.services.main.CssRegistryService,ch.unige.ping:background,10149,27135,27136666,[STARTED],false,true,0,0,27136676,
1431919344590,com.google.android.finsky.billing.iab.InAppBillingService,com.android.vending,10024,19930,28398945,[],false,true,1,1,28398955,
1431919344590,org.cyanogenmod.audiofx.HeadsetService,org.cyanogenmod.audiofx,10000,1289,67364,"[PERSISTENT,STARTED]",false,true,0,0,67374,
1431919404758,com.android.bluetooth.hid.HidService,com.android.bluetooth,1002,0,49150,[],false,true,0,0,49160,
1431919404758,com.cleanmaster.service.PermanentService,com.cleanmaster.mguard:service,10138,1271,94138,[STARTED],false,true,2,2,42285689,
1431919404758,com.google.android.music.dial.DialMediaRouteProviderService,com.google.android.music:main,10073,0,57202,[],false,true,0,0,57212,
1431919404758,ch.unige.css.services.PingService,ch.unige.ping,10149,1632,43150146,[STARTED],false,true,0,0,43150156,
1431919404758,com.google.android.search.core.service.BroadcastListenerService,com.google.android.googlequicksearchbox:search,10026,2776,75471,[STARTED],false,true,0,0,28007607,
1431919404758,com.android.systemui.keyguard.KeyguardService,com.android.systemui,10014,930,44352,[PERSISTENT],false,false,2,2,68066,
1431919404758,openiab.StoreService,cm.aptoide.pt,10148,0,54787,[],false,true,0,0,54797,
1431919404758,ch.unige.css.services.main.CssRegistryService,ch.unige.ping:background,10149,27135,27136666,[STARTED],false,true,0,0,27136676,
1431919404758,com.google.android.finsky.billing.iab.InAppBillingService,com.android.vending,10024,19930,28398945,[],false,true,1,1,28398955,
1431919404758,org.cyanogenmod.audiofx.HeadsetService,org.cyanogenmod.audiofx,10000,1289,67364,"[PERSISTENT,STARTED]",false,true,0,0,67374,
1431919464924,com.android.bluetooth.hid.HidService,com.android.bluetooth,1002,0,49150,[],false,true,0,0,49160,
1431919464924,com.cleanmaster.service.PermanentService,com.cleanmaster.mguard:service,10138,1271,94138,[STARTED],false,true,2,2,42285689,
1431919464924,com.google.android.music.dial.DialMediaRouteProviderService,com.google.android.music:main,10073,0,57202,[],false,true,0,0,57212,
1431919464924,ch.unige.css.services.PingService,ch.unige.ping,10149,1632,43210299,[STARTED],false,true,0,0,43210309,
1431919464924,com.google.android.search.core.service.BroadcastListenerService,com.google.android.googlequicksearchbox:search,10026,2776,75471,[STARTED],false,true,0,0,28007607,
1431919464924,com.android.systemui.keyguard.KeyguardService,com.android.systemui,10014,930,44352,[PERSISTENT],false,false,2,2,68066,
1431919464924,openiab.StoreService,cm.aptoide.pt,10148,0,54787,[],false,true,0,0,54797,
1431919464924,ch.unige.css.services.main.CssRegistryService,ch.unige.ping:background,10149,27135,27136666,[STARTED],false,true,0,0,27136676,
1431919464924,com.google.android.finsky.billing.iab.InAppBillingService,com.android.vending,10024,19930,28398945,[],false,true,1,1,28398955,
1431919464924,org.cyanogenmod.audiofx.HeadsetService,org.cyanogenmod.audiofx,10000,1289,67364,"[PERSISTENT,STARTED]",false,true,0,0,67374,
1431919525139,com.android.bluetooth.hid.HidService,com.android.bluetooth,1002,0,49150,[],false,true,0,0,49160,
1431919525139,com.cleanmaster.service.PermanentService,com.cleanmaster.mguard:service,10138,1271,94138,[STARTED],false,true,2,2,42285689,
1431919525139,com.google.android.music.dial.DialMediaRouteProviderService,com.google.android.music:main,10073,0,57202,[],false,true,0,0,57212,
1431919525139,ch.unige.css.services.PingService,ch.unige.ping,10149,1632,43270559,[STARTED],false,true,0,0,43270569,
1431919525139,com.google.android.search.core.service.BroadcastListenerService,com.google.android.googlequicksearchbox:search,10026,2776,75471,[STARTED],false,true,0,0,28007607,
1431919525139,com.android.systemui.keyguard.KeyguardService,com.android.systemui,10014,930,44352,[PERSISTENT],false,false,2,2,68066,
1431919525139,openiab.StoreService,cm.aptoide.pt,10148,0,54787,[],false,true,0,0,54797,
1431919525139,ch.unige.css.services.main.CssRegistryService,ch.unige.ping:background,10149,27135,27136666,[STARTED],false,true,0,0,27136676,
1431919525139,org.cyanogenmod.audiofx.HeadsetService,org.cyanogenmod.audiofx,10000,1289,67364,"[PERSISTENT,STARTED]",false,true,0,0,67374,
1431919525139,com.whatsapp.messaging.MessageService,com.whatsapp,10110,2649,67811,[STARTED],false,true,1,1,29230589,
1431919585350,com.android.bluetooth.hid.HidService,com.android.bluetooth,1002,0,49150,[],false,true,0,0,49160,
1431919585350,com.cleanmaster.service.PermanentService,com.cleanmaster.mguard:service,10138,1271,94138,[STARTED],false,true,2,2,42285689,
1431919585350,com.google.android.music.dial.DialMediaRouteProviderService,com.google.android.music:main,10073,0,57202,[],false,true,0,0,57212,
1431919585350,ch.unige.css.services.PingService,ch.unige.ping,10149,1632,43330748,[STARTED],false,true,0,0,43330758,
1431919585350,com.google.android.search.core.service.BroadcastListenerService,com.google.android.googlequicksearchbox:search,10026,2776,75471,[STARTED],false,true,0,0,28007607,
1431919585350,com.android.systemui.keyguard.KeyguardService,com.android.systemui,10014,930,44352,[PERSISTENT],false,false,2,2,68066,
1431919585350,openiab.StoreService,cm.aptoide.pt,10148,0,54787,[],false,true,0,0,54797,
1431919585350,ch.unige.css.services.main.CssRegistryService,ch.unige.ping:background,10149,27135,27136666,[STARTED],false,true,0,0,27136676,
1431919585350,com.google.android.finsky.billing.iab.InAppBillingService,com.android.vending,10024,19930,43270973,[],false,true,1,1,43271302,
1431919585350,org.cyanogenmod.audiofx.HeadsetService,org.cyanogenmod.audiofx,10000,1289,67364,"[PERSISTENT,STARTED]",false,true,0,0,67374,
1431919645384,com.android.bluetooth.hid.HidService,com.android.bluetooth,1002,0,49150,[],false,true,0,0,49160,
1431919645384,com.cleanmaster.service.PermanentService,com.cleanmaster.mguard:service,10138,1271,94138,[STARTED],false,true,2,2,42285689,
1431919645384,com.google.android.music.dial.DialMediaRouteProviderService,com.google.android.music:main,10073,0,57202,[],false,true,0,0,57212,
1431919645384,ch.unige.css.services.PingService,ch.unige.ping,10149,1632,43390801,[STARTED],false,true,0,0,43390811,
1431919645384,com.google.android.search.core.service.BroadcastListenerService,com.google.android.googlequicksearchbox:search,10026,2776,75471,[STARTED],false,true,0,0,28007607,
1431919645384,com.android.systemui.keyguard.KeyguardService,com.android.systemui,10014,930,44352,[PERSISTENT],false,false,2,2,68066,
1431919645384,openiab.StoreService,cm.aptoide.pt,10148,0,54787,[],false,true,0,0,54797,
1431919645384,ch.unige.css.services.main.CssRegistryService,ch.unige.ping:background,10149,27135,27136666,[STARTED],false,true,0,0,27136676,
1431919645384,com.google.android.finsky.billing.iab.InAppBillingService,com.android.vending,10024,19930,43270973,[],false,true,1,1,43271302,
1431919645384,org.cyanogenmod.audiofx.HeadsetService,org.cyanogenmod.audiofx,10000,1289,67364,"[PERSISTENT,STARTED]",false,true,0,0,67374,
1431919707835,com.android.bluetooth.hid.HidService,com.android.bluetooth,1002,0,49150,[],false,true,0,0,49160,
1431919707835,com.cleanmaster.service.PermanentService,com.cleanmaster.mguard:service,10138,1271,94138,[STARTED],false,true,2,2,42285689,
1431919707835,com.google.android.music.dial.DialMediaRouteProviderService,com.google.android.music:main,10073,0,57202,[],false,true,0,0,57212,
1431919707835,ch.unige.css.services.PingService,ch.unige.ping,10149,1632,43453248,[STARTED],false,true,0,0,43453258,
1431919707835,com.google.android.search.core.service.BroadcastListenerService,com.google.android.googlequicksearchbox:search,10026,2776,75471,[STARTED],false,true,0,0,28007607,
1431919707835,com.android.systemui.keyguard.KeyguardService,com.android.systemui,10014,930,44352,[PERSISTENT],false,false,2,2,68066,
1431919707835,openiab.StoreService,cm.aptoide.pt,10148,0,54787,[],false,true,0,0,54797,
1431919707835,ch.unige.css.services.main.CssRegistryService,ch.unige.ping:background,10149,27135,27136666,[STARTED],false,true,0,0,27136676,
1431919707835,com.google.android.finsky.billing.iab.InAppBillingService,com.android.vending,10024,19930,43270973,[],false,true,1,1,43271302,
1431919707835,org.cyanogenmod.audiofx.HeadsetService,org.cyanogenmod.audiofx,10000,1289,67364,"[PERSISTENT,STARTED]",false,true,0,0,67374,
1431919767974,com.android.bluetooth.hid.HidService,com.android.bluetooth,1002,0,49150,[],false,true,0,0,49160,
1431919767974,com.cleanmaster.service.PermanentService,com.cleanmaster.mguard:service,10138,1271,94138,[STARTED],false,true,2,2,42285689,
1431919767974,com.google.android.music.dial.DialMediaRouteProviderService,com.google.android.music:main,10073,0,57202,[],false,true,0,0,57212,
1431919767974,ch.unige.css.services.PingService,ch.unige.ping,10149,1632,43513360,[STARTED],false,true,0,0,43513370,
1431919767974,com.google.android.search.core.service.BroadcastListenerService,com.google.android.googlequicksearchbox:search,10026,2776,75471,[STARTED],false,true,0,0,28007607,
1431919767974,com.android.systemui.keyguard.KeyguardService,com.android.systemui,10014,930,44352,[PERSISTENT],false,false,2,2,68066,
1431919767974,openiab.StoreService,cm.aptoide.pt,10148,0,54787,[],false,true,0,0,54797,
1431919767974,ch.unige.css.services.main.CssRegistryService,ch.unige.ping:background,10149,27135,27136666,[STARTED],false,true,0,0,27136676,
1431919767974,com.google.android.finsky.billing.iab.InAppBillingService,com.android.vending,10024,19930,43270973,[],false,true,1,1,43271302,
1431919767974,org.cyanogenmod.audiofx.HeadsetService,org.cyanogenmod.audiofx,10000,1289,67364,"[PERSISTENT,STARTED]",false,true,0,0,67374,
1431919828057,com.android.bluetooth.hid.HidService,com.android.bluetooth,1002,0,49150,[],false,true,0,0,49160,
1431919828057,com.cleanmaster.service.PermanentService,com.cleanmaster.mguard:service,10138,1271,94138,[STARTED],false,true,2,2,42285689,
1431919828057,com.google.android.music.dial.DialMediaRouteProviderService,com.google.android.music:main,10073,0,57202,[],false,true,0,0,57212,
1431919828057,ch.unige.css.services.PingService,ch.unige.ping,10149,1632,43573449,[STARTED],false,true,0,0,43573459,
1431919828057,com.google.android.search.core.service.BroadcastListenerService,com.google.android.googlequicksearchbox:search,10026,2776,75471,[STARTED],false,true,0,0,28007607,
1431919828057,com.android.systemui.keyguard.KeyguardService,com.android.systemui,10014,930,44352,[PERSISTENT],false,false,2,2,68066,
1431919828057,openiab.StoreService,cm.aptoide.pt,10148,0,54787,[],false,true,0,0,54797,
1431919828057,ch.unige.css.services.main.CssRegistryService,ch.unige.ping:background,10149,27135,27136666,[STARTED],false,true,0,0,27136676,
1431919828057,com.google.android.finsky.billing.iab.InAppBillingService,com.android.vending,10024,19930,43270973,[],false,true,1,1,43271302,
1431919828057,org.cyanogenmod.audiofx.HeadsetService,org.cyanogenmod.audiofx,10000,1289,67364,"[PERSISTENT,STARTED]",false,true,0,0,67374,
1431919888092,com.android.bluetooth.hid.HidService,com.android.bluetooth,1002,0,49150,[],false,true,0,0,49160,
1431919888092,com.cleanmaster.service.PermanentService,com.cleanmaster.mguard:service,10138,1271,94138,[STARTED],false,true,2,2,42285689,
1431919888092,com.google.android.music.dial.DialMediaRouteProviderService,com.google.android.music:main,10073,0,57202,[],false,true,0,0,57212,
1431919888092,ch.unige.css.services.PingService,ch.unige.ping,10149,1632,43633496,[STARTED],false,true,0,0,43633506,
1431919888092,com.google.android.search.core.service.BroadcastListenerService,com.google.android.googlequicksearchbox:search,10026,2776,75471,[STARTED],false,true,0,0,28007607,
1431919888092,com.android.systemui.keyguard.KeyguardService,com.android.systemui,10014,930,44352,[PERSISTENT],false,false,2,2,68066,
1431919888092,openiab.StoreService,cm.aptoide.pt,10148,0,54787,[],false,true,0,0,54797,
1431919888092,ch.unige.css.services.main.CssRegistryService,ch.unige.ping:background,10149,27135,27136666,[STARTED],false,true,0,0,27136676,
1431919888092,com.google.android.finsky.billing.iab.InAppBillingService,com.android.vending,10024,19930,43270973,[],false,true,1,1,43271302,
1431919888092,org.cyanogenmod.audiofx.HeadsetService,org.cyanogenmod.audiofx,10000,1289,67364,"[PERSISTENT,STARTED]",false,true,0,0,67374,
1431919948288,com.android.bluetooth.hid.HidService,com.android.bluetooth,1002,0,49150,[],false,true,0,0,49160,
1431919948288,com.cleanmaster.service.PermanentService,com.cleanmaster.mguard:service,10138,1271,94138,[STARTED],false,true,2,2,42285689,
1431919948288,com.google.android.music.dial.DialMediaRouteProviderService,com.google.android.music:main,10073,0,57202,[],false,true,0,0,57212,
1431919948288,ch.unige.css.services.PingService,ch.unige.ping,10149,1632,43693692,[STARTED],false,true,0,0,43693702,
1431919948288,com.google.android.search.core.service.BroadcastListenerService,com.google.android.googlequicksearchbox:search,10026,2776,75471,[STARTED],false,true,0,0,28007607,
1431919948288,com.android.systemui.keyguard.KeyguardService,com.android.systemui,10014,930,44352,[PERSISTENT],false,false,2,2,68066,
1431919948288,openiab.StoreService,cm.aptoide.pt,10148,0,54787,[],false,true,0,0,54797,
1431919948288,ch.unige.css.services.main.CssRegistryService,ch.unige.ping:background,10149,27135,27136666,[STARTED],false,true,0,0,27136676,
1431919948288,com.google.android.finsky.billing.iab.InAppBillingService,com.android.vending,10024,19930,43270973,[],false,true,1,1,43271302,
1431919948288,org.cyanogenmod.audiofx.HeadsetService,org.cyanogenmod.audiofx,10000,1289,67364,"[PERSISTENT,STARTED]",false,true,0,0,67374,
1431920008452,com.android.bluetooth.hid.HidService,com.android.bluetooth,1002,0,49150,[],false,true,0,0,49160,
1431920008452,com.cleanmaster.service.PermanentService,com.cleanmaster.mguard:service,10138,1271,94138,[STARTED],false,true,2,2,42285689,
1431920008452,com.google.android.music.dial.DialMediaRouteProviderService,com.google.android.music:main,10073,0,57202,[],false,true,0,0,57212,
1431920008452,ch.unige.css.services.PingService,ch.unige.ping,10149,1632,43753839,[STARTED],false,true,0,0,43753849,
1431920008452,com.google.android.search.core.service.BroadcastListenerService,com.google.android.googlequicksearchbox:search,10026,2776,75471,[STARTED],false,true,0,0,28007607,
1431920008452,com.android.systemui.keyguard.KeyguardService,com.android.systemui,10014,930,44352,[PERSISTENT],false,false,2,2,68066,
1431920008452,openiab.StoreService,cm.aptoide.pt,10148,0,54787,[],false,true,0,0,54797,
1431920008452,ch.unige.css.services.main.CssRegistryService,ch.unige.ping:background,10149,27135,27136666,[STARTED],false,true,0,0,27136676,
1431920008452,com.google.android.finsky.billing.iab.InAppBillingService,com.android.vending,10024,19930,43270973,[],false,true,1,1,43271302,
1431920008452,org.cyanogenmod.audiofx.HeadsetService,org.cyanogenmod.audiofx,10000,1289,67364,"[PERSISTENT,STARTED]",false,true,0,0,67374,
1431920068616,com.android.bluetooth.hid.HidService,com.android.bluetooth,1002,0,49150,[],false,true,0,0,49160,
1431920068616,com.cleanmaster.service.PermanentService,com.cleanmaster.mguard:service,10138,1271,94138,[STARTED],false,true,1,1,42285689,
1431920068616,com.google.android.music.dial.DialMediaRouteProviderService,com.google.android.music:main,10073,0,57202,[],false,true,0,0,57212,
1431920068616,ch.unige.css.services.PingService,ch.unige.ping,10149,1632,43813996,[STARTED],false,true,0,0,43814005,
1431920068616,com.google.android.search.core.service.BroadcastListenerService,com.google.android.googlequicksearchbox:search,10026,2776,75471,[STARTED],false,true,0,0,28007607,
1431920068616,com.android.systemui.keyguard.KeyguardService,com.android.systemui,10014,930,44352,[PERSISTENT],false,false,2,2,68066,
1431920068616,openiab.StoreService,cm.aptoide.pt,10148,0,54787,[],false,true,0,0,54797,
1431920068616,ch.unige.css.services.main.CssRegistryService,ch.unige.ping:background,10149,27135,27136666,[STARTED],false,true,0,0,27136676,
1431920068616,com.google.android.finsky.billing.iab.InAppBillingService,com.android.vending,10024,19930,43270973,[],false,true,1,1,43271302,
1431920068616,org.cyanogenmod.audiofx.HeadsetService,org.cyanogenmod.audiofx,10000,1289,67364,"[PERSISTENT,STARTED]",false,true,0,0,67374,
1431920128930,com.android.bluetooth.hid.HidService,com.android.bluetooth,1002,0,49150,[],false,true,0,0,49160,
1431920128930,com.cleanmaster.service.PermanentService,com.cleanmaster.mguard:service,10138,1271,94138,[STARTED],false,true,1,1,42285689,
1431920128930,com.google.android.music.dial.DialMediaRouteProviderService,com.google.android.music:main,10073,0,57202,[],false,true,0,0,57212,
1431920128930,ch.unige.css.services.PingService,ch.unige.ping,10149,1632,43874316,[STARTED],false,true,0,0,43874326,
1431920128930,com.google.android.search.core.service.BroadcastListenerService,com.google.android.googlequicksearchbox:search,10026,2776,75471,[STARTED],false,true,0,0,28007607,
1431920128930,com.android.systemui.keyguard.KeyguardService,com.android.systemui,10014,930,44352,[PERSISTENT],false,false,2,2,68066,
1431920128930,openiab.StoreService,cm.aptoide.pt,10148,0,54787,[],false,true,0,0,54797,
1431920128930,ch.unige.css.services.main.CssRegistryService,ch.unige.ping:background,10149,27135,27136666,[STARTED],false,true,0,0,27136676,
1431920128930,com.google.android.finsky.billing.iab.InAppBillingService,com.android.vending,10024,19930,43270973,[],false,true,1,1,43271302,
1431920128930,org.cyanogenmod.audiofx.HeadsetService,org.cyanogenmod.audiofx,10000,1289,67364,"[PERSISTENT,STARTED]",false,true,0,0,67374,
1431920189025,com.android.bluetooth.hid.HidService,com.android.bluetooth,1002,0,49150,[],false,true,0,0,49160,
1431920189025,com.cleanmaster.service.PermanentService,com.cleanmaster.mguard:service,10138,1271,94138,[STARTED],false,true,1,1,42285689,
1431920189025,com.google.android.music.dial.DialMediaRouteProviderService,com.google.android.music:main,10073,0,57202,[],false,true,0,0,57212,
1431920189025,ch.unige.css.services.PingService,ch.unige.ping,10149,1632,43934407,[STARTED],false,true,0,0,43934417,
1431920189025,com.google.android.search.core.service.BroadcastListenerService,com.google.android.googlequicksearchbox:search,10026,2776,75471,[STARTED],false,true,0,0,28007607,
1431920189025,com.android.systemui.keyguard.KeyguardService,com.android.systemui,10014,930,44352,[PERSISTENT],false,false,2,2,68066,
1431920189025,openiab.StoreService,cm.aptoide.pt,10148,0,54787,[],false,true,0,0,54797,
1431920189025,ch.unige.css.services.main.CssRegistryService,ch.unige.ping:background,10149,27135,27136666,[STARTED],false,true,0,0,27136676,
1431920189025,com.google.android.finsky.billing.iab.InAppBillingService,com.android.vending,10024,19930,43270973,[],false,true,1,1,43271302,
1431920189025,org.cyanogenmod.audiofx.HeadsetService,org.cyanogenmod.audiofx,10000,1289,67364,"[PERSISTENT,STARTED]",false,true,0,0,67374,
1431920249102,com.android.bluetooth.hid.HidService,com.android.bluetooth,1002,0,49150,[],false,true,0,0,49160,
1431920249102,com.cleanmaster.service.PermanentService,com.cleanmaster.mguard:service,10138,1271,94138,[STARTED],false,true,1,1,42285689,
1431920249102,com.google.android.music.dial.DialMediaRouteProviderService,com.google.android.music:main,10073,0,57202,[],false,true,0,0,57212,
1431920249102,ch.unige.css.services.PingService,ch.unige.ping,10149,1632,43994512,[STARTED],false,true,0,0,43994522,
1431920249102,com.google.android.search.core.service.BroadcastListenerService,com.google.android.googlequicksearchbox:search,10026,2776,75471,[STARTED],false,true,0,0,28007607,
1431920249102,com.android.systemui.keyguard.KeyguardService,com.android.systemui,10014,930,44352,[PERSISTENT],false,false,2,2,68066,
1431920249102,openiab.StoreService,cm.aptoide.pt,10148,0,54787,[],false,true,0,0,54797,
1431920249102,ch.unige.css.services.main.CssRegistryService,ch.unige.ping:background,10149,27135,27136666,[STARTED],false,true,0,0,27136676,
1431920249102,com.google.android.finsky.billing.iab.InAppBillingService,com.android.vending,10024,19930,43270973,[],false,true,1,1,43271302,
1431920249102,org.cyanogenmod.audiofx.HeadsetService,org.cyanogenmod.audiofx,10000,1289,67364,"[PERSISTENT,STARTED]",false,true,0,0,67374,
1431920309267,com.android.bluetooth.hid.HidService,com.android.bluetooth,1002,0,49150,[],false,true,0,0,49160,
1431920309267,com.cleanmaster.service.PermanentService,com.cleanmaster.mguard:service,10138,1271,94138,[STARTED],false,true,1,1,42285689,
1431920309267,com.google.android.music.dial.DialMediaRouteProviderService,com.google.android.music:main,10073,0,57202,[],false,true,0,0,57212,
1431920309267,ch.unige.css.services.PingService,ch.unige.ping,10149,1632,44054650,[STARTED],false,true,0,0,44054660,
1431920309267,com.google.android.search.core.service.BroadcastListenerService,com.google.android.googlequicksearchbox:search,10026,2776,75471,[STARTED],false,true,0,0,28007607,
1431920309267,com.android.systemui.keyguard.KeyguardService,com.android.systemui,10014,930,44352,[PERSISTENT],false,false,2,2,68066,
1431920309267,openiab.StoreService,cm.aptoide.pt,10148,0,54787,[],false,true,0,0,54797,
1431920309267,ch.unige.css.services.main.CssRegistryService,ch.unige.ping:background,10149,27135,27136666,[STARTED],false,true,0,0,27136676,
1431920309267,com.google.android.finsky.billing.iab.InAppBillingService,com.android.vending,10024,19930,43270973,[],false,true,1,1,43271302,
1431920309267,org.cyanogenmod.audiofx.HeadsetService,org.cyanogenmod.audiofx,10000,1289,67364,"[PERSISTENT,STARTED]",false,true,0,0,67374,
1431920369432,com.android.bluetooth.hid.HidService,com.android.bluetooth,1002,0,49150,[],false,true,0,0,49160,
1431920369432,com.cleanmaster.service.PermanentService,com.cleanmaster.mguard:service,10138,1271,94138,[STARTED],false,true,1,1,42285689,
1431920369432,com.google.android.music.dial.DialMediaRouteProviderService,com.google.android.music:main,10073,0,57202,[],false,true,0,0,57212,
1431920369432,ch.unige.css.services.PingService,ch.unige.ping,10149,1632,44114801,[STARTED],false,true,0,0,44114811,
1431920369432,com.google.android.search.core.service.BroadcastListenerService,com.google.android.googlequicksearchbox:search,10026,2776,75471,[STARTED],false,true,0,0,28007607,
1431920369432,com.android.systemui.keyguard.KeyguardService,com.android.systemui,10014,930,44352,[PERSISTENT],false,false,2,2,68066,
1431920369432,openiab.StoreService,cm.aptoide.pt,10148,0,54787,[],false,true,0,0,54797,
1431920369432,ch.unige.css.services.main.CssRegistryService,ch.unige.ping:background,10149,27135,27136666,[STARTED],false,true,0,0,27136676,
1431920369432,com.google.android.finsky.billing.iab.InAppBillingService,com.android.vending,10024,19930,43270973,[],false,true,1,1,43271302,
1431920369432,org.cyanogenmod.audiofx.HeadsetService,org.cyanogenmod.audiofx,10000,1289,67364,"[PERSISTENT,STARTED]",false,true,0,0,67374,
1431920429598,com.android.bluetooth.hid.HidService,com.android.bluetooth,1002,0,49150,[],false,true,0,0,49160,
1431920429598,com.cleanmaster.service.PermanentService,com.cleanmaster.mguard:service,10138,1271,94138,[STARTED],false,true,1,1,42285689,
1431920429598,com.google.android.music.dial.DialMediaRouteProviderService,com.google.android.music:main,10073,0,57202,[],false,true,0,0,57212,
1431920429598,ch.unige.css.services.PingService,ch.unige.ping,10149,1632,44174950,[STARTED],false,true,0,0,44174960,
1431920429598,com.google.android.search.core.service.BroadcastListenerService,com.google.android.googlequicksearchbox:search,10026,2776,75471,[STARTED],false,true,0,0,28007607,
1431920429598,com.android.systemui.keyguard.KeyguardService,com.android.systemui,10014,930,44352,[PERSISTENT],false,false,2,2,68066,
1431920429598,openiab.StoreService,cm.aptoide.pt,10148,0,54787,[],false,true,0,0,54797,
1431920429598,ch.unige.css.services.main.CssRegistryService,ch.unige.ping:background,10149,27135,27136666,[STARTED],false,true,0,0,27136676,
1431920429598,com.google.android.finsky.billing.iab.InAppBillingService,com.android.vending,10024,19930,43270973,[],false,true,1,1,43271302,
1431920429598,org.cyanogenmod.audiofx.HeadsetService,org.cyanogenmod.audiofx,10000,1289,67364,"[PERSISTENT,STARTED]",false,true,0,0,67374,
1431920489642,com.android.bluetooth.hid.HidService,com.android.bluetooth,1002,0,49150,[],false,true,0,0,49160,
1431920489642,com.cleanmaster.service.PermanentService,com.cleanmaster.mguard:service,10138,1271,94138,[STARTED],false,true,1,1,42285689,
1431920489642,com.google.android.music.dial.DialMediaRouteProviderService,com.google.android.music:main,10073,0,57202,[],false,true,0,0,57212,
1431920489642,ch.unige.css.services.PingService,ch.unige.ping,10149,1632,44235044,[STARTED],false,true,0,0,44235054,
1431920489642,com.google.android.search.core.service.BroadcastListenerService,com.google.android.googlequicksearchbox:search,10026,2776,75471,[STARTED],false,true,0,0,28007607,
1431920489642,com.android.systemui.keyguard.KeyguardService,com.android.systemui,10014,930,44352,[PERSISTENT],false,false,2,2,68066,
1431920489642,openiab.StoreService,cm.aptoide.pt,10148,0,54787,[],false,true,0,0,54797,
1431920489642,ch.unige.css.services.main.CssRegistryService,ch.unige.ping:background,10149,27135,27136666,[STARTED],false,true,0,0,27136676,
1431920489642,com.google.android.finsky.billing.iab.InAppBillingService,com.android.vending,10024,19930,43270973,[],false,true,1,1,43271302,
1431920489642,org.cyanogenmod.audiofx.HeadsetService,org.cyanogenmod.audiofx,10000,1289,67364,"[PERSISTENT,STARTED]",false,true,0,0,67374,
1431920549736,com.android.bluetooth.hid.HidService,com.android.bluetooth,1002,0,49150,[],false,true,0,0,49160,
1431920549736,com.cleanmaster.service.PermanentService,com.cleanmaster.mguard:service,10138,1271,94138,[STARTED],false,true,1,1,42285689,
1431920549736,com.google.android.music.dial.DialMediaRouteProviderService,com.google.android.music:main,10073,0,57202,[],false,true,0,0,57212,
1431920549736,ch.unige.css.services.PingService,ch.unige.ping,10149,1632,44295123,[STARTED],false,true,0,0,44295133,
1431920549736,com.google.android.search.core.service.BroadcastListenerService,com.google.android.googlequicksearchbox:search,10026,2776,75471,[STARTED],false,true,0,0,28007607,
1431920549736,com.android.systemui.keyguard.KeyguardService,com.android.systemui,10014,930,44352,[PERSISTENT],false,false,2,2,68066,
1431920549736,openiab.StoreService,cm.aptoide.pt,10148,0,54787,[],false,true,0,0,54797,
1431920549736,ch.unige.css.services.main.CssRegistryService,ch.unige.ping:background,10149,27135,27136666,[STARTED],false,true,0,0,27136676,
1431920549736,com.google.android.finsky.billing.iab.InAppBillingService,com.android.vending,10024,19930,43270973,[],false,true,1,1,43271302,
1431920549736,org.cyanogenmod.audiofx.HeadsetService,org.cyanogenmod.audiofx,10000,1289,67364,"[PERSISTENT,STARTED]",false,true,0,0,67374,
1431920609806,com.android.bluetooth.hid.HidService,com.android.bluetooth,1002,0,49150,[],false,true,0,0,49160,
1431920609806,com.cleanmaster.service.PermanentService,com.cleanmaster.mguard:service,10138,1271,94138,[STARTED],false,true,1,1,42285689,
1431920609806,com.google.android.music.dial.DialMediaRouteProviderService,com.google.android.music:main,10073,0,57202,[],false,true,0,0,57212,
1431920609806,ch.unige.css.services.PingService,ch.unige.ping,10149,1632,44355201,[STARTED],false,true,0,0,44355211,
1431920609806,com.google.android.search.core.service.BroadcastListenerService,com.google.android.googlequicksearchbox:search,10026,2776,75471,[STARTED],false,true,0,0,28007607,
1431920609806,com.android.systemui.keyguard.KeyguardService,com.android.systemui,10014,930,44352,[PERSISTENT],false,false,2,2,68066,
1431920609806,openiab.StoreService,cm.aptoide.pt,10148,0,54787,[],false,true,0,0,54797,
1431920609806,ch.unige.css.services.main.CssRegistryService,ch.unige.ping:background,10149,27135,27136666,[STARTED],false,true,0,0,27136676,
1431920609806,com.google.android.finsky.billing.iab.InAppBillingService,com.android.vending,10024,19930,43270973,[],false,true,1,1,43271302,
1431920609806,org.cyanogenmod.audiofx.HeadsetService,org.cyanogenmod.audiofx,10000,1289,67364,"[PERSISTENT,STARTED]",false,true,0,0,67374,
1431920669890,com.android.bluetooth.hid.HidService,com.android.bluetooth,1002,0,49150,[],false,true,0,0,49160,
1431920669890,com.cleanmaster.service.PermanentService,com.cleanmaster.mguard:service,10138,1271,94138,[STARTED],false,true,1,1,42285689,
1431920669890,com.google.android.music.dial.DialMediaRouteProviderService,com.google.android.music:main,10073,0,57202,[],false,true,0,0,57212,
1431920669890,ch.unige.css.services.PingService,ch.unige.ping,10149,1632,44415301,[STARTED],false,true,0,0,44415311,
1431920669890,com.google.android.search.core.service.BroadcastListenerService,com.google.android.googlequicksearchbox:search,10026,2776,75471,[STARTED],false,true,0,0,28007607,
1431920669890,com.android.systemui.keyguard.KeyguardService,com.android.systemui,10014,930,44352,[PERSISTENT],false,false,2,2,68066,
1431920669890,openiab.StoreService,cm.aptoide.pt,10148,0,54787,[],false,true,0,0,54797,
1431920669890,ch.unige.css.services.main.CssRegistryService,ch.unige.ping:background,10149,27135,27136666,[STARTED],false,true,0,0,27136676,
1431920669890,com.google.android.finsky.billing.iab.InAppBillingService,com.android.vending,10024,19930,43270973,[],false,true,1,1,43271302,
1431920669890,org.cyanogenmod.audiofx.HeadsetService,org.cyanogenmod.audiofx,10000,1289,67364,"[PERSISTENT,STARTED]",false,true,0,0,67374,
1431920760263,com.android.bluetooth.hid.HidService,com.android.bluetooth,1002,0,49150,[],false,true,0,0,49160,
1431920760263,com.cleanmaster.service.PermanentService,com.cleanmaster.mguard:service,10138,1271,94138,[STARTED],false,true,1,1,42285689,
1431920760263,com.google.android.music.dial.DialMediaRouteProviderService,com.google.android.music:main,10073,0,57202,[],false,true,0,0,57212,
1431920760263,ch.unige.css.services.PingService,ch.unige.ping,10149,1632,44505661,[STARTED],false,true,0,0,44505671,
1431920760263,com.google.android.search.core.service.BroadcastListenerService,com.google.android.googlequicksearchbox:search,10026,2776,75471,[STARTED],false,true,0,0,28007607,
1431920760263,com.android.systemui.keyguard.KeyguardService,com.android.systemui,10014,930,44352,[PERSISTENT],false,false,2,2,68066,
1431920760263,openiab.StoreService,cm.aptoide.pt,10148,0,54787,[],false,true,0,0,54797,
1431920760263,ch.unige.css.services.main.CssRegistryService,ch.unige.ping:background,10149,27135,27136666,[STARTED],false,true,0,0,27136676,
1431920760263,com.google.android.finsky.billing.iab.InAppBillingService,com.android.vending,10024,19930,43270973,[],false,true,1,1,43271302,
1431920760263,org.cyanogenmod.audiofx.HeadsetService,org.cyanogenmod.audiofx,10000,1289,67364,"[PERSISTENT,STARTED]",false,true,0,0,67374,
1431920820387,com.android.bluetooth.hid.HidService,com.android.bluetooth,1002,0,49150,[],false,true,0,0,49160,
1431920820387,com.cleanmaster.service.PermanentService,com.cleanmaster.mguard:service,10138,1271,94138,[STARTED],false,true,1,1,42285689,
1431920820387,com.google.android.music.dial.DialMediaRouteProviderService,com.google.android.music:main,10073,0,57202,[],false,true,0,0,57212,
1431920820387,ch.unige.css.services.PingService,ch.unige.ping,10149,1632,44565765,[STARTED],false,true,0,0,44565775,
1431920820387,com.google.android.search.core.service.BroadcastListenerService,com.google.android.googlequicksearchbox:search,10026,2776,75471,[STARTED],false,true,0,0,28007607,
1431920820387,com.android.systemui.keyguard.KeyguardService,com.android.systemui,10014,930,44352,[PERSISTENT],false,false,2,2,68066,
1431920820387,openiab.StoreService,cm.aptoide.pt,10148,0,54787,[],false,true,0,0,54797,
1431920820387,ch.unige.css.services.main.CssRegistryService,ch.unige.ping:background,10149,27135,27136666,[STARTED],false,true,0,0,27136676,
1431920820387,com.google.android.finsky.billing.iab.InAppBillingService,com.android.vending,10024,19930,43270973,[],false,true,1,1,43271302,
1431920820387,org.cyanogenmod.audiofx.HeadsetService,org.cyanogenmod.audiofx,10000,1289,67364,"[PERSISTENT,STARTED]",false,true,0,0,67374,
1431920880622,com.android.bluetooth.hid.HidService,com.android.bluetooth,1002,0,49150,[],false,true,0,0,49160,
1431920880622,com.cleanmaster.service.PermanentService,com.cleanmaster.mguard:service,10138,1271,94138,[STARTED],false,true,1,1,42285689,
1431920880622,com.google.android.music.dial.DialMediaRouteProviderService,com.google.android.music:main,10073,0,57202,[],false,true,0,0,57212,
1431920880622,ch.unige.css.services.PingService,ch.unige.ping,10149,1632,44626032,[STARTED],false,true,0,0,44626042,
1431920880622,com.google.android.search.core.service.BroadcastListenerService,com.google.android.googlequicksearchbox:search,10026,2776,75471,[STARTED],false,true,0,0,28007607,
1431920880622,com.android.systemui.keyguard.KeyguardService,com.android.systemui,10014,930,44352,[PERSISTENT],false,false,2,2,68066,
1431920880622,openiab.StoreService,cm.aptoide.pt,10148,0,54787,[],false,true,0,0,54797,
1431920880622,ch.unige.css.services.main.CssRegistryService,ch.unige.ping:background,10149,27135,27136666,[STARTED],false,true,0,0,27136676,
1431920880622,com.google.android.finsky.billing.iab.InAppBillingService,com.android.vending,10024,19930,43270973,[],false,true,1,1,43271302,
1431920880622,org.cyanogenmod.audiofx.HeadsetService,org.cyanogenmod.audiofx,10000,1289,67364,"[PERSISTENT,STARTED]",false,true,0,0,67374,
1431920940784,com.android.bluetooth.hid.HidService,com.android.bluetooth,1002,0,49150,[],false,true,0,0,49160,
1431920940784,com.cleanmaster.service.PermanentService,com.cleanmaster.mguard:service,10138,1271,94138,[STARTED],false,true,1,1,42285689,
1431920940784,com.google.android.music.dial.DialMediaRouteProviderService,com.google.android.music:main,10073,0,57202,[],false,true,0,0,57212,
1431920940784,ch.unige.css.services.PingService,ch.unige.ping,10149,1632,44686164,[STARTED],false,true,0,0,44686174,
1431920940784,com.google.android.search.core.service.BroadcastListenerService,com.google.android.googlequicksearchbox:search,10026,2776,75471,[STARTED],false,true,0,0,28007607,
1431920940784,com.android.systemui.keyguard.KeyguardService,com.android.systemui,10014,930,44352,[PERSISTENT],false,false,2,2,68066,
1431920940784,openiab.StoreService,cm.aptoide.pt,10148,0,54787,[],false,true,0,0,54797,
1431920940784,ch.unige.css.services.main.CssRegistryService,ch.unige.ping:background,10149,27135,27136666,[STARTED],false,true,0,0,27136676,
1431920940784,com.google.android.finsky.billing.iab.InAppBillingService,com.android.vending,10024,19930,43270973,[],false,true,1,1,43271302,
1431920940784,org.cyanogenmod.audiofx.HeadsetService,org.cyanogenmod.audiofx,10000,1289,67364,"[PERSISTENT,STARTED]",false,true,0,0,67374,
1431921029252,com.android.bluetooth.hid.HidService,com.android.bluetooth,1002,0,49150,[],false,true,0,0,49160,
1431921029252,com.cleanmaster.service.PermanentService,com.cleanmaster.mguard:service,10138,1271,94138,[STARTED],false,true,1,1,42285689,
1431921029252,com.google.android.music.dial.DialMediaRouteProviderService,com.google.android.music:main,10073,0,57202,[],false,true,0,0,57212,
1431921029252,ch.unige.css.services.PingService,ch.unige.ping,10149,1632,44774616,[STARTED],false,true,0,0,44774626,
1431921029252,com.google.android.search.core.service.BroadcastListenerService,com.google.android.googlequicksearchbox:search,10026,2776,75471,[STARTED],false,true,0,0,28007607,
1431921029252,com.android.systemui.keyguard.KeyguardService,com.android.systemui,10014,930,44352,[PERSISTENT],false,false,2,2,68066,
1431921029252,openiab.StoreService,cm.aptoide.pt,10148,0,54787,[],false,true,0,0,54797,
1431921029252,ch.unige.css.services.main.CssRegistryService,ch.unige.ping:background,10149,27135,27136666,[STARTED],false,true,0,0,27136676,
1431921029252,com.google.android.finsky.billing.iab.InAppBillingService,com.android.vending,10024,19930,43270973,[],false,true,1,1,43271302,
1431921029252,org.cyanogenmod.audiofx.HeadsetService,org.cyanogenmod.audiofx,10000,1289,67364,"[PERSISTENT,STARTED]",false,true,0,0,67374,
1431921089327,com.android.bluetooth.hid.HidService,com.android.bluetooth,1002,0,49150,[],false,true,0,0,49160,
1431921089327,com.cleanmaster.service.PermanentService,com.cleanmaster.mguard:service,10138,1271,94138,[STARTED],false,true,1,1,42285689,
1431921089327,com.google.android.music.dial.DialMediaRouteProviderService,com.google.android.music:main,10073,0,57202,[],false,true,0,0,57212,
1431921089327,ch.unige.css.services.PingService,ch.unige.ping,10149,1632,44834703,[STARTED],false,true,0,0,44834713,
1431921089327,com.google.android.search.core.service.BroadcastListenerService,com.google.android.googlequicksearchbox:search,10026,2776,75471,[STARTED],false,true,0,0,28007607,
1431921089327,com.android.systemui.keyguard.KeyguardService,com.android.systemui,10014,930,44352,[PERSISTENT],false,false,2,2,68066,
1431921089327,openiab.StoreService,cm.aptoide.pt,10148,0,54787,[],false,true,0,0,54797,
1431921089327,ch.unige.css.services.main.CssRegistryService,ch.unige.ping:background,10149,27135,27136666,[STARTED],false,true,0,0,27136676,
1431921089327,com.google.android.finsky.billing.iab.InAppBillingService,com.android.vending,10024,19930,43270973,[],false,true,1,1,43271302,
1431921089327,org.cyanogenmod.audiofx.HeadsetService,org.cyanogenmod.audiofx,10000,1289,67364,"[PERSISTENT,STARTED]",false,true,0,0,67374,
1431921151690,com.android.bluetooth.hid.HidService,com.android.bluetooth,1002,0,49150,[],false,true,0,0,49160,
1431921151690,com.cleanmaster.service.PermanentService,com.cleanmaster.mguard:service,10138,1271,94138,[STARTED],false,true,1,1,42285689,
1431921151690,com.google.android.music.dial.DialMediaRouteProviderService,com.google.android.music:main,10073,0,57202,[],false,true,0,0,57212,
1431921151690,ch.unige.css.services.PingService,ch.unige.ping,10149,1632,44897066,[STARTED],false,true,0,0,44897076,
1431921151690,com.google.android.search.core.service.BroadcastListenerService,com.google.android.googlequicksearchbox:search,10026,2776,75471,[STARTED],false,true,0,0,28007607,
1431921151690,com.android.systemui.keyguard.KeyguardService,com.android.systemui,10014,930,44352,[PERSISTENT],false,false,2,2,68066,
1431921151690,openiab.StoreService,cm.aptoide.pt,10148,0,54787,[],false,true,0,0,54797,
1431921151690,ch.unige.css.services.main.CssRegistryService,ch.unige.ping:background,10149,27135,27136666,[STARTED],false,true,0,0,27136676,
1431921151690,com.google.android.finsky.billing.iab.InAppBillingService,com.android.vending,10024,19930,43270973,[],false,true,1,1,43271302,
1431921151690,org.cyanogenmod.audiofx.HeadsetService,org.cyanogenmod.audiofx,10000,1289,67364,"[PERSISTENT,STARTED]",false,true,0,0,67374,
1431921211757,com.android.bluetooth.hid.HidService,com.android.bluetooth,1002,0,49150,[],false,true,0,0,49160,
1431921211757,com.cleanmaster.service.PermanentService,com.cleanmaster.mguard:service,10138,1271,94138,[STARTED],false,true,1,1,42285689,
1431921211757,com.google.android.music.dial.DialMediaRouteProviderService,com.google.android.music:main,10073,0,57202,[],false,true,0,0,57212,
1431921211757,ch.unige.css.services.PingService,ch.unige.ping,10149,1632,44957151,[STARTED],false,true,0,0,44957161,
1431921211757,com.google.android.search.core.service.BroadcastListenerService,com.google.android.googlequicksearchbox:search,10026,2776,75471,[STARTED],false,true,0,0,28007607,
1431921211757,com.android.systemui.keyguard.KeyguardService,com.android.systemui,10014,930,44352,[PERSISTENT],false,false,2,2,68066,
1431921211757,openiab.StoreService,cm.aptoide.pt,10148,0,54787,[],false,true,0,0,54797,
1431921211757,ch.unige.css.services.main.CssRegistryService,ch.unige.ping:background,10149,27135,27136666,[STARTED],false,true,0,0,27136676,
1431921211757,com.google.android.finsky.billing.iab.InAppBillingService,com.android.vending,10024,19930,43270973,[],false,true,1,1,43271302,
1431921211757,org.cyanogenmod.audiofx.HeadsetService,org.cyanogenmod.audiofx,10000,1289,67364,"[PERSISTENT,STARTED]",false,true,0,0,67374,
1431921271722,com.android.bluetooth.hid.HidService,com.android.bluetooth,1002,0,49150,[],false,true,0,0,49160,
1431921271722,com.cleanmaster.service.PermanentService,com.cleanmaster.mguard:service,10138,1271,94138,[STARTED],false,true,1,1,42285689,
1431921271722,com.google.android.music.dial.DialMediaRouteProviderService,com.google.android.music:main,10073,0,57202,[],false,true,0,0,57212,
1431921271722,ch.unige.css.services.PingService,ch.unige.ping,10149,1632,45017166,[STARTED],false,true,0,0,45017176,
1431921271722,com.google.android.search.core.service.BroadcastListenerService,com.google.android.googlequicksearchbox:search,10026,2776,75471,[STARTED],false,true,0,0,28007607,
1431921271722,com.android.systemui.keyguard.KeyguardService,com.android.systemui,10014,930,44352,[PERSISTENT],false,false,2,2,68066,
1431921271722,openiab.StoreService,cm.aptoide.pt,10148,0,54787,[],false,true,0,0,54797,
1431921271722,ch.unige.css.services.main.CssRegistryService,ch.unige.ping:background,10149,27135,27136666,[STARTED],false,true,0,0,27136676,
1431921271722,com.google.android.finsky.billing.iab.InAppBillingService,com.android.vending,10024,19930,43270973,[],false,true,1,1,43271302,
1431921271722,org.cyanogenmod.audiofx.HeadsetService,org.cyanogenmod.audiofx,10000,1289,67364,"[PERSISTENT,STARTED]",false,true,0,0,67374,
1431921332239,com.android.bluetooth.hid.HidService,com.android.bluetooth,1002,0,49150,[],false,true,0,0,49160,
1431921332239,com.cleanmaster.service.PermanentService,com.cleanmaster.mguard:service,10138,1271,94138,[STARTED],false,true,1,1,42285689,
1431921332239,com.google.android.music.dial.DialMediaRouteProviderService,com.google.android.music:main,10073,0,57202,[],false,true,0,0,57212,
1431921332239,ch.unige.css.services.PingService,ch.unige.ping,10149,1632,45077648,[STARTED],false,true,0,0,45077658,
1431921332239,com.google.android.search.core.service.BroadcastListenerService,com.google.android.googlequicksearchbox:search,10026,2776,75471,[STARTED],false,true,0,0,28007607,
1431921332239,com.android.systemui.keyguard.KeyguardService,com.android.systemui,10014,930,44352,[PERSISTENT],false,false,2,2,68066,
1431921332239,openiab.StoreService,cm.aptoide.pt,10148,0,54787,[],false,true,0,0,54797,
1431921332239,ch.unige.css.services.main.CssRegistryService,ch.unige.ping:background,10149,27135,27136666,[STARTED],false,true,0,0,27136676,
1431921332239,com.google.android.finsky.billing.iab.InAppBillingService,com.android.vending,10024,19930,43270973,[],false,true,1,1,43271302,
1431921332239,org.cyanogenmod.audiofx.HeadsetService,org.cyanogenmod.audiofx,10000,1289,67364,"[PERSISTENT,STARTED]",false,true,0,0,67374,
1431921393403,com.android.bluetooth.hid.HidService,com.android.bluetooth,1002,0,49150,[],false,true,0,0,49160,
1431921393403,com.cleanmaster.service.PermanentService,com.cleanmaster.mguard:service,10138,1271,94138,[STARTED],false,true,1,1,42285689,
1431921393403,com.google.android.music.dial.DialMediaRouteProviderService,com.google.android.music:main,10073,0,57202,[],false,true,0,0,57212,
1431921393403,ch.unige.css.services.PingService,ch.unige.ping,10149,1632,45138762,[STARTED],false,true,0,0,45138772,
1431921393403,com.google.android.search.core.service.BroadcastListenerService,com.google.android.googlequicksearchbox:search,10026,2776,75471,[STARTED],false,true,0,0,28007607,
1431921393403,com.android.systemui.keyguard.KeyguardService,com.android.systemui,10014,930,44352,[PERSISTENT],false,false,2,2,68066,
1431921393403,openiab.StoreService,cm.aptoide.pt,10148,0,54787,[],false,true,0,0,54797,
1431921393403,ch.unige.css.services.main.CssRegistryService,ch.unige.ping:background,10149,27135,27136666,[STARTED],false,true,0,0,27136676,
1431921393403,com.google.android.finsky.billing.iab.InAppBillingService,com.android.vending,10024,19930,43270973,[],false,true,1,1,43271302,
1431921393403,org.cyanogenmod.audiofx.HeadsetService,org.cyanogenmod.audiofx,10000,1289,67364,"[PERSISTENT,STARTED]",false,true,0,0,67374,
1431921453562,com.android.bluetooth.hid.HidService,com.android.bluetooth,1002,0,49150,[],false,true,0,0,49160,
1431921453562,com.cleanmaster.service.PermanentService,com.cleanmaster.mguard:service,10138,1271,94138,[STARTED],false,true,1,1,42285689,
1431921453562,com.google.android.music.dial.DialMediaRouteProviderService,com.google.android.music:main,10073,0,57202,[],false,true,0,0,57212,
1431921453562,ch.unige.css.services.PingService,ch.unige.ping,10149,1632,45198926,[STARTED],false,true,0,0,45198936,
1431921453562,com.google.android.search.core.service.BroadcastListenerService,com.google.android.googlequicksearchbox:search,10026,2776,75471,[STARTED],false,true,0,0,28007607,
1431921453562,com.android.systemui.keyguard.KeyguardService,com.android.systemui,10014,930,44352,[PERSISTENT],false,false,2,2,68066,
1431921453562,openiab.StoreService,cm.aptoide.pt,10148,0,54787,[],false,true,0,0,54797,
1431921453562,ch.unige.css.services.main.CssRegistryService,ch.unige.ping:background,10149,27135,27136666,[STARTED],false,true,0,0,27136676,
1431921453562,com.google.android.finsky.billing.iab.InAppBillingService,com.android.vending,10024,19930,43270973,[],false,true,1,1,43271302,
1431921453562,org.cyanogenmod.audiofx.HeadsetService,org.cyanogenmod.audiofx,10000,1289,67364,"[PERSISTENT,STARTED]",false,true,0,0,67374,
1431921513618,com.android.bluetooth.hid.HidService,com.android.bluetooth,1002,0,49150,[],false,true,0,0,49160,
1431921513618,com.cleanmaster.service.PermanentService,com.cleanmaster.mguard:service,10138,1271,94138,[STARTED],false,true,1,1,42285689,
1431921513618,com.google.android.music.dial.DialMediaRouteProviderService,com.google.android.music:main,10073,0,57202,[],false,true,0,0,57212,
1431921513618,ch.unige.css.services.PingService,ch.unige.ping,10149,1632,45258993,[STARTED],false,true,0,0,45259004,
1431921513618,com.google.android.search.core.service.BroadcastListenerService,com.google.android.googlequicksearchbox:search,10026,2776,75471,[STARTED],false,true,0,0,28007607,
1431921513618,com.android.systemui.keyguard.KeyguardService,com.android.systemui,10014,930,44352,[PERSISTENT],false,false,2,2,68066,
1431921513618,openiab.StoreService,cm.aptoide.pt,10148,0,54787,[],false,true,0,0,54797,
1431921513618,ch.unige.css.services.main.CssRegistryService,ch.unige.ping:background,10149,27135,27136666,[STARTED],false,true,0,0,27136676,
1431921513618,com.google.android.finsky.billing.iab.InAppBillingService,com.android.vending,10024,19930,43270973,[],false,true,1,1,43271302,
1431921513618,org.cyanogenmod.audiofx.HeadsetService,org.cyanogenmod.audiofx,10000,1289,67364,"[PERSISTENT,STARTED]",false,true,0,0,67374,
1431921573637,com.android.bluetooth.hid.HidService,com.android.bluetooth,1002,0,49150,[],false,true,0,0,49160,
1431921573637,com.cleanmaster.service.PermanentService,com.cleanmaster.mguard:service,10138,1271,94138,[STARTED],false,true,1,1,42285689,
1431921573637,com.google.android.music.dial.DialMediaRouteProviderService,com.google.android.music:main,10073,0,57202,[],false,true,0,0,57212,
1431921573637,ch.unige.css.services.PingService,ch.unige.ping,10149,1632,45319054,[STARTED],false,true,0,0,45319064,
1431921573637,com.google.android.search.core.service.BroadcastListenerService,com.google.android.googlequicksearchbox:search,10026,2776,75471,[STARTED],false,true,0,0,28007607,
1431921573637,com.android.systemui.keyguard.KeyguardService,com.android.systemui,10014,930,44352,[PERSISTENT],false,false,2,2,68066,
1431921573637,openiab.StoreService,cm.aptoide.pt,10148,0,54787,[],false,true,0,0,54797,
1431921573637,ch.unige.css.services.main.CssRegistryService,ch.unige.ping:background,10149,27135,27136666,[STARTED],false,true,0,0,27136676,
1431921573637,com.google.android.finsky.billing.iab.InAppBillingService,com.android.vending,10024,19930,43270973,[],false,true,1,1,43271302,
1431921573637,org.cyanogenmod.audiofx.HeadsetService,org.cyanogenmod.audiofx,10000,1289,67364,"[PERSISTENT,STARTED]",false,true,0,0,67374,
1431921636022,com.android.bluetooth.hid.HidService,com.android.bluetooth,1002,0,49150,[],false,true,0,0,49160,
1431921636022,com.cleanmaster.service.PermanentService,com.cleanmaster.mguard:service,10138,1271,94138,[STARTED],false,true,1,1,42285689,
1431921636022,com.google.android.music.dial.DialMediaRouteProviderService,com.google.android.music:main,10073,0,57202,[],false,true,0,0,57212,
1431921636022,ch.unige.css.services.PingService,ch.unige.ping,10149,1632,45381399,[STARTED],false,true,0,0,45381409,
1431921636022,com.google.android.search.core.service.BroadcastListenerService,com.google.android.googlequicksearchbox:search,10026,2776,75471,[STARTED],false,true,0,0,28007607,
1431921636022,com.android.systemui.keyguard.KeyguardService,com.android.systemui,10014,930,44352,[PERSISTENT],false,false,2,2,68066,
1431921636022,openiab.StoreService,cm.aptoide.pt,10148,0,54787,[],false,true,0,0,54797,
1431921636022,ch.unige.css.services.main.CssRegistryService,ch.unige.ping:background,10149,27135,27136666,[STARTED],false,true,0,0,27136676,
1431921636022,com.google.android.finsky.billing.iab.InAppBillingService,com.android.vending,10024,19930,43270973,[],false,true,1,1,43271302,
1431921636022,org.cyanogenmod.audiofx.HeadsetService,org.cyanogenmod.audiofx,10000,1289,67364,"[PERSISTENT,STARTED]",false,true,0,0,67374,
1431921696126,com.android.bluetooth.hid.HidService,com.android.bluetooth,1002,0,49150,[],false,true,0,0,49160,
1431921696126,com.cleanmaster.service.PermanentService,com.cleanmaster.mguard:service,10138,1271,94138,[STARTED],false,true,1,1,42285689,
1431921696126,com.google.android.music.dial.DialMediaRouteProviderService,com.google.android.music:main,10073,0,57202,[],false,true,0,0,57212,
1431921696126,ch.unige.css.services.PingService,ch.unige.ping,10149,1632,45441515,[STARTED],false,true,0,0,45441525,
1431921696126,com.google.android.search.core.service.BroadcastListenerService,com.google.android.googlequicksearchbox:search,10026,2776,75471,[STARTED],false,true,0,0,28007607,
1431921696126,com.android.systemui.keyguard.KeyguardService,com.android.systemui,10014,930,44352,[PERSISTENT],false,false,2,2,68066,
1431921696126,openiab.StoreService,cm.aptoide.pt,10148,0,54787,[],false,true,0,0,54797,
1431921696126,ch.unige.css.services.main.CssRegistryService,ch.unige.ping:background,10149,27135,27136666,[STARTED],false,true,0,0,27136676,
1431921696126,com.google.android.finsky.billing.iab.InAppBillingService,com.android.vending,10024,19930,43270973,[],false,true,1,1,43271302,
1431921696126,org.cyanogenmod.audiofx.HeadsetService,org.cyanogenmod.audiofx,10000,1289,67364,"[PERSISTENT,STARTED]",false,true,0,0,67374,
1431921756309,com.android.bluetooth.hid.HidService,com.android.bluetooth,1002,0,49150,[],false,true,0,0,49160,
1431921756309,com.cleanmaster.service.PermanentService,com.cleanmaster.mguard:service,10138,1271,94138,[STARTED],false,true,1,1,42285689,
1431921756309,com.google.android.music.dial.DialMediaRouteProviderService,com.google.android.music:main,10073,0,57202,[],false,true,0,0,57212,
1431921756309,ch.unige.css.services.PingService,ch.unige.ping,10149,1632,45501666,[STARTED],false,true,0,0,45501675,
1431921756309,com.google.android.search.core.service.BroadcastListenerService,com.google.android.googlequicksearchbox:search,10026,2776,75471,[STARTED],false,true,0,0,28007607,
1431921756309,com.android.systemui.keyguard.KeyguardService,com.android.systemui,10014,930,44352,[PERSISTENT],false,false,2,2,68066,
1431921756309,openiab.StoreService,cm.aptoide.pt,10148,0,54787,[],false,true,0,0,54797,
1431921756309,ch.unige.css.services.main.CssRegistryService,ch.unige.ping:background,10149,27135,27136666,[STARTED],false,true,0,0,27136676,
1431921756309,com.google.android.finsky.billing.iab.InAppBillingService,com.android.vending,10024,19930,43270973,[],false,true,1,1,43271302,
1431921756309,org.cyanogenmod.audiofx.HeadsetService,org.cyanogenmod.audiofx,10000,1289,67364,"[PERSISTENT,STARTED]",false,true,0,0,67374,
1431921816531,com.android.bluetooth.hid.HidService,com.android.bluetooth,1002,0,49150,[],false,true,0,0,49160,
1431921816531,com.cleanmaster.service.PermanentService,com.cleanmaster.mguard:service,10138,1271,94138,[STARTED],false,true,1,1,42285689,
1431921816531,com.google.android.music.dial.DialMediaRouteProviderService,com.google.android.music:main,10073,0,57202,[],false,true,0,0,57212,
1431921816531,ch.unige.css.services.PingService,ch.unige.ping,10149,1632,45561905,[STARTED],false,true,0,0,45561915,
1431921816531,com.google.android.search.core.service.BroadcastListenerService,com.google.android.googlequicksearchbox:search,10026,2776,75471,[STARTED],false,true,0,0,28007607,
1431921816531,com.android.systemui.keyguard.KeyguardService,com.android.systemui,10014,930,44352,[PERSISTENT],false,false,2,2,68066,
1431921816531,openiab.StoreService,cm.aptoide.pt,10148,0,54787,[],false,true,0,0,54797,
1431921816531,ch.unige.css.services.main.CssRegistryService,ch.unige.ping:background,10149,27135,27136666,[STARTED],false,true,0,0,27136676,
1431921816531,com.google.android.finsky.billing.iab.InAppBillingService,com.android.vending,10024,19930,43270973,[],false,true,1,1,43271302,
1431921816531,org.cyanogenmod.audiofx.HeadsetService,org.cyanogenmod.audiofx,10000,1289,67364,"[PERSISTENT,STARTED]",false,true,0,0,67374,
1431921876685,com.android.bluetooth.hid.HidService,com.android.bluetooth,1002,0,49150,[],false,true,0,0,49160,
1431921876685,com.cleanmaster.service.PermanentService,com.cleanmaster.mguard:service,10138,1271,94138,[STARTED],false,true,1,1,42285689,
1431921876685,com.google.android.music.dial.DialMediaRouteProviderService,com.google.android.music:main,10073,0,57202,[],false,true,0,0,57212,
1431921876685,ch.unige.css.services.PingService,ch.unige.ping,10149,1632,45622056,[STARTED],false,true,0,0,45622066,
1431921876685,com.google.android.search.core.service.BroadcastListenerService,com.google.android.googlequicksearchbox:search,10026,2776,75471,[STARTED],false,true,0,0,28007607,
1431921876685,com.android.systemui.keyguard.KeyguardService,com.android.systemui,10014,930,44352,[PERSISTENT],false,false,2,2,68066,
1431921876685,openiab.StoreService,cm.aptoide.pt,10148,0,54787,[],false,true,0,0,54797,
1431921876685,ch.unige.css.services.main.CssRegistryService,ch.unige.ping:background,10149,27135,27136666,[STARTED],false,true,0,0,27136676,
1431921876685,com.google.android.finsky.billing.iab.InAppBillingService,com.android.vending,10024,19930,43270973,[],false,true,1,1,43271302,
1431921876685,org.cyanogenmod.audiofx.HeadsetService,org.cyanogenmod.audiofx,10000,1289,67364,"[PERSISTENT,STARTED]",false,true,0,0,67374,
1431921936835,com.android.bluetooth.hid.HidService,com.android.bluetooth,1002,0,49150,[],false,true,0,0,49160,
1431921936835,com.cleanmaster.service.PermanentService,com.cleanmaster.mguard:service,10138,1271,94138,[STARTED],false,true,1,1,42285689,
1431921936835,com.google.android.music.dial.DialMediaRouteProviderService,com.google.android.music:main,10073,0,57202,[],false,true,0,0,57212,
1431921936835,ch.unige.css.services.PingService,ch.unige.ping,10149,1632,45682205,[STARTED],false,true,0,0,45682215,
1431921936835,com.google.android.search.core.service.BroadcastListenerService,com.google.android.googlequicksearchbox:search,10026,2776,75471,[STARTED],false,true,0,0,28007607,
1431921936835,com.android.systemui.keyguard.KeyguardService,com.android.systemui,10014,930,44352,[PERSISTENT],false,false,2,2,68066,
1431921936835,openiab.StoreService,cm.aptoide.pt,10148,0,54787,[],false,true,0,0,54797,
1431921936835,ch.unige.css.services.main.CssRegistryService,ch.unige.ping:background,10149,27135,27136666,[STARTED],false,true,0,0,27136676,
1431921936835,com.google.android.finsky.billing.iab.InAppBillingService,com.android.vending,10024,19930,43270973,[],false,true,1,1,43271302,
1431921936835,org.cyanogenmod.audiofx.HeadsetService,org.cyanogenmod.audiofx,10000,1289,67364,"[PERSISTENT,STARTED]",false,true,0,0,67374,
1431921996964,com.android.bluetooth.hid.HidService,com.android.bluetooth,1002,0,49150,[],false,true,0,0,49160,
1431921996964,com.cleanmaster.service.PermanentService,com.cleanmaster.mguard:service,10138,1271,94138,[STARTED],false,true,1,1,42285689,
1431921996964,com.google.android.music.dial.DialMediaRouteProviderService,com.google.android.music:main,10073,0,57202,[],false,true,0,0,57212,
1431921996964,ch.unige.css.services.PingService,ch.unige.ping,10149,1632,45742358,[STARTED],false,true,0,0,45742368,
1431921996964,com.google.android.search.core.service.BroadcastListenerService,com.google.android.googlequicksearchbox:search,10026,2776,75471,[STARTED],false,true,0,0,28007607,
1431921996964,com.android.systemui.keyguard.KeyguardService,com.android.systemui,10014,930,44352,[PERSISTENT],false,false,2,2,68066,
1431921996964,openiab.StoreService,cm.aptoide.pt,10148,0,54787,[],false,true,0,0,54797,
1431921996964,ch.unige.css.services.main.CssRegistryService,ch.unige.ping:background,10149,27135,27136666,[STARTED],false,true,0,0,27136676,
1431921996964,com.google.android.finsky.billing.iab.InAppBillingService,com.android.vending,10024,19930,43270973,[],false,true,1,1,43271302,
1431921996964,org.cyanogenmod.audiofx.HeadsetService,org.cyanogenmod.audiofx,10000,1289,67364,"[PERSISTENT,STARTED]",false,true,0,0,67374,
1431922057089,com.android.bluetooth.hid.HidService,com.android.bluetooth,1002,0,49150,[],false,true,0,0,49160,
1431922057089,com.cleanmaster.service.PermanentService,com.cleanmaster.mguard:service,10138,1271,94138,[STARTED],false,true,1,1,42285689,
1431922057089,com.google.android.music.dial.DialMediaRouteProviderService,com.google.android.music:main,10073,0,57202,[],false,true,0,0,57212,
1431922057089,ch.unige.css.services.PingService,ch.unige.ping,10149,1632,45802465,[STARTED],false,true,0,0,45802475,
1431922057089,com.google.android.search.core.service.BroadcastListenerService,com.google.android.googlequicksearchbox:search,10026,2776,75471,[STARTED],false,true,0,0,28007607,
1431922057089,com.android.systemui.keyguard.KeyguardService,com.android.systemui,10014,930,44352,[PERSISTENT],false,false,2,2,68066,
1431922057089,openiab.StoreService,cm.aptoide.pt,10148,0,54787,[],false,true,0,0,54797,
1431922057089,ch.unige.css.services.main.CssRegistryService,ch.unige.ping:background,10149,27135,27136666,[STARTED],false,true,0,0,27136676,
1431922057089,com.google.android.finsky.billing.iab.InAppBillingService,com.android.vending,10024,19930,43270973,[],false,true,1,1,43271302,
1431922057089,org.cyanogenmod.audiofx.HeadsetService,org.cyanogenmod.audiofx,10000,1289,67364,"[PERSISTENT,STARTED]",false,true,0,0,67374,
1431922117219,com.android.bluetooth.hid.HidService,com.android.bluetooth,1002,0,49150,[],false,true,0,0,49160,
1431922117219,com.cleanmaster.service.PermanentService,com.cleanmaster.mguard:service,10138,1271,94138,[STARTED],false,true,1,1,42285689,
1431922117219,com.google.android.music.dial.DialMediaRouteProviderService,com.google.android.music:main,10073,0,57202,[],false,true,0,0,57212,
1431922117219,ch.unige.css.services.PingService,ch.unige.ping,10149,1632,45862602,[STARTED],false,true,0,0,45862612,
1431922117219,com.google.android.search.core.service.BroadcastListenerService,com.google.android.googlequicksearchbox:search,10026,2776,75471,[STARTED],false,true,0,0,28007607,
1431922117219,com.android.systemui.keyguard.KeyguardService,com.android.systemui,10014,930,44352,[PERSISTENT],false,false,2,2,68066,
1431922117219,openiab.StoreService,cm.aptoide.pt,10148,0,54787,[],false,true,0,0,54797,
1431922117219,ch.unige.css.services.main.CssRegistryService,ch.unige.ping:background,10149,27135,27136666,[STARTED],false,true,0,0,27136676,
1431922117219,com.google.android.finsky.billing.iab.InAppBillingService,com.android.vending,10024,19930,43270973,[],false,true,1,1,43271302,
1431922117219,org.cyanogenmod.audiofx.HeadsetService,org.cyanogenmod.audiofx,10000,1289,67364,"[PERSISTENT,STARTED]",false,true,0,0,67374,
1431922177316,com.android.bluetooth.hid.HidService,com.android.bluetooth,1002,0,49150,[],false,true,0,0,49160,
1431922177316,com.cleanmaster.service.PermanentService,com.cleanmaster.mguard:service,10138,1271,94138,[STARTED],false,true,1,1,42285689,
1431922177316,com.google.android.music.dial.DialMediaRouteProviderService,com.google.android.music:main,10073,0,57202,[],false,true,0,0,57212,
1431922177316,ch.unige.css.services.PingService,ch.unige.ping,10149,1632,45922712,[STARTED],false,true,0,0,45922722,
1431922177316,com.google.android.search.core.service.BroadcastListenerService,com.google.android.googlequicksearchbox:search,10026,2776,75471,[STARTED],false,true,0,0,28007607,
1431922177316,com.android.systemui.keyguard.KeyguardService,com.android.systemui,10014,930,44352,[PERSISTENT],false,false,2,2,68066,
1431922177316,openiab.StoreService,cm.aptoide.pt,10148,0,54787,[],false,true,0,0,54797,
1431922177316,ch.unige.css.services.main.CssRegistryService,ch.unige.ping:background,10149,27135,27136666,[STARTED],false,true,0,0,27136676,
1431922177316,com.google.android.finsky.billing.iab.InAppBillingService,com.android.vending,10024,19930,43270973,[],false,true,1,1,43271302,
1431922177316,org.cyanogenmod.audiofx.HeadsetService,org.cyanogenmod.audiofx,10000,1289,67364,"[PERSISTENT,STARTED]",false,true,0,0,67374,
1431922237483,com.android.bluetooth.hid.HidService,com.android.bluetooth,1002,0,49150,[],false,true,0,0,49160,
1431922237483,com.cleanmaster.service.PermanentService,com.cleanmaster.mguard:service,10138,1271,94138,[STARTED],false,true,1,1,42285689,
1431922237483,com.google.android.music.dial.DialMediaRouteProviderService,com.google.android.music:main,10073,0,57202,[],false,true,0,0,57212,
1431922237483,ch.unige.css.services.PingService,ch.unige.ping,10149,1632,45982850,[STARTED],false,true,0,0,45982860,
1431922237483,com.google.android.search.core.service.BroadcastListenerService,com.google.android.googlequicksearchbox:search,10026,2776,75471,[STARTED],false,true,0,0,28007607,
1431922237483,com.android.systemui.keyguard.KeyguardService,com.android.systemui,10014,930,44352,[PERSISTENT],false,false,2,2,68066,
1431922237483,openiab.StoreService,cm.aptoide.pt,10148,0,54787,[],false,true,0,0,54797,
1431922237483,ch.unige.css.services.main.CssRegistryService,ch.unige.ping:background,10149,27135,27136666,[STARTED],false,true,0,0,27136676,
1431922237483,com.google.android.finsky.billing.iab.InAppBillingService,com.android.vending,10024,19930,43270973,[],false,true,1,1,43271302,
1431922237483,org.cyanogenmod.audiofx.HeadsetService,org.cyanogenmod.audiofx,10000,1289,67364,"[PERSISTENT,STARTED]",false,true,0,0,67374,
1431922297675,com.android.bluetooth.hid.HidService,com.android.bluetooth,1002,0,49150,[],false,true,0,0,49160,
1431922297675,com.cleanmaster.service.PermanentService,com.cleanmaster.mguard:service,10138,1271,94138,[STARTED],false,true,1,1,42285689,
1431922297675,com.google.android.music.dial.DialMediaRouteProviderService,com.google.android.music:main,10073,0,57202,[],false,true,0,0,57212,
1431922297675,ch.unige.css.services.PingService,ch.unige.ping,10149,1632,46043001,[STARTED],false,true,0,0,46043011,
1431922297675,com.google.android.search.core.service.BroadcastListenerService,com.google.android.googlequicksearchbox:search,10026,2776,75471,[STARTED],false,true,0,0,28007607,
1431922297675,com.android.systemui.keyguard.KeyguardService,com.android.systemui,10014,930,44352,[PERSISTENT],false,false,2,2,68066,
1431922297675,openiab.StoreService,cm.aptoide.pt,10148,0,54787,[],false,true,0,0,54797,
1431922297675,ch.unige.css.services.main.CssRegistryService,ch.unige.ping:background,10149,27135,27136666,[STARTED],false,true,0,0,27136676,
1431922297675,com.google.android.finsky.billing.iab.InAppBillingService,com.android.vending,10024,19930,43270973,[],false,true,1,1,43271302,
1431922297675,org.cyanogenmod.audiofx.HeadsetService,org.cyanogenmod.audiofx,10000,1289,67364,"[PERSISTENT,STARTED]",false,true,0,0,67374,
1431922357858,com.android.bluetooth.hid.HidService,com.android.bluetooth,1002,0,49150,[],false,true,0,0,49160,
1431922357858,com.cleanmaster.service.PermanentService,com.cleanmaster.mguard:service,10138,1271,94138,[STARTED],false,true,1,1,42285689,
1431922357858,com.google.android.music.dial.DialMediaRouteProviderService,com.google.android.music:main,10073,0,57202,[],false,true,0,0,57212,
1431922357858,ch.unige.css.services.PingService,ch.unige.ping,10149,1632,46103239,[STARTED],false,true,0,0,46103249,
1431922357858,com.google.android.search.core.service.BroadcastListenerService,com.google.android.googlequicksearchbox:search,10026,2776,75471,[STARTED],false,true,0,0,28007607,
1431922357858,com.android.systemui.keyguard.KeyguardService,com.android.systemui,10014,930,44352,[PERSISTENT],false,false,2,2,68066,
1431922357858,openiab.StoreService,cm.aptoide.pt,10148,0,54787,[],false,true,0,0,54797,
1431922357858,ch.unige.css.services.main.CssRegistryService,ch.unige.ping:background,10149,27135,27136666,[STARTED],false,true,0,0,27136676,
1431922357858,com.google.android.finsky.billing.iab.InAppBillingService,com.android.vending,10024,19930,43270973,[],false,true,1,1,43271302,
1431922357858,org.cyanogenmod.audiofx.HeadsetService,org.cyanogenmod.audiofx,10000,1289,67364,"[PERSISTENT,STARTED]",false,true,0,0,67374,
1431922417950,com.android.bluetooth.hid.HidService,com.android.bluetooth,1002,0,49150,[],false,true,0,0,49160,
1431922417950,com.cleanmaster.service.PermanentService,com.cleanmaster.mguard:service,10138,1271,94138,[STARTED],false,true,1,1,42285689,
1431922417950,com.google.android.music.dial.DialMediaRouteProviderService,com.google.android.music:main,10073,0,57202,[],false,true,0,0,57212,
1431922417950,ch.unige.css.services.PingService,ch.unige.ping,10149,1632,46163352,[STARTED],false,true,0,0,46163362,
1431922417950,com.google.android.search.core.service.BroadcastListenerService,com.google.android.googlequicksearchbox:search,10026,2776,75471,[STARTED],false,true,0,0,28007607,
1431922417950,com.android.systemui.keyguard.KeyguardService,com.android.systemui,10014,930,44352,[PERSISTENT],false,false,2,2,68066,
1431922417950,openiab.StoreService,cm.aptoide.pt,10148,0,54787,[],false,true,0,0,54797,
1431922417950,ch.unige.css.services.main.CssRegistryService,ch.unige.ping:background,10149,27135,27136666,[STARTED],false,true,0,0,27136676,
1431922417950,com.google.android.finsky.billing.iab.InAppBillingService,com.android.vending,10024,19930,43270973,[],false,true,1,1,43271302,
1431922417950,org.cyanogenmod.audiofx.HeadsetService,org.cyanogenmod.audiofx,10000,1289,67364,"[PERSISTENT,STARTED]",false,true,0,0,67374,
1431922478107,com.android.bluetooth.hid.HidService,com.android.bluetooth,1002,0,49150,[],false,true,0,0,49160,
1431922478107,com.cleanmaster.service.PermanentService,com.cleanmaster.mguard:service,10138,1271,94138,[STARTED],false,true,1,1,42285689,
1431922478107,com.google.android.music.dial.DialMediaRouteProviderService,com.google.android.music:main,10073,0,57202,[],false,true,0,0,57212,
1431922478107,ch.unige.css.services.PingService,ch.unige.ping,10149,1632,46223425,[STARTED],false,true,0,0,46223435,
1431922478107,com.google.android.search.core.service.BroadcastListenerService,com.google.android.googlequicksearchbox:search,10026,2776,75471,[STARTED],false,true,0,0,28007607,
1431922478107,com.android.systemui.keyguard.KeyguardService,com.android.systemui,10014,930,44352,[PERSISTENT],false,false,2,2,68066,
1431922478107,openiab.StoreService,cm.aptoide.pt,10148,0,54787,[],false,true,0,0,54797,
1431922478107,ch.unige.css.services.main.CssRegistryService,ch.unige.ping:background,10149,27135,27136666,[STARTED],false,true,0,0,27136676,
1431922478107,com.google.android.finsky.billing.iab.InAppBillingService,com.android.vending,10024,19930,43270973,[],false,true,1,1,43271302,
1431922478107,org.cyanogenmod.audiofx.HeadsetService,org.cyanogenmod.audiofx,10000,1289,67364,"[PERSISTENT,STARTED]",false,true,0,0,67374,
1431922538105,com.android.bluetooth.hid.HidService,com.android.bluetooth,1002,0,49150,[],false,true,0,0,49160,
1431922538105,com.cleanmaster.service.PermanentService,com.cleanmaster.mguard:service,10138,1271,94138,[STARTED],false,true,1,1,42285689,
1431922538105,com.google.android.music.dial.DialMediaRouteProviderService,com.google.android.music:main,10073,0,57202,[],false,true,0,0,57212,
1431922538105,ch.unige.css.services.PingService,ch.unige.ping,10149,1632,46283495,[STARTED],false,true,0,0,46283505,
1431922538105,com.google.android.search.core.service.BroadcastListenerService,com.google.android.googlequicksearchbox:search,10026,2776,75471,[STARTED],false,true,0,0,28007607,
1431922538105,com.android.systemui.keyguard.KeyguardService,com.android.systemui,10014,930,44352,[PERSISTENT],false,false,2,2,68066,
1431922538105,openiab.StoreService,cm.aptoide.pt,10148,0,54787,[],false,true,0,0,54797,
1431922538105,ch.unige.css.services.main.CssRegistryService,ch.unige.ping:background,10149,27135,27136666,[STARTED],false,true,0,0,27136676,
1431922538105,com.google.android.finsky.billing.iab.InAppBillingService,com.android.vending,10024,19930,43270973,[],false,true,1,1,43271302,
1431922538105,org.cyanogenmod.audiofx.HeadsetService,org.cyanogenmod.audiofx,10000,1289,67364,"[PERSISTENT,STARTED]",false,true,0,0,67374,
1431922598254,com.android.bluetooth.hid.HidService,com.android.bluetooth,1002,0,49150,[],false,true,0,0,49160,
1431922598254,com.cleanmaster.service.PermanentService,com.cleanmaster.mguard:service,10138,1271,94138,[STARTED],false,true,1,1,46336583,
1431922598254,com.google.android.music.dial.DialMediaRouteProviderService,com.google.android.music:main,10073,0,57202,[],false,true,0,0,57212,
1431922598254,ch.unige.css.services.PingService,ch.unige.ping,10149,1632,46343686,[STARTED],false,true,0,0,46343696,
1431922598254,com.google.android.search.core.service.BroadcastListenerService,com.google.android.googlequicksearchbox:search,10026,2776,75471,[STARTED],false,true,0,0,28007607,
1431922598254,com.android.systemui.keyguard.KeyguardService,com.android.systemui,10014,930,44352,[PERSISTENT],false,false,2,2,68066,
1431922598254,openiab.StoreService,cm.aptoide.pt,10148,0,54787,[],false,true,0,0,54797,
1431922598254,ch.unige.css.services.main.CssRegistryService,ch.unige.ping:background,10149,27135,27136666,[STARTED],false,true,0,0,27136676,
1431922598254,com.google.android.finsky.billing.iab.InAppBillingService,com.android.vending,10024,19930,43270973,[],false,true,1,1,43271302,
1431922598254,org.cyanogenmod.audiofx.HeadsetService,org.cyanogenmod.audiofx,10000,1289,67364,"[PERSISTENT,STARTED]",false,true,0,0,67374,
1431922658326,com.android.bluetooth.hid.HidService,com.android.bluetooth,1002,0,49150,[],false,true,0,0,49160,
1431922658326,com.cleanmaster.service.PermanentService,com.cleanmaster.mguard:service,10138,1271,94138,[STARTED],false,true,1,1,46346715,
1431922658326,com.google.android.music.dial.DialMediaRouteProviderService,com.google.android.music:main,10073,0,57202,[],false,true,0,0,57212,
1431922658326,ch.unige.css.services.PingService,ch.unige.ping,10149,1632,46403739,[STARTED],false,true,0,0,46403749,
1431922658326,com.google.android.search.core.service.BroadcastListenerService,com.google.android.googlequicksearchbox:search,10026,2776,75471,[STARTED],false,true,0,0,28007607,
1431922658326,com.android.systemui.keyguard.KeyguardService,com.android.systemui,10014,930,44352,[PERSISTENT],false,false,2,2,68066,
1431922658326,openiab.StoreService,cm.aptoide.pt,10148,0,54787,[],false,true,0,0,54797,
1431922658326,ch.unige.css.services.main.CssRegistryService,ch.unige.ping:background,10149,27135,27136666,[STARTED],false,true,0,0,27136676,
1431922658326,com.google.android.finsky.billing.iab.InAppBillingService,com.android.vending,10024,19930,43270973,[],false,true,1,1,43271302,
1431922658326,org.cyanogenmod.audiofx.HeadsetService,org.cyanogenmod.audiofx,10000,1289,67364,"[PERSISTENT,STARTED]",false,true,0,0,67374,
1431922720832,com.android.bluetooth.hid.HidService,com.android.bluetooth,1002,0,49150,[],false,true,0,0,49160,
1431922720832,com.cleanmaster.service.PermanentService,com.cleanmaster.mguard:service,10138,1271,94138,[STARTED],false,true,1,1,46346715,
1431922720832,com.google.android.music.dial.DialMediaRouteProviderService,com.google.android.music:main,10073,0,57202,[],false,true,0,0,57212,
1431922720832,ch.unige.css.services.PingService,ch.unige.ping,10149,1632,46466124,[STARTED],false,true,0,0,46466133,
1431922720832,com.google.android.search.core.service.BroadcastListenerService,com.google.android.googlequicksearchbox:search,10026,2776,75471,[STARTED],false,true,0,0,28007607,
1431922720832,com.android.systemui.keyguard.KeyguardService,com.android.systemui,10014,930,44352,[PERSISTENT],false,false,2,2,68066,
1431922720832,openiab.StoreService,cm.aptoide.pt,10148,0,54787,[],false,true,0,0,54797,
1431922720832,ch.unige.css.services.main.CssRegistryService,ch.unige.ping:background,10149,27135,27136666,[STARTED],false,true,0,0,27136676,
1431922720832,com.google.android.finsky.billing.iab.InAppBillingService,com.android.vending,10024,19930,43270973,[],false,true,1,1,43271302,
1431922720832,org.cyanogenmod.audiofx.HeadsetService,org.cyanogenmod.audiofx,10000,1289,67364,"[PERSISTENT,STARTED]",false,true,0,0,67374,
1431922780858,com.android.bluetooth.hid.HidService,com.android.bluetooth,1002,0,49150,[],false,true,0,0,49160,
1431922780858,com.cleanmaster.service.PermanentService,com.cleanmaster.mguard:service,10138,1271,94138,[STARTED],false,true,1,1,46346715,
1431922780858,com.google.android.music.dial.DialMediaRouteProviderService,com.google.android.music:main,10073,0,57202,[],false,true,0,0,57212,
1431922780858,ch.unige.css.services.PingService,ch.unige.ping,10149,1632,46526253,[STARTED],false,true,0,0,46526263,
1431922780858,com.google.android.search.core.service.BroadcastListenerService,com.google.android.googlequicksearchbox:search,10026,2776,75471,[STARTED],false,true,0,0,28007607,
1431922780858,com.android.systemui.keyguard.KeyguardService,com.android.systemui,10014,930,44352,[PERSISTENT],false,false,2,2,68066,
1431922780858,openiab.StoreService,cm.aptoide.pt,10148,0,54787,[],false,true,0,0,54797,
1431922780858,ch.unige.css.services.main.CssRegistryService,ch.unige.ping:background,10149,27135,27136666,[STARTED],false,true,0,0,27136676,
1431922780858,com.google.android.finsky.billing.iab.InAppBillingService,com.android.vending,10024,19930,43270973,[],false,true,1,1,43271302,
1431922780858,org.cyanogenmod.audiofx.HeadsetService,org.cyanogenmod.audiofx,10000,1289,67364,"[PERSISTENT,STARTED]",false,true,0,0,67374,
1431922846532,com.android.bluetooth.hid.HidService,com.android.bluetooth,1002,0,49150,[],false,true,0,0,49160,
1431922846532,com.cleanmaster.service.PermanentService,com.cleanmaster.mguard:service,10138,1271,94138,[STARTED],false,true,1,1,46346715,
1431922846532,com.google.android.music.dial.DialMediaRouteProviderService,com.google.android.music:main,10073,0,57202,[],false,true,0,0,57212,
1431922846532,ch.unige.css.services.PingService,ch.unige.ping,10149,1632,46591898,[STARTED],false,true,0,0,46591908,
1431922846532,com.google.android.search.core.service.BroadcastListenerService,com.google.android.googlequicksearchbox:search,10026,2776,75471,[STARTED],false,true,0,0,28007607,
1431922846532,com.android.systemui.keyguard.KeyguardService,com.android.systemui,10014,930,44352,[PERSISTENT],false,false,2,2,68066,
1431922846532,openiab.StoreService,cm.aptoide.pt,10148,0,54787,[],false,true,0,0,54797,
1431922846532,ch.unige.css.services.main.CssRegistryService,ch.unige.ping:background,10149,27135,27136666,[STARTED],false,true,0,0,27136676,
1431922846532,com.google.android.finsky.billing.iab.InAppBillingService,com.android.vending,10024,19930,43270973,[],false,true,1,1,43271302,
1431922846532,org.cyanogenmod.audiofx.HeadsetService,org.cyanogenmod.audiofx,10000,1289,67364,"[PERSISTENT,STARTED]",false,true,0,0,67374,
1431922906655,com.android.bluetooth.hid.HidService,com.android.bluetooth,1002,0,49150,[],false,true,0,0,49160,
1431922906655,com.cleanmaster.service.PermanentService,com.cleanmaster.mguard:service,10138,1271,94138,[STARTED],false,true,1,1,46346715,
1431922906655,com.google.android.music.dial.DialMediaRouteProviderService,com.google.android.music:main,10073,0,57202,[],false,true,0,0,57212,
1431922906655,ch.unige.css.services.PingService,ch.unige.ping,10149,1632,46652048,[STARTED],false,true,0,0,46652058,
1431922906655,com.google.android.search.core.service.BroadcastListenerService,com.google.android.googlequicksearchbox:search,10026,2776,75471,[STARTED],false,true,0,0,28007607,
1431922906655,com.android.systemui.keyguard.KeyguardService,com.android.systemui,10014,930,44352,[PERSISTENT],false,false,2,2,68066,
1431922906655,openiab.StoreService,cm.aptoide.pt,10148,0,54787,[],false,true,0,0,54797,
1431922906655,ch.unige.css.services.main.CssRegistryService,ch.unige.ping:background,10149,27135,27136666,[STARTED],false,true,0,0,27136676,
1431922906655,com.google.android.finsky.billing.iab.InAppBillingService,com.android.vending,10024,19930,43270973,[],false,true,1,1,43271302,
1431922906655,org.cyanogenmod.audiofx.HeadsetService,org.cyanogenmod.audiofx,10000,1289,67364,"[PERSISTENT,STARTED]",false,true,0,0,67374,
1431922966750,com.android.bluetooth.hid.HidService,com.android.bluetooth,1002,0,49150,[],false,true,0,0,49160,
1431922966750,com.cleanmaster.service.PermanentService,com.cleanmaster.mguard:service,10138,1271,94138,[STARTED],false,true,1,1,46346715,
1431922966750,com.google.android.music.dial.DialMediaRouteProviderService,com.google.android.music:main,10073,0,57202,[],false,true,0,0,57212,
1431922966750,ch.unige.css.services.PingService,ch.unige.ping,10149,1632,46712153,[STARTED],false,true,0,0,46712163,
1431922966750,com.google.android.search.core.service.BroadcastListenerService,com.google.android.googlequicksearchbox:search,10026,2776,75471,[STARTED],false,true,0,0,28007607,
1431922966750,com.android.systemui.keyguard.KeyguardService,com.android.systemui,10014,930,44352,[PERSISTENT],false,false,2,2,68066,
1431922966750,openiab.StoreService,cm.aptoide.pt,10148,0,54787,[],false,true,0,0,54797,
1431922966750,ch.unige.css.services.main.CssRegistryService,ch.unige.ping:background,10149,27135,27136666,[STARTED],false,true,0,0,27136676,
1431922966750,com.google.android.finsky.billing.iab.InAppBillingService,com.android.vending,10024,19930,43270973,[],false,true,1,1,43271302,
1431922966750,org.cyanogenmod.audiofx.HeadsetService,org.cyanogenmod.audiofx,10000,1289,67364,"[PERSISTENT,STARTED]",false,true,0,0,67374,
1431923026845,com.android.bluetooth.hid.HidService,com.android.bluetooth,1002,0,49150,[],false,true,0,0,49160,
1431923026845,com.cleanmaster.service.PermanentService,com.cleanmaster.mguard:service,10138,1271,94138,[STARTED],false,true,1,1,46346715,
1431923026845,com.google.android.music.dial.DialMediaRouteProviderService,com.google.android.music:main,10073,0,57202,[],false,true,0,0,57212,
1431923026845,ch.unige.css.services.PingService,ch.unige.ping,10149,1632,46772245,[STARTED],false,true,0,0,46772255,
1431923026845,com.google.android.search.core.service.BroadcastListenerService,com.google.android.googlequicksearchbox:search,10026,2776,75471,[STARTED],false,true,0,0,28007607,
1431923026845,com.android.systemui.keyguard.KeyguardService,com.android.systemui,10014,930,44352,[PERSISTENT],false,false,2,2,68066,
1431923026845,openiab.StoreService,cm.aptoide.pt,10148,0,54787,[],false,true,0,0,54797,
1431923026845,ch.unige.css.services.main.CssRegistryService,ch.unige.ping:background,10149,27135,27136666,[STARTED],false,true,0,0,27136676,
1431923026845,com.google.android.finsky.billing.iab.InAppBillingService,com.android.vending,10024,19930,43270973,[],false,true,1,1,43271302,
1431923026845,org.cyanogenmod.audiofx.HeadsetService,org.cyanogenmod.audiofx,10000,1289,67364,"[PERSISTENT,STARTED]",false,true,0,0,67374,
1431923086874,com.android.bluetooth.hid.HidService,com.android.bluetooth,1002,0,49150,[],false,true,0,0,49160,
1431923086874,com.cleanmaster.service.PermanentService,com.cleanmaster.mguard:service,10138,1271,94138,[STARTED],false,true,1,1,46346715,
1431923086874,com.google.android.music.dial.DialMediaRouteProviderService,com.google.android.music:main,10073,0,57202,[],false,true,0,0,57212,
1431923086874,ch.unige.css.services.PingService,ch.unige.ping,10149,1632,46832297,[STARTED],false,true,0,0,46832307,
1431923086874,com.google.android.search.core.service.BroadcastListenerService,com.google.android.googlequicksearchbox:search,10026,2776,75471,[STARTED],false,true,0,0,28007607,
1431923086874,com.android.systemui.keyguard.KeyguardService,com.android.systemui,10014,930,44352,[PERSISTENT],false,false,2,2,68066,
1431923086874,openiab.StoreService,cm.aptoide.pt,10148,0,54787,[],false,true,0,0,54797,
1431923086874,ch.unige.css.services.main.CssRegistryService,ch.unige.ping:background,10149,27135,27136666,[STARTED],false,true,0,0,27136676,
1431923086874,com.google.android.finsky.billing.iab.InAppBillingService,com.android.vending,10024,19930,43270973,[],false,true,1,1,43271302,
1431923086874,org.cyanogenmod.audiofx.HeadsetService,org.cyanogenmod.audiofx,10000,1289,67364,"[PERSISTENT,STARTED]",false,true,0,0,67374,
1431923149373,com.android.bluetooth.hid.HidService,com.android.bluetooth,1002,0,49150,[],false,true,0,0,49160,
1431923149373,com.cleanmaster.service.PermanentService,com.cleanmaster.mguard:service,10138,1271,94138,[STARTED],false,true,1,1,46346715,
1431923149373,com.google.android.music.dial.DialMediaRouteProviderService,com.google.android.music:main,10073,0,57202,[],false,true,0,0,57212,
1431923149373,ch.unige.css.services.PingService,ch.unige.ping,10149,1632,46894609,[STARTED],false,true,0,0,46894619,
1431923149373,com.google.android.search.core.service.BroadcastListenerService,com.google.android.googlequicksearchbox:search,10026,2776,75471,[STARTED],false,true,0,0,28007607,
1431923149373,com.android.systemui.keyguard.KeyguardService,com.android.systemui,10014,930,44352,[PERSISTENT],false,false,2,2,68066,
1431923149373,openiab.StoreService,cm.aptoide.pt,10148,0,54787,[],false,true,0,0,54797,
1431923149373,ch.unige.css.services.main.CssRegistryService,ch.unige.ping:background,10149,27135,27136666,[STARTED],false,true,0,0,27136676,
1431923149373,com.google.android.finsky.billing.iab.InAppBillingService,com.android.vending,10024,19930,43270973,[],false,true,1,1,43271302,
1431923149373,org.cyanogenmod.audiofx.HeadsetService,org.cyanogenmod.audiofx,10000,1289,67364,"[PERSISTENT,STARTED]",false,true,0,0,67374,
1431923209269,com.android.bluetooth.hid.HidService,com.android.bluetooth,1002,0,49150,[],false,true,0,0,49160,
1431923209269,com.cleanmaster.service.PermanentService,com.cleanmaster.mguard:service,10138,1271,94138,[STARTED],false,true,1,1,46346715,
1431923209269,com.google.android.music.dial.DialMediaRouteProviderService,com.google.android.music:main,10073,0,57202,[],false,true,0,0,57212,
1431923209269,ch.unige.css.services.PingService,ch.unige.ping,10149,1632,46954693,[STARTED],false,true,0,0,46954703,
1431923209269,com.google.android.search.core.service.BroadcastListenerService,com.google.android.googlequicksearchbox:search,10026,2776,75471,[STARTED],false,true,0,0,28007607,
1431923209269,com.android.systemui.keyguard.KeyguardService,com.android.systemui,10014,930,44352,[PERSISTENT],false,false,2,2,68066,
1431923209269,openiab.StoreService,cm.aptoide.pt,10148,0,54787,[],false,true,0,0,54797,
1431923209269,ch.unige.css.services.main.CssRegistryService,ch.unige.ping:background,10149,27135,27136666,[STARTED],false,true,0,0,27136676,
1431923209269,com.google.android.finsky.billing.iab.InAppBillingService,com.android.vending,10024,19930,43270973,[],false,true,1,1,43271302,
1431923209269,org.cyanogenmod.audiofx.HeadsetService,org.cyanogenmod.audiofx,10000,1289,67364,"[PERSISTENT,STARTED]",false,true,0,0,67374,
1431923269427,com.android.bluetooth.hid.HidService,com.android.bluetooth,1002,0,49150,[],false,true,0,0,49160,
1431923269427,com.cleanmaster.service.PermanentService,com.cleanmaster.mguard:service,10138,1271,94138,[STARTED],false,true,1,1,46346715,
1431923269427,com.google.android.music.dial.DialMediaRouteProviderService,com.google.android.music:main,10073,0,57202,[],false,true,0,0,57212,
1431923269427,ch.unige.css.services.PingService,ch.unige.ping,10149,1632,47014744,[STARTED],false,true,0,0,47014754,
1431923269427,com.google.android.search.core.service.BroadcastListenerService,com.google.android.googlequicksearchbox:search,10026,2776,75471,[STARTED],false,true,0,0,28007607,
1431923269427,com.android.systemui.keyguard.KeyguardService,com.android.systemui,10014,930,44352,[PERSISTENT],false,false,2,2,68066,
1431923269427,openiab.StoreService,cm.aptoide.pt,10148,0,54787,[],false,true,0,0,54797,
1431923269427,ch.unige.css.services.main.CssRegistryService,ch.unige.ping:background,10149,27135,27136666,[STARTED],false,true,0,0,27136676,
1431923269427,com.google.android.finsky.billing.iab.InAppBillingService,com.android.vending,10024,19930,43270973,[],false,true,1,1,43271302,
1431923269427,org.cyanogenmod.audiofx.HeadsetService,org.cyanogenmod.audiofx,10000,1289,67364,"[PERSISTENT,STARTED]",false,true,0,0,67374,
1431923331817,com.android.bluetooth.hid.HidService,com.android.bluetooth,1002,0,49150,[],false,true,0,0,49160,
1431923331817,com.cleanmaster.service.PermanentService,com.cleanmaster.mguard:service,10138,1271,94138,[STARTED],false,true,1,1,46346715,
1431923331817,com.google.android.music.dial.DialMediaRouteProviderService,com.google.android.music:main,10073,0,57202,[],false,true,0,0,57212,
1431923331817,ch.unige.css.services.PingService,ch.unige.ping,10149,1632,47077238,[STARTED],false,true,0,0,47077248,
1431923331817,com.google.android.search.core.service.BroadcastListenerService,com.google.android.googlequicksearchbox:search,10026,2776,75471,[STARTED],false,true,0,0,28007607,
1431923331817,com.android.systemui.keyguard.KeyguardService,com.android.systemui,10014,930,44352,[PERSISTENT],false,false,2,2,68066,
1431923331817,openiab.StoreService,cm.aptoide.pt,10148,0,54787,[],false,true,0,0,54797,
1431923331817,ch.unige.css.services.main.CssRegistryService,ch.unige.ping:background,10149,27135,27136666,[STARTED],false,true,0,0,27136676,
1431923331817,com.google.android.finsky.billing.iab.InAppBillingService,com.android.vending,10024,19930,43270973,[],false,true,1,1,43271302,
1431923331817,org.cyanogenmod.audiofx.HeadsetService,org.cyanogenmod.audiofx,10000,1289,67364,"[PERSISTENT,STARTED]",false,true,0,0,67374,
1431923391910,com.android.bluetooth.hid.HidService,com.android.bluetooth,1002,0,49150,[],false,true,0,0,49160,
1431923391910,com.cleanmaster.service.PermanentService,com.cleanmaster.mguard:service,10138,1271,94138,[STARTED],false,true,1,1,46346715,
1431923391910,com.google.android.music.dial.DialMediaRouteProviderService,com.google.android.music:main,10073,0,57202,[],false,true,0,0,57212,
1431923391910,ch.unige.css.services.PingService,ch.unige.ping,10149,1632,47137304,[STARTED],false,true,0,0,47137314,
1431923391910,com.google.android.search.core.service.BroadcastListenerService,com.google.android.googlequicksearchbox:search,10026,2776,75471,[STARTED],false,true,0,0,28007607,
1431923391910,com.android.systemui.keyguard.KeyguardService,com.android.systemui,10014,930,44352,[PERSISTENT],false,false,2,2,68066,
1431923391910,openiab.StoreService,cm.aptoide.pt,10148,0,54787,[],false,true,0,0,54797,
1431923391910,ch.unige.css.services.main.CssRegistryService,ch.unige.ping:background,10149,27135,27136666,[STARTED],false,true,0,0,27136676,
1431923391910,com.google.android.finsky.billing.iab.InAppBillingService,com.android.vending,10024,19930,43270973,[],false,true,1,1,43271302,
1431923391910,org.cyanogenmod.audiofx.HeadsetService,org.cyanogenmod.audiofx,10000,1289,67364,"[PERSISTENT,STARTED]",false,true,0,0,67374,
1431923457733,com.android.bluetooth.hid.HidService,com.android.bluetooth,1002,0,49150,[],false,true,0,0,49160,
1431923457733,com.cleanmaster.service.PermanentService,com.cleanmaster.mguard:service,10138,1271,94138,[STARTED],false,true,1,1,46346715,
1431923457733,com.google.android.music.dial.DialMediaRouteProviderService,com.google.android.music:main,10073,0,57202,[],false,true,0,0,57212,
1431923457733,ch.unige.css.services.PingService,ch.unige.ping,10149,1632,47203155,[STARTED],false,true,0,0,47203165,
1431923457733,com.google.android.search.core.service.BroadcastListenerService,com.google.android.googlequicksearchbox:search,10026,2776,75471,[STARTED],false,true,0,0,28007607,
1431923457733,com.android.systemui.keyguard.KeyguardService,com.android.systemui,10014,930,44352,[PERSISTENT],false,false,2,2,68066,
1431923457733,openiab.StoreService,cm.aptoide.pt,10148,0,54787,[],false,true,0,0,54797,
1431923457733,ch.unige.css.services.main.CssRegistryService,ch.unige.ping:background,10149,27135,27136666,[STARTED],false,true,0,0,27136676,
1431923457733,com.google.android.finsky.billing.iab.InAppBillingService,com.android.vending,10024,19930,43270973,[],false,true,1,1,43271302,
1431923457733,org.cyanogenmod.audiofx.HeadsetService,org.cyanogenmod.audiofx,10000,1289,67364,"[PERSISTENT,STARTED]",false,true,0,0,67374,
1431923517933,com.android.bluetooth.hid.HidService,com.android.bluetooth,1002,0,49150,[],false,true,0,0,49160,
1431923517933,com.cleanmaster.service.PermanentService,com.cleanmaster.mguard:service,10138,1271,94138,[STARTED],false,true,1,1,46346715,
1431923517933,com.google.android.music.dial.DialMediaRouteProviderService,com.google.android.music:main,10073,0,57202,[],false,true,0,0,57212,
1431923517933,ch.unige.css.services.PingService,ch.unige.ping,10149,1632,47263349,[STARTED],false,true,0,0,47263359,
1431923517933,com.google.android.search.core.service.BroadcastListenerService,com.google.android.googlequicksearchbox:search,10026,2776,75471,[STARTED],false,true,0,0,28007607,
1431923517933,com.android.systemui.keyguard.KeyguardService,com.android.systemui,10014,930,44352,[PERSISTENT],false,false,2,2,68066,
1431923517933,openiab.StoreService,cm.aptoide.pt,10148,0,54787,[],false,true,0,0,54797,
1431923517933,ch.unige.css.services.main.CssRegistryService,ch.unige.ping:background,10149,27135,27136666,[STARTED],false,true,0,0,27136676,
1431923517933,com.google.android.finsky.billing.iab.InAppBillingService,com.android.vending,10024,19930,43270973,[],false,true,1,1,43271302,
1431923517933,org.cyanogenmod.audiofx.HeadsetService,org.cyanogenmod.audiofx,10000,1289,67364,"[PERSISTENT,STARTED]",false,true,0,0,67374,
1431923577978,com.android.bluetooth.hid.HidService,com.android.bluetooth,1002,0,49150,[],false,true,0,0,49160,
1431923577978,com.cleanmaster.service.PermanentService,com.cleanmaster.mguard:service,10138,1271,94138,[STARTED],false,true,1,1,46346715,
1431923577978,com.google.android.music.dial.DialMediaRouteProviderService,com.google.android.music:main,10073,0,57202,[],false,true,0,0,57212,
1431923577978,ch.unige.css.services.PingService,ch.unige.ping,10149,1632,47323402,[STARTED],false,true,0,0,47323412,
1431923577978,com.google.android.search.core.service.BroadcastListenerService,com.google.android.googlequicksearchbox:search,10026,2776,75471,[STARTED],false,true,0,0,28007607,
1431923577978,com.android.systemui.keyguard.KeyguardService,com.android.systemui,10014,930,44352,[PERSISTENT],false,false,2,2,68066,
1431923577978,openiab.StoreService,cm.aptoide.pt,10148,0,54787,[],false,true,0,0,54797,
1431923577978,ch.unige.css.services.main.CssRegistryService,ch.unige.ping:background,10149,27135,27136666,[STARTED],false,true,0,0,27136676,
1431923577978,com.google.android.finsky.billing.iab.InAppBillingService,com.android.vending,10024,19930,43270973,[],false,true,1,1,43271302,
1431923577978,org.cyanogenmod.audiofx.HeadsetService,org.cyanogenmod.audiofx,10000,1289,67364,"[PERSISTENT,STARTED]",false,true,0,0,67374,
1431923640168,com.android.bluetooth.hid.HidService,com.android.bluetooth,1002,0,49150,[],false,true,0,0,49160,
1431923640168,com.cleanmaster.service.PermanentService,com.cleanmaster.mguard:service,10138,1271,94138,[STARTED],false,true,1,1,46346715,
1431923640168,com.google.android.music.dial.DialMediaRouteProviderService,com.google.android.music:main,10073,0,57202,[],false,true,0,0,57212,
1431923640168,ch.unige.css.services.PingService,ch.unige.ping,10149,1632,47385570,[STARTED],false,true,0,0,47385580,
1431923640168,com.google.android.search.core.service.BroadcastListenerService,com.google.android.googlequicksearchbox:search,10026,2776,75471,[STARTED],false,true,0,0,28007607,
1431923640168,com.android.systemui.keyguard.KeyguardService,com.android.systemui,10014,930,44352,[PERSISTENT],false,false,2,2,68066,
1431923640168,openiab.StoreService,cm.aptoide.pt,10148,0,54787,[],false,true,0,0,54797,
1431923640168,ch.unige.css.services.main.CssRegistryService,ch.unige.ping:background,10149,27135,27136666,[STARTED],false,true,0,0,27136676,
1431923640168,com.google.android.finsky.billing.iab.InAppBillingService,com.android.vending,10024,19930,43270973,[],false,true,1,1,43271302,
1431923640168,org.cyanogenmod.audiofx.HeadsetService,org.cyanogenmod.audiofx,10000,1289,67364,"[PERSISTENT,STARTED]",false,true,0,0,67374,
1431923700274,com.android.bluetooth.hid.HidService,com.android.bluetooth,1002,0,49150,[],false,true,0,0,49160,
1431923700274,com.cleanmaster.service.PermanentService,com.cleanmaster.mguard:service,10138,1271,94138,[STARTED],false,true,1,1,46346715,
1431923700274,com.google.android.music.dial.DialMediaRouteProviderService,com.google.android.music:main,10073,0,57202,[],false,true,0,0,57212,
1431923700274,ch.unige.css.services.PingService,ch.unige.ping,10149,1632,47445670,[STARTED],false,true,0,0,47445680,
1431923700274,com.google.android.search.core.service.BroadcastListenerService,com.google.android.googlequicksearchbox:search,10026,2776,75471,[STARTED],false,true,0,0,28007607,
1431923700274,com.android.systemui.keyguard.KeyguardService,com.android.systemui,10014,930,44352,[PERSISTENT],false,false,2,2,68066,
1431923700274,openiab.StoreService,cm.aptoide.pt,10148,0,54787,[],false,true,0,0,54797,
1431923700274,ch.unige.css.services.main.CssRegistryService,ch.unige.ping:background,10149,27135,27136666,[STARTED],false,true,0,0,27136676,
1431923700274,com.google.android.finsky.billing.iab.InAppBillingService,com.android.vending,10024,19930,43270973,[],false,true,1,1,43271302,
1431923700274,org.cyanogenmod.audiofx.HeadsetService,org.cyanogenmod.audiofx,10000,1289,67364,"[PERSISTENT,STARTED]",false,true,0,0,67374,
1431923760509,com.android.bluetooth.hid.HidService,com.android.bluetooth,1002,0,49150,[],false,true,0,0,49160,
1431923760509,com.cleanmaster.service.PermanentService,com.cleanmaster.mguard:service,10138,1271,94138,[STARTED],false,true,1,1,46346715,
1431923760509,com.google.android.music.dial.DialMediaRouteProviderService,com.google.android.music:main,10073,0,57202,[],false,true,0,0,57212,
1431923760509,ch.unige.css.services.PingService,ch.unige.ping,10149,1632,47505810,[STARTED],false,true,0,0,47505820,
1431923760509,com.google.android.search.core.service.BroadcastListenerService,com.google.android.googlequicksearchbox:search,10026,2776,75471,[STARTED],false,true,0,0,28007607,
1431923760509,com.android.systemui.keyguard.KeyguardService,com.android.systemui,10014,930,44352,[PERSISTENT],false,false,2,2,68066,
1431923760509,openiab.StoreService,cm.aptoide.pt,10148,0,54787,[],false,true,0,0,54797,
1431923760509,ch.unige.css.services.main.CssRegistryService,ch.unige.ping:background,10149,27135,27136666,[STARTED],false,true,0,0,27136676,
1431923760509,com.google.android.finsky.billing.iab.InAppBillingService,com.android.vending,10024,19930,43270973,[],false,true,1,1,43271302,
1431923760509,org.cyanogenmod.audiofx.HeadsetService,org.cyanogenmod.audiofx,10000,1289,67364,"[PERSISTENT,STARTED]",false,true,0,0,67374,
1431923820666,com.android.bluetooth.hid.HidService,com.android.bluetooth,1002,0,49150,[],false,true,0,0,49160,
1431923820666,com.cleanmaster.service.PermanentService,com.cleanmaster.mguard:service,10138,1271,94138,[STARTED],false,true,1,1,46346715,
1431923820666,com.google.android.music.dial.DialMediaRouteProviderService,com.google.android.music:main,10073,0,57202,[],false,true,0,0,57212,
1431923820666,ch.unige.css.services.PingService,ch.unige.ping,10149,1632,47565924,[STARTED],false,true,0,0,47565934,
1431923820666,com.google.android.search.core.service.BroadcastListenerService,com.google.android.googlequicksearchbox:search,10026,2776,75471,[STARTED],false,true,0,0,28007607,
1431923820666,com.android.systemui.keyguard.KeyguardService,com.android.systemui,10014,930,44352,[PERSISTENT],false,false,2,2,68066,
1431923820666,openiab.StoreService,cm.aptoide.pt,10148,0,54787,[],false,true,0,0,54797,
1431923820666,ch.unige.css.services.main.CssRegistryService,ch.unige.ping:background,10149,27135,27136666,[STARTED],false,true,0,0,27136676,
1431923820666,com.google.android.finsky.billing.iab.InAppBillingService,com.android.vending,10024,19930,43270973,[],false,true,1,1,43271302,
1431923820666,org.cyanogenmod.audiofx.HeadsetService,org.cyanogenmod.audiofx,10000,1289,67364,"[PERSISTENT,STARTED]",false,true,0,0,67374,
1431923880668,com.android.bluetooth.hid.HidService,com.android.bluetooth,1002,0,49150,[],false,true,0,0,49160,
1431923880668,com.cleanmaster.service.PermanentService,com.cleanmaster.mguard:service,10138,1271,94138,[STARTED],false,true,1,1,46346715,
1431923880668,com.google.android.music.dial.DialMediaRouteProviderService,com.google.android.music:main,10073,0,57202,[],false,true,0,0,57212,
1431923880668,ch.unige.css.services.PingService,ch.unige.ping,10149,1632,47626055,[STARTED],false,true,0,0,47626065,
1431923880668,com.google.android.search.core.service.BroadcastListenerService,com.google.android.googlequicksearchbox:search,10026,2776,75471,[STARTED],false,true,0,0,28007607,
1431923880668,com.android.systemui.keyguard.KeyguardService,com.android.systemui,10014,930,44352,[PERSISTENT],false,false,2,2,68066,
1431923880668,openiab.StoreService,cm.aptoide.pt,10148,0,54787,[],false,true,0,0,54797,
1431923880668,ch.unige.css.services.main.CssRegistryService,ch.unige.ping:background,10149,27135,27136666,[STARTED],false,true,0,0,27136676,
1431923880668,com.google.android.finsky.billing.iab.InAppBillingService,com.android.vending,10024,19930,43270973,[],false,true,1,1,43271302,
1431923880668,org.cyanogenmod.audiofx.HeadsetService,org.cyanogenmod.audiofx,10000,1289,67364,"[PERSISTENT,STARTED]",false,true,0,0,67374,
1431923940829,com.android.bluetooth.hid.HidService,com.android.bluetooth,1002,0,49150,[],false,true,0,0,49160,
1431923940829,com.cleanmaster.service.PermanentService,com.cleanmaster.mguard:service,10138,1271,94138,[STARTED],false,true,1,1,46346715,
1431923940829,com.google.android.music.dial.DialMediaRouteProviderService,com.google.android.music:main,10073,0,57202,[],false,true,0,0,57212,
1431923940829,ch.unige.css.services.PingService,ch.unige.ping,10149,1632,47686229,[STARTED],false,true,0,0,47686239,
1431923940829,com.google.android.search.core.service.BroadcastListenerService,com.google.android.googlequicksearchbox:search,10026,2776,75471,[STARTED],false,true,0,0,28007607,
1431923940829,com.android.systemui.keyguard.KeyguardService,com.android.systemui,10014,930,44352,[PERSISTENT],false,false,2,2,68066,
1431923940829,openiab.StoreService,cm.aptoide.pt,10148,0,54787,[],false,true,0,0,54797,
1431923940829,ch.unige.css.services.main.CssRegistryService,ch.unige.ping:background,10149,27135,27136666,[STARTED],false,true,0,0,27136676,
1431923940829,com.google.android.finsky.billing.iab.InAppBillingService,com.android.vending,10024,19930,43270973,[],false,true,1,1,43271302,
1431923940829,org.cyanogenmod.audiofx.HeadsetService,org.cyanogenmod.audiofx,10000,1289,67364,"[PERSISTENT,STARTED]",false,true,0,0,67374,
1431924000967,com.android.bluetooth.hid.HidService,com.android.bluetooth,1002,0,49150,[],false,true,0,0,49160,
1431924000967,com.cleanmaster.service.PermanentService,com.cleanmaster.mguard:service,10138,1271,94138,[STARTED],false,true,1,1,46346715,
1431924000967,com.google.android.music.dial.DialMediaRouteProviderService,com.google.android.music:main,10073,0,57202,[],false,true,0,0,57212,
1431924000967,ch.unige.css.services.PingService,ch.unige.ping,10149,1632,47746353,[STARTED],false,true,0,0,47746363,
1431924000967,com.google.android.search.core.service.BroadcastListenerService,com.google.android.googlequicksearchbox:search,10026,2776,75471,[STARTED],false,true,0,0,28007607,
1431924000967,com.android.systemui.keyguard.KeyguardService,com.android.systemui,10014,930,44352,[PERSISTENT],false,false,2,2,68066,
1431924000967,openiab.StoreService,cm.aptoide.pt,10148,0,54787,[],false,true,0,0,54797,
1431924000967,ch.unige.css.services.main.CssRegistryService,ch.unige.ping:background,10149,27135,27136666,[STARTED],false,true,0,0,27136676,
1431924000967,com.google.android.finsky.billing.iab.InAppBillingService,com.android.vending,10024,19930,43270973,[],false,true,1,1,43271302,
1431924000967,org.cyanogenmod.audiofx.HeadsetService,org.cyanogenmod.audiofx,10000,1289,67364,"[PERSISTENT,STARTED]",false,true,0,0,67374,
1431924061151,com.android.bluetooth.hid.HidService,com.android.bluetooth,1002,0,49150,[],false,true,0,0,49160,
1431924061151,com.cleanmaster.service.PermanentService,com.cleanmaster.mguard:service,10138,1271,94138,[STARTED],false,true,1,1,46346715,
1431924061151,com.google.android.music.dial.DialMediaRouteProviderService,com.google.android.music:main,10073,0,57202,[],false,true,0,0,57212,
1431924061151,ch.unige.css.services.PingService,ch.unige.ping,10149,1632,47806506,[STARTED],false,true,0,0,47806516,
1431924061151,com.google.android.search.core.service.BroadcastListenerService,com.google.android.googlequicksearchbox:search,10026,2776,75471,[STARTED],false,true,0,0,28007607,
1431924061151,com.android.systemui.keyguard.KeyguardService,com.android.systemui,10014,930,44352,[PERSISTENT],false,false,2,2,68066,
1431924061151,openiab.StoreService,cm.aptoide.pt,10148,0,54787,[],false,true,0,0,54797,
1431924061151,ch.unige.css.services.main.CssRegistryService,ch.unige.ping:background,10149,27135,27136666,[STARTED],false,true,0,0,27136676,
1431924061151,com.google.android.finsky.billing.iab.InAppBillingService,com.android.vending,10024,19930,43270973,[],false,true,1,1,43271302,
1431924061151,org.cyanogenmod.audiofx.HeadsetService,org.cyanogenmod.audiofx,10000,1289,67364,"[PERSISTENT,STARTED]",false,true,0,0,67374,
1431924121272,com.android.bluetooth.hid.HidService,com.android.bluetooth,1002,0,49150,[],false,true,0,0,49160,
1431924121272,com.cleanmaster.service.PermanentService,com.cleanmaster.mguard:service,10138,1271,94138,[STARTED],false,true,1,1,46346715,
1431924121272,com.google.android.music.dial.DialMediaRouteProviderService,com.google.android.music:main,10073,0,57202,[],false,true,0,0,57212,
1431924121272,ch.unige.css.services.PingService,ch.unige.ping,10149,1632,47866661,[STARTED],false,true,0,0,47866671,
1431924121272,com.google.android.search.core.service.BroadcastListenerService,com.google.android.googlequicksearchbox:search,10026,2776,75471,[STARTED],false,true,0,0,28007607,
1431924121272,com.android.systemui.keyguard.KeyguardService,com.android.systemui,10014,930,44352,[PERSISTENT],false,false,2,2,68066,
1431924121272,openiab.StoreService,cm.aptoide.pt,10148,0,54787,[],false,true,0,0,54797,
1431924121272,ch.unige.css.services.main.CssRegistryService,ch.unige.ping:background,10149,27135,27136666,[STARTED],false,true,0,0,27136676,
1431924121272,com.google.android.finsky.billing.iab.InAppBillingService,com.android.vending,10024,19930,43270973,[],false,true,1,1,43271302,
1431924121272,org.cyanogenmod.audiofx.HeadsetService,org.cyanogenmod.audiofx,10000,1289,67364,"[PERSISTENT,STARTED]",false,true,0,0,67374,
1431924181374,com.android.bluetooth.hid.HidService,com.android.bluetooth,1002,0,49150,[],false,true,0,0,49160,
1431924181374,com.cleanmaster.service.PermanentService,com.cleanmaster.mguard:service,10138,1271,94138,[STARTED],false,true,1,1,46346715,
1431924181374,com.google.android.music.dial.DialMediaRouteProviderService,com.google.android.music:main,10073,0,57202,[],false,true,0,0,57212,
1431924181374,ch.unige.css.services.PingService,ch.unige.ping,10149,1632,47926777,[STARTED],false,true,0,0,47926787,
1431924181374,com.google.android.search.core.service.BroadcastListenerService,com.google.android.googlequicksearchbox:search,10026,2776,75471,[STARTED],false,true,0,0,28007607,
1431924181374,com.android.systemui.keyguard.KeyguardService,com.android.systemui,10014,930,44352,[PERSISTENT],false,false,2,2,68066,
1431924181374,openiab.StoreService,cm.aptoide.pt,10148,0,54787,[],false,true,0,0,54797,
1431924181374,ch.unige.css.services.main.CssRegistryService,ch.unige.ping:background,10149,27135,27136666,[STARTED],false,true,0,0,27136676,
1431924181374,com.google.android.finsky.billing.iab.InAppBillingService,com.android.vending,10024,19930,43270973,[],false,true,1,1,43271302,
1431924181374,org.cyanogenmod.audiofx.HeadsetService,org.cyanogenmod.audiofx,10000,1289,67364,"[PERSISTENT,STARTED]",false,true,0,0,67374,
1431924241529,com.android.bluetooth.hid.HidService,com.android.bluetooth,1002,0,49150,[],false,true,0,0,49160,
1431924241529,com.cleanmaster.service.PermanentService,com.cleanmaster.mguard:service,10138,1271,94138,[STARTED],false,true,1,1,46346715,
1431924241529,com.google.android.music.dial.DialMediaRouteProviderService,com.google.android.music:main,10073,0,57202,[],false,true,0,0,57212,
1431924241529,ch.unige.css.services.PingService,ch.unige.ping,10149,1632,47986911,[STARTED],false,true,0,0,47986921,
1431924241529,com.google.android.search.core.service.BroadcastListenerService,com.google.android.googlequicksearchbox:search,10026,2776,75471,[STARTED],false,true,0,0,28007607,
1431924241529,com.android.systemui.keyguard.KeyguardService,com.android.systemui,10014,930,44352,[PERSISTENT],false,false,2,2,68066,
1431924241529,openiab.StoreService,cm.aptoide.pt,10148,0,54787,[],false,true,0,0,54797,
1431924241529,ch.unige.css.services.main.CssRegistryService,ch.unige.ping:background,10149,27135,27136666,[STARTED],false,true,0,0,27136676,
1431924241529,com.google.android.finsky.billing.iab.InAppBillingService,com.android.vending,10024,19930,43270973,[],false,true,1,1,43271302,
1431924241529,org.cyanogenmod.audiofx.HeadsetService,org.cyanogenmod.audiofx,10000,1289,67364,"[PERSISTENT,STARTED]",false,true,0,0,67374,
1431924301686,com.android.bluetooth.hid.HidService,com.android.bluetooth,1002,0,49150,[],false,true,0,0,49160,
1431924301686,com.cleanmaster.service.PermanentService,com.cleanmaster.mguard:service,10138,1271,94138,[STARTED],false,true,1,1,46346715,
1431924301686,com.google.android.music.dial.DialMediaRouteProviderService,com.google.android.music:main,10073,0,57202,[],false,true,0,0,57212,
1431924301686,ch.unige.css.services.PingService,ch.unige.ping,10149,1632,48047000,[STARTED],false,true,0,0,48047010,
1431924301686,com.google.android.search.core.service.BroadcastListenerService,com.google.android.googlequicksearchbox:search,10026,2776,75471,[STARTED],false,true,0,0,28007607,
1431924301686,com.android.systemui.keyguard.KeyguardService,com.android.systemui,10014,930,44352,[PERSISTENT],false,false,2,2,68066,
1431924301686,openiab.StoreService,cm.aptoide.pt,10148,0,54787,[],false,true,0,0,54797,
1431924301686,ch.unige.css.services.main.CssRegistryService,ch.unige.ping:background,10149,27135,27136666,[STARTED],false,true,0,0,27136676,
1431924301686,com.google.android.finsky.billing.iab.InAppBillingService,com.android.vending,10024,19930,43270973,[],false,true,1,1,43271302,
1431924301686,org.cyanogenmod.audiofx.HeadsetService,org.cyanogenmod.audiofx,10000,1289,67364,"[PERSISTENT,STARTED]",false,true,0,0,67374,
1431924361627,com.android.bluetooth.hid.HidService,com.android.bluetooth,1002,0,49150,[],false,true,0,0,49160,
1431924361627,com.cleanmaster.service.PermanentService,com.cleanmaster.mguard:service,10138,1271,94138,[STARTED],false,true,1,1,46346715,
1431924361627,com.google.android.music.dial.DialMediaRouteProviderService,com.google.android.music:main,10073,0,57202,[],false,true,0,0,57212,
1431924361627,ch.unige.css.services.PingService,ch.unige.ping,10149,1632,48107048,[STARTED],false,true,0,0,48107058,
1431924361627,com.google.android.search.core.service.BroadcastListenerService,com.google.android.googlequicksearchbox:search,10026,2776,75471,[STARTED],false,true,0,0,28007607,
1431924361627,com.android.systemui.keyguard.KeyguardService,com.android.systemui,10014,930,44352,[PERSISTENT],false,false,2,2,68066,
1431924361627,openiab.StoreService,cm.aptoide.pt,10148,0,54787,[],false,true,0,0,54797,
1431924361627,ch.unige.css.services.main.CssRegistryService,ch.unige.ping:background,10149,27135,27136666,[STARTED],false,true,0,0,27136676,
1431924361627,com.google.android.finsky.billing.iab.InAppBillingService,com.android.vending,10024,19930,43270973,[],false,true,1,1,43271302,
1431924361627,org.cyanogenmod.audiofx.HeadsetService,org.cyanogenmod.audiofx,10000,1289,67364,"[PERSISTENT,STARTED]",false,true,0,0,67374,
1431924421667,com.android.bluetooth.hid.HidService,com.android.bluetooth,1002,0,49150,[],false,true,0,0,49160,
1431924421667,com.cleanmaster.service.PermanentService,com.cleanmaster.mguard:service,10138,1271,94138,[STARTED],false,true,1,1,46346715,
1431924421667,com.google.android.music.dial.DialMediaRouteProviderService,com.google.android.music:main,10073,0,57202,[],false,true,0,0,57212,
1431924421667,ch.unige.css.services.PingService,ch.unige.ping,10149,1632,48167088,[STARTED],false,true,0,0,48167098,
1431924421667,com.google.android.search.core.service.BroadcastListenerService,com.google.android.googlequicksearchbox:search,10026,2776,75471,[STARTED],false,true,0,0,28007607,
1431924421667,com.android.systemui.keyguard.KeyguardService,com.android.systemui,10014,930,44352,[PERSISTENT],false,false,2,2,68066,
1431924421667,openiab.StoreService,cm.aptoide.pt,10148,0,54787,[],false,true,0,0,54797,
1431924421667,ch.unige.css.services.main.CssRegistryService,ch.unige.ping:background,10149,27135,27136666,[STARTED],false,true,0,0,27136676,
1431924421667,com.google.android.finsky.billing.iab.InAppBillingService,com.android.vending,10024,19930,43270973,[],false,true,1,1,43271302,
1431924421667,org.cyanogenmod.audiofx.HeadsetService,org.cyanogenmod.audiofx,10000,1289,67364,"[PERSISTENT,STARTED]",false,true,0,0,67374,
1431924501876,com.android.bluetooth.hid.HidService,com.android.bluetooth,1002,0,49150,[],false,true,0,0,49160,
1431924501876,com.cleanmaster.service.PermanentService,com.cleanmaster.mguard:service,10138,1271,94138,[STARTED],false,true,1,1,46346715,
1431924501876,com.google.android.music.dial.DialMediaRouteProviderService,com.google.android.music:main,10073,0,57202,[],false,true,0,0,57212,
1431924501876,ch.unige.css.services.PingService,ch.unige.ping,10149,1632,48247262,[STARTED],false,true,0,0,48247272,
1431924501876,com.google.android.search.core.service.BroadcastListenerService,com.google.android.googlequicksearchbox:search,10026,2776,75471,[STARTED],false,true,0,0,28007607,
1431924501876,com.android.systemui.keyguard.KeyguardService,com.android.systemui,10014,930,44352,[PERSISTENT],false,false,2,2,68066,
1431924501876,openiab.StoreService,cm.aptoide.pt,10148,0,54787,[],false,true,0,0,54797,
1431924501876,ch.unige.css.services.main.CssRegistryService,ch.unige.ping:background,10149,27135,27136666,[STARTED],false,true,0,0,27136676,
1431924501876,com.google.android.finsky.billing.iab.InAppBillingService,com.android.vending,10024,19930,43270973,[],false,true,1,1,43271302,
1431924501876,org.cyanogenmod.audiofx.HeadsetService,org.cyanogenmod.audiofx,10000,1289,67364,"[PERSISTENT,STARTED]",false,true,0,0,67374,
1431924561979,com.android.bluetooth.hid.HidService,com.android.bluetooth,1002,0,49150,[],false,true,0,0,49160,
1431924561979,com.cleanmaster.service.PermanentService,com.cleanmaster.mguard:service,10138,1271,94138,[STARTED],false,true,1,1,46346715,
1431924561979,com.google.android.music.dial.DialMediaRouteProviderService,com.google.android.music:main,10073,0,57202,[],false,true,0,0,57212,
1431924561979,ch.unige.css.services.PingService,ch.unige.ping,10149,1632,48307391,[STARTED],false,true,0,0,48307401,
1431924561979,com.google.android.search.core.service.BroadcastListenerService,com.google.android.googlequicksearchbox:search,10026,2776,75471,[STARTED],false,true,0,0,28007607,
1431924561979,com.android.systemui.keyguard.KeyguardService,com.android.systemui,10014,930,44352,[PERSISTENT],false,false,2,2,68066,
1431924561979,openiab.StoreService,cm.aptoide.pt,10148,0,54787,[],false,true,0,0,54797,
1431924561979,ch.unige.css.services.main.CssRegistryService,ch.unige.ping:background,10149,27135,27136666,[STARTED],false,true,0,0,27136676,
1431924561979,com.google.android.finsky.billing.iab.InAppBillingService,com.android.vending,10024,19930,43270973,[],false,true,1,1,43271302,
1431924561979,org.cyanogenmod.audiofx.HeadsetService,org.cyanogenmod.audiofx,10000,1289,67364,"[PERSISTENT,STARTED]",false,true,0,0,67374,
1431924622115,com.android.bluetooth.hid.HidService,com.android.bluetooth,1002,0,49150,[],false,true,0,0,49160,
1431924622115,com.cleanmaster.service.PermanentService,com.cleanmaster.mguard:service,10138,1271,94138,[STARTED],false,true,1,1,46346715,
1431924622115,com.google.android.music.dial.DialMediaRouteProviderService,com.google.android.music:main,10073,0,57202,[],false,true,0,0,57212,
1431924622115,ch.unige.css.services.PingService,ch.unige.ping,10149,1632,48367503,[STARTED],false,true,0,0,48367513,
1431924622115,com.google.android.search.core.service.BroadcastListenerService,com.google.android.googlequicksearchbox:search,10026,2776,75471,[STARTED],false,true,0,0,28007607,
1431924622115,com.android.systemui.keyguard.KeyguardService,com.android.systemui,10014,930,44352,[PERSISTENT],false,false,2,2,68066,
1431924622115,openiab.StoreService,cm.aptoide.pt,10148,0,54787,[],false,true,0,0,54797,
1431924622115,ch.unige.css.services.main.CssRegistryService,ch.unige.ping:background,10149,27135,27136666,[STARTED],false,true,0,0,27136676,
1431924622115,com.google.android.finsky.billing.iab.InAppBillingService,com.android.vending,10024,19930,43270973,[],false,true,1,1,43271302,
1431924622115,org.cyanogenmod.audiofx.HeadsetService,org.cyanogenmod.audiofx,10000,1289,67364,"[PERSISTENT,STARTED]",false,true,0,0,67374,
1431924682163,com.android.bluetooth.hid.HidService,com.android.bluetooth,1002,0,49150,[],false,true,0,0,49160,
1431924682163,com.cleanmaster.service.PermanentService,com.cleanmaster.mguard:service,10138,1271,94138,[STARTED],false,true,1,1,46346715,
1431924682163,com.google.android.music.dial.DialMediaRouteProviderService,com.google.android.music:main,10073,0,57202,[],false,true,0,0,57212,
1431924682163,ch.unige.css.services.PingService,ch.unige.ping,10149,1632,48427584,[STARTED],false,true,0,0,48427594,
1431924682163,com.google.android.search.core.service.BroadcastListenerService,com.google.android.googlequicksearchbox:search,10026,2776,75471,[STARTED],false,true,0,0,28007607,
1431924682163,com.android.systemui.keyguard.KeyguardService,com.android.systemui,10014,930,44352,[PERSISTENT],false,false,2,2,68066,
1431924682163,openiab.StoreService,cm.aptoide.pt,10148,0,54787,[],false,true,0,0,54797,
1431924682163,ch.unige.css.services.main.CssRegistryService,ch.unige.ping:background,10149,27135,27136666,[STARTED],false,true,0,0,27136676,
1431924682163,com.google.android.finsky.billing.iab.InAppBillingService,com.android.vending,10024,19930,43270973,[],false,true,1,1,43271302,
1431924682163,org.cyanogenmod.audiofx.HeadsetService,org.cyanogenmod.audiofx,10000,1289,67364,"[PERSISTENT,STARTED]",false,true,0,0,67374,
1431924744506,com.android.bluetooth.hid.HidService,com.android.bluetooth,1002,0,49150,[],false,true,0,0,49160,
1431924744506,com.cleanmaster.service.PermanentService,com.cleanmaster.mguard:service,10138,1271,94138,[STARTED],false,true,1,1,46346715,
1431924744506,com.google.android.music.dial.DialMediaRouteProviderService,com.google.android.music:main,10073,0,57202,[],false,true,0,0,57212,
1431924744506,ch.unige.css.services.PingService,ch.unige.ping,10149,1632,48489879,[STARTED],false,true,0,0,48489889,
1431924744506,com.google.android.search.core.service.BroadcastListenerService,com.google.android.googlequicksearchbox:search,10026,2776,75471,[STARTED],false,true,0,0,28007607,
1431924744506,com.android.systemui.keyguard.KeyguardService,com.android.systemui,10014,930,44352,[PERSISTENT],false,false,2,2,68066,
1431924744506,openiab.StoreService,cm.aptoide.pt,10148,0,54787,[],false,true,0,0,54797,
1431924744506,ch.unige.css.services.main.CssRegistryService,ch.unige.ping:background,10149,27135,27136666,[STARTED],false,true,0,0,27136676,
1431924744506,com.google.android.finsky.billing.iab.InAppBillingService,com.android.vending,10024,19930,43270973,[],false,true,1,1,43271302,
1431924744506,org.cyanogenmod.audiofx.HeadsetService,org.cyanogenmod.audiofx,10000,1289,67364,"[PERSISTENT,STARTED]",false,true,0,0,67374,
1431924804622,com.android.bluetooth.hid.HidService,com.android.bluetooth,1002,0,49150,[],false,true,0,0,49160,
1431924804622,com.cleanmaster.service.PermanentService,com.cleanmaster.mguard:service,10138,1271,94138,[STARTED],false,true,1,1,46346715,
1431924804622,com.google.android.music.dial.DialMediaRouteProviderService,com.google.android.music:main,10073,0,57202,[],false,true,0,0,57212,
1431924804622,ch.unige.css.services.PingService,ch.unige.ping,10149,1632,48550027,[STARTED],false,true,0,0,48550036,
1431924804622,com.google.android.search.core.service.BroadcastListenerService,com.google.android.googlequicksearchbox:search,10026,2776,75471,[STARTED],false,true,0,0,28007607,
1431924804622,com.android.systemui.keyguard.KeyguardService,com.android.systemui,10014,930,44352,[PERSISTENT],false,false,2,2,68066,
1431924804622,openiab.StoreService,cm.aptoide.pt,10148,0,54787,[],false,true,0,0,54797,
1431924804622,ch.unige.css.services.main.CssRegistryService,ch.unige.ping:background,10149,27135,27136666,[STARTED],false,true,0,0,27136676,
1431924804622,com.google.android.finsky.billing.iab.InAppBillingService,com.android.vending,10024,19930,43270973,[],false,true,1,1,43271302,
1431924804622,org.cyanogenmod.audiofx.HeadsetService,org.cyanogenmod.audiofx,10000,1289,67364,"[PERSISTENT,STARTED]",false,true,0,0,67374,
1431924864700,com.android.bluetooth.hid.HidService,com.android.bluetooth,1002,0,49150,[],false,true,0,0,49160,
1431924864700,com.cleanmaster.service.PermanentService,com.cleanmaster.mguard:service,10138,1271,94138,[STARTED],false,true,1,1,46346715,
1431924864700,com.google.android.music.dial.DialMediaRouteProviderService,com.google.android.music:main,10073,0,57202,[],false,true,0,0,57212,
1431924864700,ch.unige.css.services.PingService,ch.unige.ping,10149,1632,48610131,[STARTED],false,true,0,0,48610141,
1431924864700,com.google.android.search.core.service.BroadcastListenerService,com.google.android.googlequicksearchbox:search,10026,2776,75471,[STARTED],false,true,0,0,28007607,
1431924864700,com.android.systemui.keyguard.KeyguardService,com.android.systemui,10014,930,44352,[PERSISTENT],false,false,2,2,68066,
1431924864700,openiab.StoreService,cm.aptoide.pt,10148,0,54787,[],false,true,0,0,54797,
1431924864700,ch.unige.css.services.main.CssRegistryService,ch.unige.ping:background,10149,27135,27136666,[STARTED],false,true,0,0,27136676,
1431924864700,com.google.android.finsky.billing.iab.InAppBillingService,com.android.vending,10024,19930,43270973,[],false,true,1,1,43271302,
1431924864700,org.cyanogenmod.audiofx.HeadsetService,org.cyanogenmod.audiofx,10000,1289,67364,"[PERSISTENT,STARTED]",false,true,0,0,67374,
1431924924791,com.android.bluetooth.hid.HidService,com.android.bluetooth,1002,0,49150,[],false,true,0,0,49160,
1431924924791,com.cleanmaster.service.PermanentService,com.cleanmaster.mguard:service,10138,1271,94138,[STARTED],false,true,1,1,46346715,
1431924924791,com.google.android.music.dial.DialMediaRouteProviderService,com.google.android.music:main,10073,0,57202,[],false,true,0,0,57212,
1431924924791,ch.unige.css.services.PingService,ch.unige.ping,10149,1632,48670193,[STARTED],false,true,0,0,48670203,
1431924924791,com.google.android.search.core.service.BroadcastListenerService,com.google.android.googlequicksearchbox:search,10026,2776,75471,[STARTED],false,true,0,0,28007607,
1431924924791,com.android.systemui.keyguard.KeyguardService,com.android.systemui,10014,930,44352,[PERSISTENT],false,false,2,2,68066,
1431924924791,openiab.StoreService,cm.aptoide.pt,10148,0,54787,[],false,true,0,0,54797,
1431924924791,ch.unige.css.services.main.CssRegistryService,ch.unige.ping:background,10149,27135,27136666,[STARTED],false,true,0,0,27136676,
1431924924791,com.google.android.finsky.billing.iab.InAppBillingService,com.android.vending,10024,19930,43270973,[],false,true,1,1,43271302,
1431924924791,org.cyanogenmod.audiofx.HeadsetService,org.cyanogenmod.audiofx,10000,1289,67364,"[PERSISTENT,STARTED]",false,true,0,0,67374,
1431924984800,com.android.bluetooth.hid.HidService,com.android.bluetooth,1002,0,49150,[],false,true,0,0,49160,
1431924984800,com.cleanmaster.service.PermanentService,com.cleanmaster.mguard:service,10138,1271,94138,[STARTED],false,true,1,1,46346715,
1431924984800,com.google.android.music.dial.DialMediaRouteProviderService,com.google.android.music:main,10073,0,57202,[],false,true,0,0,57212,
1431924984800,ch.unige.css.services.PingService,ch.unige.ping,10149,1632,48730223,[STARTED],false,true,0,0,48730233,
1431924984800,com.google.android.search.core.service.BroadcastListenerService,com.google.android.googlequicksearchbox:search,10026,2776,75471,[STARTED],false,true,0,0,28007607,
1431924984800,com.android.systemui.keyguard.KeyguardService,com.android.systemui,10014,930,44352,[PERSISTENT],false,false,2,2,68066,
1431924984800,openiab.StoreService,cm.aptoide.pt,10148,0,54787,[],false,true,0,0,54797,
1431924984800,ch.unige.css.services.main.CssRegistryService,ch.unige.ping:background,10149,27135,27136666,[STARTED],false,true,0,0,27136676,
1431924984800,com.google.android.finsky.billing.iab.InAppBillingService,com.android.vending,10024,19930,43270973,[],false,true,1,1,43271302,
1431924984800,org.cyanogenmod.audiofx.HeadsetService,org.cyanogenmod.audiofx,10000,1289,67364,"[PERSISTENT,STARTED]",false,true,0,0,67374,
1431925047207,com.android.bluetooth.hid.HidService,com.android.bluetooth,1002,0,49150,[],false,true,0,0,49160,
1431925047207,com.cleanmaster.service.PermanentService,com.cleanmaster.mguard:service,10138,1271,94138,[STARTED],false,true,1,1,46346715,
1431925047207,com.google.android.music.dial.DialMediaRouteProviderService,com.google.android.music:main,10073,0,57202,[],false,true,0,0,57212,
1431925047207,ch.unige.css.services.PingService,ch.unige.ping,10149,1632,48792626,[STARTED],false,true,0,0,48792636,
1431925047207,com.google.android.search.core.service.BroadcastListenerService,com.google.android.googlequicksearchbox:search,10026,2776,75471,[STARTED],false,true,0,0,28007607,
1431925047207,com.android.systemui.keyguard.KeyguardService,com.android.systemui,10014,930,44352,[PERSISTENT],false,false,2,2,68066,
1431925047207,openiab.StoreService,cm.aptoide.pt,10148,0,54787,[],false,true,0,0,54797,
1431925047207,ch.unige.css.services.main.CssRegistryService,ch.unige.ping:background,10149,27135,27136666,[STARTED],false,true,0,0,27136676,
1431925047207,com.google.android.finsky.billing.iab.InAppBillingService,com.android.vending,10024,19930,43270973,[],false,true,1,1,43271302,
1431925047207,org.cyanogenmod.audiofx.HeadsetService,org.cyanogenmod.audiofx,10000,1289,67364,"[PERSISTENT,STARTED]",false,true,0,0,67374,
1431925132131,com.android.bluetooth.hid.HidService,com.android.bluetooth,1002,0,49150,[],false,true,0,0,49160,
1431925132131,com.cleanmaster.service.PermanentService,com.cleanmaster.mguard:service,10138,1271,94138,[STARTED],false,true,1,1,46346715,
1431925132131,com.google.android.music.dial.DialMediaRouteProviderService,com.google.android.music:main,10073,0,57202,[],false,true,0,0,57212,
1431925132131,ch.unige.css.services.PingService,ch.unige.ping,10149,1632,48877574,[STARTED],false,true,0,0,48877584,
1431925132131,com.google.android.search.core.service.BroadcastListenerService,com.google.android.googlequicksearchbox:search,10026,2776,75471,[STARTED],false,true,0,0,28007607,
1431925132131,com.android.systemui.keyguard.KeyguardService,com.android.systemui,10014,930,44352,[PERSISTENT],false,false,2,2,68066,
1431925132131,openiab.StoreService,cm.aptoide.pt,10148,0,54787,[],false,true,0,0,54797,
1431925132131,ch.unige.css.services.main.CssRegistryService,ch.unige.ping:background,10149,27135,27136666,[STARTED],false,true,0,0,27136676,
1431925132131,com.google.android.finsky.billing.iab.InAppBillingService,com.android.vending,10024,19930,43270973,[],false,true,1,1,43271302,
1431925132131,org.cyanogenmod.audiofx.HeadsetService,org.cyanogenmod.audiofx,10000,1289,67364,"[PERSISTENT,STARTED]",false,true,0,0,67374,
1431925192244,com.android.bluetooth.hid.HidService,com.android.bluetooth,1002,0,49150,[],false,true,0,0,49160,
1431925192244,com.cleanmaster.service.PermanentService,com.cleanmaster.mguard:service,10138,1271,94138,[STARTED],false,true,1,1,46346715,
1431925192244,com.google.android.music.dial.DialMediaRouteProviderService,com.google.android.music:main,10073,0,57202,[],false,true,0,0,57212,
1431925192244,ch.unige.css.services.PingService,ch.unige.ping,10149,1632,48937666,[STARTED],false,true,0,0,48937676,
1431925192244,com.google.android.search.core.service.BroadcastListenerService,com.google.android.googlequicksearchbox:search,10026,2776,75471,[STARTED],false,true,0,0,28007607,
1431925192244,com.android.systemui.keyguard.KeyguardService,com.android.systemui,10014,930,44352,[PERSISTENT],false,false,2,2,68066,
1431925192244,openiab.StoreService,cm.aptoide.pt,10148,0,54787,[],false,true,0,0,54797,
1431925192244,ch.unige.css.services.main.CssRegistryService,ch.unige.ping:background,10149,27135,27136666,[STARTED],false,true,0,0,27136676,
1431925192244,com.google.android.finsky.billing.iab.InAppBillingService,com.android.vending,10024,19930,43270973,[],false,true,1,1,43271302,
1431925192244,org.cyanogenmod.audiofx.HeadsetService,org.cyanogenmod.audiofx,10000,1289,67364,"[PERSISTENT,STARTED]",false,true,0,0,67374,
1431925261353,com.android.bluetooth.hid.HidService,com.android.bluetooth,1002,0,49150,[],false,true,0,0,49160,
1431925261353,com.cleanmaster.service.PermanentService,com.cleanmaster.mguard:service,10138,1271,94138,[STARTED],false,true,1,1,46346715,
1431925261353,com.google.android.music.dial.DialMediaRouteProviderService,com.google.android.music:main,10073,0,57202,[],false,true,0,0,57212,
1431925261353,ch.unige.css.services.PingService,ch.unige.ping,10149,1632,49006763,[STARTED],false,true,0,0,49006773,
1431925261353,com.google.android.search.core.service.BroadcastListenerService,com.google.android.googlequicksearchbox:search,10026,2776,75471,[STARTED],false,true,0,0,28007607,
1431925261353,com.android.systemui.keyguard.KeyguardService,com.android.systemui,10014,930,44352,[PERSISTENT],false,false,2,2,68066,
1431925261353,openiab.StoreService,cm.aptoide.pt,10148,0,54787,[],false,true,0,0,54797,
1431925261353,ch.unige.css.services.main.CssRegistryService,ch.unige.ping:background,10149,27135,27136666,[STARTED],false,true,0,0,27136676,
1431925261353,com.google.android.finsky.billing.iab.InAppBillingService,com.android.vending,10024,19930,43270973,[],false,true,1,1,43271302,
1431925261353,org.cyanogenmod.audiofx.HeadsetService,org.cyanogenmod.audiofx,10000,1289,67364,"[PERSISTENT,STARTED]",false,true,0,0,67374,
1431925321515,com.android.bluetooth.hid.HidService,com.android.bluetooth,1002,0,49150,[],false,true,0,0,49160,
1431925321515,com.cleanmaster.service.PermanentService,com.cleanmaster.mguard:service,10138,1271,94138,[STARTED],false,true,1,1,46346715,
1431925321515,com.google.android.music.dial.DialMediaRouteProviderService,com.google.android.music:main,10073,0,57202,[],false,true,0,0,57212,
1431925321515,ch.unige.css.services.PingService,ch.unige.ping,10149,1632,49066923,[STARTED],false,true,0,0,49066933,
1431925321515,com.google.android.search.core.service.BroadcastListenerService,com.google.android.googlequicksearchbox:search,10026,2776,75471,[STARTED],false,true,0,0,28007607,
1431925321515,com.android.systemui.keyguard.KeyguardService,com.android.systemui,10014,930,44352,[PERSISTENT],false,false,2,2,68066,
1431925321515,openiab.StoreService,cm.aptoide.pt,10148,0,54787,[],false,true,0,0,54797,
1431925321515,ch.unige.css.services.main.CssRegistryService,ch.unige.ping:background,10149,27135,27136666,[STARTED],false,true,0,0,27136676,
1431925321515,com.google.android.finsky.billing.iab.InAppBillingService,com.android.vending,10024,19930,43270973,[],false,true,1,1,43271302,
1431925321515,org.cyanogenmod.audiofx.HeadsetService,org.cyanogenmod.audiofx,10000,1289,67364,"[PERSISTENT,STARTED]",false,true,0,0,67374,
1431925381699,com.android.bluetooth.hid.HidService,com.android.bluetooth,1002,0,49150,[],false,true,0,0,49160,
1431925381699,com.cleanmaster.service.PermanentService,com.cleanmaster.mguard:service,10138,1271,94138,[STARTED],false,true,1,1,46346715,
1431925381699,com.google.android.music.dial.DialMediaRouteProviderService,com.google.android.music:main,10073,0,57202,[],false,true,0,0,57212,
1431925381699,ch.unige.css.services.PingService,ch.unige.ping,10149,1632,49127136,[STARTED],false,true,0,0,49127146,
1431925381699,com.google.android.search.core.service.BroadcastListenerService,com.google.android.googlequicksearchbox:search,10026,2776,75471,[STARTED],false,true,0,0,28007607,
1431925381699,com.android.systemui.keyguard.KeyguardService,com.android.systemui,10014,930,44352,[PERSISTENT],false,false,2,2,68066,
1431925381699,openiab.StoreService,cm.aptoide.pt,10148,0,54787,[],false,true,0,0,54797,
1431925381699,ch.unige.css.services.main.CssRegistryService,ch.unige.ping:background,10149,27135,27136666,[STARTED],false,true,0,0,27136676,
1431925381699,com.google.android.finsky.billing.iab.InAppBillingService,com.android.vending,10024,19930,43270973,[],false,true,1,1,43271302,
1431925381699,org.cyanogenmod.audiofx.HeadsetService,org.cyanogenmod.audiofx,10000,1289,67364,"[PERSISTENT,STARTED]",false,true,0,0,67374,
1431925441811,com.android.bluetooth.hid.HidService,com.android.bluetooth,1002,0,49150,[],false,true,0,0,49160,
1431925441811,com.cleanmaster.service.PermanentService,com.cleanmaster.mguard:service,10138,1271,94138,[STARTED],false,true,1,1,46346715,
1431925441811,com.google.android.music.dial.DialMediaRouteProviderService,com.google.android.music:main,10073,0,57202,[],false,true,0,0,57212,
1431925441811,ch.unige.css.services.PingService,ch.unige.ping,10149,1632,49187218,[STARTED],false,true,0,0,49187228,
1431925441811,com.google.android.search.core.service.BroadcastListenerService,com.google.android.googlequicksearchbox:search,10026,2776,75471,[STARTED],false,true,0,0,28007607,
1431925441811,com.android.systemui.keyguard.KeyguardService,com.android.systemui,10014,930,44352,[PERSISTENT],false,false,2,2,68066,
1431925441811,openiab.StoreService,cm.aptoide.pt,10148,0,54787,[],false,true,0,0,54797,
1431925441811,ch.unige.css.services.main.CssRegistryService,ch.unige.ping:background,10149,27135,27136666,[STARTED],false,true,0,0,27136676,
1431925441811,com.google.android.finsky.billing.iab.InAppBillingService,com.android.vending,10024,19930,43270973,[],false,true,1,1,43271302,
1431925441811,org.cyanogenmod.audiofx.HeadsetService,org.cyanogenmod.audiofx,10000,1289,67364,"[PERSISTENT,STARTED]",false,true,0,0,67374,
1431925501915,com.android.bluetooth.hid.HidService,com.android.bluetooth,1002,0,49150,[],false,true,0,0,49160,
1431925501915,com.cleanmaster.service.PermanentService,com.cleanmaster.mguard:service,10138,1271,94138,[STARTED],false,true,1,1,46346715,
1431925501915,com.google.android.music.dial.DialMediaRouteProviderService,com.google.android.music:main,10073,0,57202,[],false,true,0,0,57212,
1431925501915,ch.unige.css.services.PingService,ch.unige.ping,10149,1632,49247351,[STARTED],false,true,0,0,49247361,
1431925501915,com.google.android.search.core.service.BroadcastListenerService,com.google.android.googlequicksearchbox:search,10026,2776,75471,[STARTED],false,true,0,0,28007607,
1431925501915,com.android.systemui.keyguard.KeyguardService,com.android.systemui,10014,930,44352,[PERSISTENT],false,false,2,2,68066,
1431925501915,openiab.StoreService,cm.aptoide.pt,10148,0,54787,[],false,true,0,0,54797,
1431925501915,ch.unige.css.services.main.CssRegistryService,ch.unige.ping:background,10149,27135,27136666,[STARTED],false,true,0,0,27136676,
1431925501915,com.google.android.finsky.billing.iab.InAppBillingService,com.android.vending,10024,19930,43270973,[],false,true,1,1,43271302,
1431925501915,org.cyanogenmod.audiofx.HeadsetService,org.cyanogenmod.audiofx,10000,1289,67364,"[PERSISTENT,STARTED]",false,true,0,0,67374,
1431925562028,com.android.bluetooth.hid.HidService,com.android.bluetooth,1002,0,49150,[],false,true,0,0,49160,
1431925562028,com.cleanmaster.service.PermanentService,com.cleanmaster.mguard:service,10138,1271,94138,[STARTED],false,true,1,1,46346715,
1431925562028,com.google.android.music.dial.DialMediaRouteProviderService,com.google.android.music:main,10073,0,57202,[],false,true,0,0,57212,
1431925562028,ch.unige.css.services.PingService,ch.unige.ping,10149,1632,49307457,[STARTED],false,true,0,0,49307467,
1431925562028,com.google.android.search.core.service.BroadcastListenerService,com.google.android.googlequicksearchbox:search,10026,2776,75471,[STARTED],false,true,0,0,28007607,
1431925562028,com.android.systemui.keyguard.KeyguardService,com.android.systemui,10014,930,44352,[PERSISTENT],false,false,2,2,68066,
1431925562028,openiab.StoreService,cm.aptoide.pt,10148,0,54787,[],false,true,0,0,54797,
1431925562028,ch.unige.css.services.main.CssRegistryService,ch.unige.ping:background,10149,27135,27136666,[STARTED],false,true,0,0,27136676,
1431925562028,com.google.android.finsky.billing.iab.InAppBillingService,com.android.vending,10024,19930,43270973,[],false,true,1,1,43271302,
1431925562028,org.cyanogenmod.audiofx.HeadsetService,org.cyanogenmod.audiofx,10000,1289,67364,"[PERSISTENT,STARTED]",false,true,0,0,67374,
1431925642537,com.android.bluetooth.hid.HidService,com.android.bluetooth,1002,0,49150,[],false,true,0,0,49160,
1431925642537,com.cleanmaster.service.PermanentService,com.cleanmaster.mguard:service,10138,1271,94138,[STARTED],false,true,1,1,46346715,
1431925642537,com.google.android.music.dial.DialMediaRouteProviderService,com.google.android.music:main,10073,0,57202,[],false,true,0,0,57212,
1431925642537,ch.unige.css.services.PingService,ch.unige.ping,10149,1632,49387987,[STARTED],false,true,0,0,49387997,
1431925642537,com.google.android.search.core.service.BroadcastListenerService,com.google.android.googlequicksearchbox:search,10026,2776,75471,[STARTED],false,true,0,0,28007607,
1431925642537,com.android.systemui.keyguard.KeyguardService,com.android.systemui,10014,930,44352,[PERSISTENT],false,false,2,2,68066,
1431925642537,openiab.StoreService,cm.aptoide.pt,10148,0,54787,[],false,true,0,0,54797,
1431925642537,ch.unige.css.services.main.CssRegistryService,ch.unige.ping:background,10149,27135,27136666,[STARTED],false,true,0,0,27136676,
1431925642537,com.google.android.finsky.billing.iab.InAppBillingService,com.android.vending,10024,19930,43270973,[],false,true,1,1,43271302,
1431925642537,org.cyanogenmod.audiofx.HeadsetService,org.cyanogenmod.audiofx,10000,1289,67364,"[PERSISTENT,STARTED]",false,true,0,0,67374,
1431925702671,com.android.bluetooth.hid.HidService,com.android.bluetooth,1002,0,49150,[],false,true,0,0,49160,
1431925702671,com.cleanmaster.service.PermanentService,com.cleanmaster.mguard:service,10138,1271,94138,[STARTED],false,true,1,1,46346715,
1431925702671,com.google.android.music.dial.DialMediaRouteProviderService,com.google.android.music:main,10073,0,57202,[],false,true,0,0,57212,
1431925702671,ch.unige.css.services.PingService,ch.unige.ping,10149,1632,49448077,[STARTED],false,true,0,0,49448087,
1431925702671,com.google.android.search.core.service.BroadcastListenerService,com.google.android.googlequicksearchbox:search,10026,2776,75471,[STARTED],false,true,0,0,28007607,
1431925702671,com.android.systemui.keyguard.KeyguardService,com.android.systemui,10014,930,44352,[PERSISTENT],false,false,2,2,68066,
1431925702671,openiab.StoreService,cm.aptoide.pt,10148,0,54787,[],false,true,0,0,54797,
1431925702671,ch.unige.css.services.main.CssRegistryService,ch.unige.ping:background,10149,27135,27136666,[STARTED],false,true,0,0,27136676,
1431925702671,com.google.android.finsky.billing.iab.InAppBillingService,com.android.vending,10024,19930,43270973,[],false,true,1,1,43271302,
1431925702671,org.cyanogenmod.audiofx.HeadsetService,org.cyanogenmod.audiofx,10000,1289,67364,"[PERSISTENT,STARTED]",false,true,0,0,67374,
1431925762804,com.android.bluetooth.hid.HidService,com.android.bluetooth,1002,0,49150,[],false,true,0,0,49160,
1431925762804,com.cleanmaster.service.PermanentService,com.cleanmaster.mguard:service,10138,1271,94138,[STARTED],false,true,1,1,49490535,
1431925762804,com.google.android.music.dial.DialMediaRouteProviderService,com.google.android.music:main,10073,0,57202,[],false,true,0,0,57212,
1431925762804,ch.unige.css.services.PingService,ch.unige.ping,10149,1632,49508197,[STARTED],false,true,0,0,49508207,
1431925762804,com.google.android.search.core.service.BroadcastListenerService,com.google.android.googlequicksearchbox:search,10026,2776,75471,[STARTED],false,true,0,0,28007607,
1431925762804,com.android.systemui.keyguard.KeyguardService,com.android.systemui,10014,930,44352,[PERSISTENT],false,false,2,2,68066,
1431925762804,openiab.StoreService,cm.aptoide.pt,10148,0,54787,[],false,true,0,0,54797,
1431925762804,ch.unige.css.services.main.CssRegistryService,ch.unige.ping:background,10149,27135,27136666,[STARTED],false,true,0,0,27136676,
1431925762804,com.google.android.finsky.billing.iab.InAppBillingService,com.android.vending,10024,19930,43270973,[],false,true,1,1,43271302,
1431925762804,org.cyanogenmod.audiofx.HeadsetService,org.cyanogenmod.audiofx,10000,1289,67364,"[PERSISTENT,STARTED]",false,true,0,0,67374,
1431925822858,com.android.bluetooth.hid.HidService,com.android.bluetooth,1002,0,49150,[],false,true,0,0,49160,
1431925822858,com.cleanmaster.service.PermanentService,com.cleanmaster.mguard:service,10138,1271,94138,[STARTED],false,true,1,1,49490535,
1431925822858,com.google.android.music.dial.DialMediaRouteProviderService,com.google.android.music:main,10073,0,57202,[],false,true,0,0,57212,
1431925822858,ch.unige.css.services.PingService,ch.unige.ping,10149,1632,49568288,[STARTED],false,true,0,0,49568298,
1431925822858,com.google.android.search.core.service.BroadcastListenerService,com.google.android.googlequicksearchbox:search,10026,2776,75471,[STARTED],false,true,0,0,28007607,
1431925822858,com.android.systemui.keyguard.KeyguardService,com.android.systemui,10014,930,44352,[PERSISTENT],false,false,2,2,68066,
1431925822858,openiab.StoreService,cm.aptoide.pt,10148,0,54787,[],false,true,0,0,54797,
1431925822858,ch.unige.css.services.main.CssRegistryService,ch.unige.ping:background,10149,27135,27136666,[STARTED],false,true,0,0,27136676,
1431925822858,com.google.android.finsky.billing.iab.InAppBillingService,com.android.vending,10024,19930,43270973,[],false,true,1,1,43271302,
1431925822858,org.cyanogenmod.audiofx.HeadsetService,org.cyanogenmod.audiofx,10000,1289,67364,"[PERSISTENT,STARTED]",false,true,0,0,67374,
1431925882950,com.android.bluetooth.hid.HidService,com.android.bluetooth,1002,0,49150,[],false,true,0,0,49160,
1431925882950,com.cleanmaster.service.PermanentService,com.cleanmaster.mguard:service,10138,1271,94138,[STARTED],false,true,1,1,49490535,
1431925882950,com.google.android.music.dial.DialMediaRouteProviderService,com.google.android.music:main,10073,0,57202,[],false,true,0,0,57212,
1431925882950,ch.unige.css.services.PingService,ch.unige.ping,10149,1632,49628388,[STARTED],false,true,0,0,49628397,
1431925882950,com.google.android.search.core.service.BroadcastListenerService,com.google.android.googlequicksearchbox:search,10026,2776,75471,[STARTED],false,true,0,0,28007607,
1431925882950,com.android.systemui.keyguard.KeyguardService,com.android.systemui,10014,930,44352,[PERSISTENT],false,false,2,2,68066,
1431925882950,openiab.StoreService,cm.aptoide.pt,10148,0,54787,[],false,true,0,0,54797,
1431925882950,ch.unige.css.services.main.CssRegistryService,ch.unige.ping:background,10149,27135,27136666,[STARTED],false,true,0,0,27136676,
1431925882950,com.google.android.finsky.billing.iab.InAppBillingService,com.android.vending,10024,19930,43270973,[],false,true,1,1,43271302,
1431925882950,org.cyanogenmod.audiofx.HeadsetService,org.cyanogenmod.audiofx,10000,1289,67364,"[PERSISTENT,STARTED]",false,true,0,0,67374,
1431925943077,com.android.bluetooth.hid.HidService,com.android.bluetooth,1002,0,49150,[],false,true,0,0,49160,
1431925943077,com.cleanmaster.service.PermanentService,com.cleanmaster.mguard:service,10138,1271,94138,[STARTED],false,true,1,1,49490535,
1431925943077,com.google.android.music.dial.DialMediaRouteProviderService,com.google.android.music:main,10073,0,57202,[],false,true,0,0,57212,
1431925943077,ch.unige.css.services.PingService,ch.unige.ping,10149,1632,49688485,[STARTED],false,true,0,0,49688495,
1431925943077,com.google.android.search.core.service.BroadcastListenerService,com.google.android.googlequicksearchbox:search,10026,2776,75471,[STARTED],false,true,0,0,28007607,
1431925943077,com.android.systemui.keyguard.KeyguardService,com.android.systemui,10014,930,44352,[PERSISTENT],false,false,2,2,68066,
1431925943077,openiab.StoreService,cm.aptoide.pt,10148,0,54787,[],false,true,0,0,54797,
1431925943077,ch.unige.css.services.main.CssRegistryService,ch.unige.ping:background,10149,27135,27136666,[STARTED],false,true,0,0,27136676,
1431925943077,com.google.android.finsky.billing.iab.InAppBillingService,com.android.vending,10024,19930,43270973,[],false,true,1,1,43271302,
1431925943077,org.cyanogenmod.audiofx.HeadsetService,org.cyanogenmod.audiofx,10000,1289,67364,"[PERSISTENT,STARTED]",false,true,0,0,67374,
1431926003160,com.android.bluetooth.hid.HidService,com.android.bluetooth,1002,0,49150,[],false,true,0,0,49160,
1431926003160,com.cleanmaster.service.PermanentService,com.cleanmaster.mguard:service,10138,1271,94138,[STARTED],false,true,1,1,49490535,
1431926003160,com.google.android.music.dial.DialMediaRouteProviderService,com.google.android.music:main,10073,0,57202,[],false,true,0,0,57212,
1431926003160,ch.unige.css.services.PingService,ch.unige.ping,10149,1632,49748597,[STARTED],false,true,0,0,49748607,
1431926003160,com.google.android.search.core.service.BroadcastListenerService,com.google.android.googlequicksearchbox:search,10026,2776,75471,[STARTED],false,true,0,0,28007607,
1431926003160,com.android.systemui.keyguard.KeyguardService,com.android.systemui,10014,930,44352,[PERSISTENT],false,false,2,2,68066,
1431926003160,openiab.StoreService,cm.aptoide.pt,10148,0,54787,[],false,true,0,0,54797,
1431926003160,ch.unige.css.services.main.CssRegistryService,ch.unige.ping:background,10149,27135,27136666,[STARTED],false,true,0,0,27136676,
1431926003160,com.google.android.finsky.billing.iab.InAppBillingService,com.android.vending,10024,19930,43270973,[],false,true,1,1,43271302,
1431926003160,org.cyanogenmod.audiofx.HeadsetService,org.cyanogenmod.audiofx,10000,1289,67364,"[PERSISTENT,STARTED]",false,true,0,0,67374,
1431926063273,com.android.bluetooth.hid.HidService,com.android.bluetooth,1002,0,49150,[],false,true,0,0,49160,
1431926063273,com.cleanmaster.service.PermanentService,com.cleanmaster.mguard:service,10138,1271,94138,[STARTED],false,true,1,1,49490535,
1431926063273,com.google.android.music.dial.DialMediaRouteProviderService,com.google.android.music:main,10073,0,57202,[],false,true,0,0,57212,
1431926063273,ch.unige.css.services.PingService,ch.unige.ping,10149,1632,49808695,[STARTED],false,true,0,0,49808704,
1431926063273,com.google.android.search.core.service.BroadcastListenerService,com.google.android.googlequicksearchbox:search,10026,2776,75471,[STARTED],false,true,0,0,28007607,
1431926063273,com.android.systemui.keyguard.KeyguardService,com.android.systemui,10014,930,44352,[PERSISTENT],false,false,2,2,68066,
1431926063273,openiab.StoreService,cm.aptoide.pt,10148,0,54787,[],false,true,0,0,54797,
1431926063273,ch.unige.css.services.main.CssRegistryService,ch.unige.ping:background,10149,27135,27136666,[STARTED],false,true,0,0,27136676,
1431926063273,com.google.android.finsky.billing.iab.InAppBillingService,com.android.vending,10024,19930,43270973,[],false,true,1,1,43271302,
1431926063273,org.cyanogenmod.audiofx.HeadsetService,org.cyanogenmod.audiofx,10000,1289,67364,"[PERSISTENT,STARTED]",false,true,0,0,67374,
1431926156147,com.android.bluetooth.hid.HidService,com.android.bluetooth,1002,0,49150,[],false,true,0,0,49160,
1431926156147,com.cleanmaster.service.PermanentService,com.cleanmaster.mguard:service,10138,1271,94138,[STARTED],false,true,1,1,49490535,
1431926156147,com.google.android.music.dial.DialMediaRouteProviderService,com.google.android.music:main,10073,0,57202,[],false,true,0,0,57212,
1431926156147,ch.unige.css.services.PingService,ch.unige.ping,10149,1632,49901540,[STARTED],false,true,0,0,49901550,
1431926156147,com.google.android.search.core.service.BroadcastListenerService,com.google.android.googlequicksearchbox:search,10026,2776,75471,[STARTED],false,true,0,0,28007607,
1431926156147,com.android.systemui.keyguard.KeyguardService,com.android.systemui,10014,930,44352,[PERSISTENT],false,false,2,2,68066,
1431926156147,openiab.StoreService,cm.aptoide.pt,10148,0,54787,[],false,true,0,0,54797,
1431926156147,ch.unige.css.services.main.CssRegistryService,ch.unige.ping:background,10149,27135,27136666,[STARTED],false,true,0,0,27136676,
1431926156147,com.google.android.finsky.billing.iab.InAppBillingService,com.android.vending,10024,19930,43270973,[],false,true,1,1,43271302,
1431926156147,org.cyanogenmod.audiofx.HeadsetService,org.cyanogenmod.audiofx,10000,1289,67364,"[PERSISTENT,STARTED]",false,true,0,0,67374,
1431926216164,com.android.bluetooth.hid.HidService,com.android.bluetooth,1002,0,49150,[],false,true,0,0,49160,
1431926216164,com.cleanmaster.service.PermanentService,com.cleanmaster.mguard:service,10138,1271,94138,[STARTED],false,true,1,1,49490535,
1431926216164,com.google.android.music.dial.DialMediaRouteProviderService,com.google.android.music:main,10073,0,57202,[],false,true,0,0,57212,
1431926216164,ch.unige.css.services.PingService,ch.unige.ping,10149,1632,49961574,[STARTED],false,true,0,0,49961584,
1431926216164,com.google.android.search.core.service.BroadcastListenerService,com.google.android.googlequicksearchbox:search,10026,2776,75471,[STARTED],false,true,0,0,28007607,
1431926216164,com.android.systemui.keyguard.KeyguardService,com.android.systemui,10014,930,44352,[PERSISTENT],false,false,2,2,68066,
1431926216164,openiab.StoreService,cm.aptoide.pt,10148,0,54787,[],false,true,0,0,54797,
1431926216164,ch.unige.css.services.main.CssRegistryService,ch.unige.ping:background,10149,27135,27136666,[STARTED],false,true,0,0,27136676,
1431926216164,com.google.android.finsky.billing.iab.InAppBillingService,com.android.vending,10024,19930,43270973,[],false,true,1,1,43271302,
1431926216164,org.cyanogenmod.audiofx.HeadsetService,org.cyanogenmod.audiofx,10000,1289,67364,"[PERSISTENT,STARTED]",false,true,0,0,67374,
1431926276169,com.android.bluetooth.hid.HidService,com.android.bluetooth,1002,0,49150,[],false,true,0,0,49160,
1431926276169,com.cleanmaster.service.PermanentService,com.cleanmaster.mguard:service,10138,1271,94138,[STARTED],false,true,1,1,49490535,
1431926276169,com.google.android.music.dial.DialMediaRouteProviderService,com.google.android.music:main,10073,0,57202,[],false,true,0,0,57212,
1431926276169,ch.unige.css.services.PingService,ch.unige.ping,10149,1632,50021598,[STARTED],false,true,0,0,50021608,
1431926276169,com.google.android.search.core.service.BroadcastListenerService,com.google.android.googlequicksearchbox:search,10026,2776,75471,[STARTED],false,true,0,0,28007607,
1431926276169,com.android.systemui.keyguard.KeyguardService,com.android.systemui,10014,930,44352,[PERSISTENT],false,false,2,2,68066,
1431926276169,openiab.StoreService,cm.aptoide.pt,10148,0,54787,[],false,true,0,0,54797,
1431926276169,ch.unige.css.services.main.CssRegistryService,ch.unige.ping:background,10149,27135,27136666,[STARTED],false,true,0,0,27136676,
1431926276169,com.google.android.finsky.billing.iab.InAppBillingService,com.android.vending,10024,19930,43270973,[],false,true,1,1,43271302,
1431926276169,org.cyanogenmod.audiofx.HeadsetService,org.cyanogenmod.audiofx,10000,1289,67364,"[PERSISTENT,STARTED]",false,true,0,0,67374,
1431926340220,com.android.bluetooth.hid.HidService,com.android.bluetooth,1002,0,49150,[],false,true,0,0,49160,
1431926340220,com.cleanmaster.service.PermanentService,com.cleanmaster.mguard:service,10138,1271,94138,[STARTED],false,true,1,1,49490535,
1431926340220,com.google.android.music.dial.DialMediaRouteProviderService,com.google.android.music:main,10073,0,57202,[],false,true,0,0,57212,
1431926340220,ch.unige.css.services.PingService,ch.unige.ping,10149,1632,50085635,[STARTED],false,true,0,0,50085645,
1431926340220,com.google.android.search.core.service.BroadcastListenerService,com.google.android.googlequicksearchbox:search,10026,2776,75471,[STARTED],false,true,0,0,28007607,
1431926340220,com.android.systemui.keyguard.KeyguardService,com.android.systemui,10014,930,44352,[PERSISTENT],false,false,2,2,68066,
1431926340220,openiab.StoreService,cm.aptoide.pt,10148,0,54787,[],false,true,0,0,54797,
1431926340220,ch.unige.css.services.main.CssRegistryService,ch.unige.ping:background,10149,27135,27136666,[STARTED],false,true,0,0,27136676,
1431926340220,com.google.android.finsky.billing.iab.InAppBillingService,com.android.vending,10024,19930,43270973,[],false,true,1,1,43271302,
1431926340220,org.cyanogenmod.audiofx.HeadsetService,org.cyanogenmod.audiofx,10000,1289,67364,"[PERSISTENT,STARTED]",false,true,0,0,67374,
1431926400303,com.android.bluetooth.hid.HidService,com.android.bluetooth,1002,0,49150,[],false,true,0,0,49160,
1431926400303,com.cleanmaster.service.PermanentService,com.cleanmaster.mguard:service,10138,1271,94138,[STARTED],false,true,1,1,49490535,
1431926400303,com.google.android.music.dial.DialMediaRouteProviderService,com.google.android.music:main,10073,0,57202,[],false,true,0,0,57212,
1431926400303,ch.unige.css.services.PingService,ch.unige.ping,10149,1632,50145735,[STARTED],false,true,0,0,50145745,
1431926400303,com.google.android.search.core.service.BroadcastListenerService,com.google.android.googlequicksearchbox:search,10026,2776,75471,[STARTED],false,true,0,0,28007607,
1431926400303,com.android.systemui.keyguard.KeyguardService,com.android.systemui,10014,930,44352,[PERSISTENT],false,false,2,2,68066,
1431926400303,openiab.StoreService,cm.aptoide.pt,10148,0,54787,[],false,true,0,0,54797,
1431926400303,ch.unige.css.services.main.CssRegistryService,ch.unige.ping:background,10149,27135,27136666,[STARTED],false,true,0,0,27136676,
1431926400303,com.google.android.finsky.billing.iab.InAppBillingService,com.android.vending,10024,19930,43270973,[],false,true,1,1,43271302,
1431926400303,org.cyanogenmod.audiofx.HeadsetService,org.cyanogenmod.audiofx,10000,1289,67364,"[PERSISTENT,STARTED]",false,true,0,0,67374,
1431926460424,com.android.bluetooth.hid.HidService,com.android.bluetooth,1002,0,49150,[],false,true,0,0,49160,
1431926460424,com.cleanmaster.service.PermanentService,com.cleanmaster.mguard:service,10138,1271,94138,[STARTED],false,true,1,1,49490535,
1431926460424,com.google.android.music.dial.DialMediaRouteProviderService,com.google.android.music:main,10073,0,57202,[],false,true,0,0,57212,
1431926460424,ch.unige.css.services.PingService,ch.unige.ping,10149,1632,50205840,[STARTED],false,true,0,0,50205850,
1431926460424,com.google.android.search.core.service.BroadcastListenerService,com.google.android.googlequicksearchbox:search,10026,2776,75471,[STARTED],false,true,0,0,28007607,
1431926460424,com.android.systemui.keyguard.KeyguardService,com.android.systemui,10014,930,44352,[PERSISTENT],false,false,2,2,68066,
1431926460424,openiab.StoreService,cm.aptoide.pt,10148,0,54787,[],false,true,0,0,54797,
1431926460424,ch.unige.css.services.main.CssRegistryService,ch.unige.ping:background,10149,27135,27136666,[STARTED],false,true,0,0,27136676,
1431926460424,com.google.android.finsky.billing.iab.InAppBillingService,com.android.vending,10024,19930,43270973,[],false,true,1,1,43271302,
1431926460424,org.cyanogenmod.audiofx.HeadsetService,org.cyanogenmod.audiofx,10000,1289,67364,"[PERSISTENT,STARTED]",false,true,0,0,67374,
1431926520669,com.android.bluetooth.hid.HidService,com.android.bluetooth,1002,0,49150,[],false,true,0,0,49160,
1431926520669,com.cleanmaster.service.PermanentService,com.cleanmaster.mguard:service,10138,1271,94138,[STARTED],false,true,1,1,49490535,
1431926520669,com.google.android.music.dial.DialMediaRouteProviderService,com.google.android.music:main,10073,0,57202,[],false,true,0,0,57212,
1431926520669,ch.unige.css.services.PingService,ch.unige.ping,10149,1632,50266097,[STARTED],false,true,0,0,50266106,
1431926520669,com.google.android.search.core.service.BroadcastListenerService,com.google.android.googlequicksearchbox:search,10026,2776,75471,[STARTED],false,true,0,0,28007607,
1431926520669,com.android.systemui.keyguard.KeyguardService,com.android.systemui,10014,930,44352,[PERSISTENT],false,false,2,2,68066,
1431926520669,openiab.StoreService,cm.aptoide.pt,10148,0,54787,[],false,true,0,0,54797,
1431926520669,ch.unige.css.services.main.CssRegistryService,ch.unige.ping:background,10149,27135,27136666,[STARTED],false,true,0,0,27136676,
1431926520669,com.google.android.finsky.billing.iab.InAppBillingService,com.android.vending,10024,19930,43270973,[],false,true,1,1,43271302,
1431926520669,org.cyanogenmod.audiofx.HeadsetService,org.cyanogenmod.audiofx,10000,1289,67364,"[PERSISTENT,STARTED]",false,true,0,0,67374,
1431926580769,com.android.bluetooth.hid.HidService,com.android.bluetooth,1002,0,49150,[],false,true,0,0,49160,
1431926580769,com.cleanmaster.service.PermanentService,com.cleanmaster.mguard:service,10138,1271,94138,[STARTED],false,true,1,1,49490535,
1431926580769,com.google.android.music.dial.DialMediaRouteProviderService,com.google.android.music:main,10073,0,57202,[],false,true,0,0,57212,
1431926580769,ch.unige.css.services.PingService,ch.unige.ping,10149,1632,50326194,[STARTED],false,true,0,0,50326204,
1431926580769,com.google.android.search.core.service.BroadcastListenerService,com.google.android.googlequicksearchbox:search,10026,2776,75471,[STARTED],false,true,0,0,28007607,
1431926580769,com.android.systemui.keyguard.KeyguardService,com.android.systemui,10014,930,44352,[PERSISTENT],false,false,2,2,68066,
1431926580769,openiab.StoreService,cm.aptoide.pt,10148,0,54787,[],false,true,0,0,54797,
1431926580769,ch.unige.css.services.main.CssRegistryService,ch.unige.ping:background,10149,27135,27136666,[STARTED],false,true,0,0,27136676,
1431926580769,com.google.android.finsky.billing.iab.InAppBillingService,com.android.vending,10024,19930,43270973,[],false,true,1,1,43271302,
1431926580769,org.cyanogenmod.audiofx.HeadsetService,org.cyanogenmod.audiofx,10000,1289,67364,"[PERSISTENT,STARTED]",false,true,0,0,67374,
1431926640875,com.android.bluetooth.hid.HidService,com.android.bluetooth,1002,0,49150,[],false,true,0,0,49160,
1431926640875,com.cleanmaster.service.PermanentService,com.cleanmaster.mguard:service,10138,1271,94138,[STARTED],false,true,1,1,49490535,
1431926640875,com.google.android.music.dial.DialMediaRouteProviderService,com.google.android.music:main,10073,0,57202,[],false,true,0,0,57212,
1431926640875,ch.unige.css.services.PingService,ch.unige.ping,10149,1632,50386286,[STARTED],false,true,0,0,50386296,
1431926640875,com.google.android.search.core.service.BroadcastListenerService,com.google.android.googlequicksearchbox:search,10026,2776,75471,[STARTED],false,true,0,0,28007607,
1431926640875,com.android.systemui.keyguard.KeyguardService,com.android.systemui,10014,930,44352,[PERSISTENT],false,false,2,2,68066,
1431926640875,openiab.StoreService,cm.aptoide.pt,10148,0,54787,[],false,true,0,0,54797,
1431926640875,ch.unige.css.services.main.CssRegistryService,ch.unige.ping:background,10149,27135,27136666,[STARTED],false,true,0,0,27136676,
1431926640875,com.google.android.finsky.billing.iab.InAppBillingService,com.android.vending,10024,19930,43270973,[],false,true,1,1,43271302,
1431926640875,org.cyanogenmod.audiofx.HeadsetService,org.cyanogenmod.audiofx,10000,1289,67364,"[PERSISTENT,STARTED]",false,true,0,0,67374,
1431926701115,com.android.bluetooth.hid.HidService,com.android.bluetooth,1002,0,49150,[],false,true,0,0,49160,
1431926701115,com.cleanmaster.service.PermanentService,com.cleanmaster.mguard:service,10138,1271,94138,[STARTED],false,true,1,1,49490535,
1431926701115,com.google.android.music.dial.DialMediaRouteProviderService,com.google.android.music:main,10073,0,57202,[],false,true,0,0,57212,
1431926701115,ch.unige.css.services.PingService,ch.unige.ping,10149,1632,50446366,[STARTED],false,true,0,0,50446376,
1431926701115,com.google.android.search.core.service.BroadcastListenerService,com.google.android.googlequicksearchbox:search,10026,2776,75471,[STARTED],false,true,0,0,28007607,
1431926701115,com.android.systemui.keyguard.KeyguardService,com.android.systemui,10014,930,44352,[PERSISTENT],false,false,2,2,68066,
1431926701115,openiab.StoreService,cm.aptoide.pt,10148,0,54787,[],false,true,0,0,54797,
1431926701115,ch.unige.css.services.main.CssRegistryService,ch.unige.ping:background,10149,27135,27136666,[STARTED],false,true,0,0,27136676,
1431926701115,com.google.android.finsky.billing.iab.InAppBillingService,com.android.vending,10024,19930,43270973,[],false,true,1,1,43271302,
1431926701115,org.cyanogenmod.audiofx.HeadsetService,org.cyanogenmod.audiofx,10000,1289,67364,"[PERSISTENT,STARTED]",false,true,0,0,67374,
1431926786374,com.android.bluetooth.hid.HidService,com.android.bluetooth,1002,0,49150,[],false,true,0,0,49160,
1431926786374,com.cleanmaster.service.PermanentService,com.cleanmaster.mguard:service,10138,1271,94138,[STARTED],false,true,1,1,49490535,
1431926786374,com.google.android.music.dial.DialMediaRouteProviderService,com.google.android.music:main,10073,0,57202,[],false,true,0,0,57212,
1431926786374,ch.unige.css.services.PingService,ch.unige.ping,10149,1632,50531807,[STARTED],false,true,0,0,50531817,
1431926786374,com.google.android.search.core.service.BroadcastListenerService,com.google.android.googlequicksearchbox:search,10026,2776,75471,[STARTED],false,true,0,0,28007607,
1431926786374,com.android.systemui.keyguard.KeyguardService,com.android.systemui,10014,930,44352,[PERSISTENT],false,false,2,2,68066,
1431926786374,openiab.StoreService,cm.aptoide.pt,10148,0,54787,[],false,true,0,0,54797,
1431926786374,ch.unige.css.services.main.CssRegistryService,ch.unige.ping:background,10149,27135,27136666,[STARTED],false,true,0,0,27136676,
1431926786374,com.google.android.finsky.billing.iab.InAppBillingService,com.android.vending,10024,19930,43270973,[],false,true,1,1,43271302,
1431926786374,org.cyanogenmod.audiofx.HeadsetService,org.cyanogenmod.audiofx,10000,1289,67364,"[PERSISTENT,STARTED]",false,true,0,0,67374,
1431926861162,com.android.bluetooth.hid.HidService,com.android.bluetooth,1002,0,49150,[],false,true,0,0,49160,
1431926861162,com.cleanmaster.service.PermanentService,com.cleanmaster.mguard:service,10138,1271,94138,[STARTED],false,true,1,1,49490535,
1431926861162,com.google.android.music.dial.DialMediaRouteProviderService,com.google.android.music:main,10073,0,57202,[],false,true,0,0,57212,
1431926861162,ch.unige.css.services.PingService,ch.unige.ping,10149,1632,50606578,[STARTED],false,true,0,0,50606588,
1431926861162,com.google.android.search.core.service.BroadcastListenerService,com.google.android.googlequicksearchbox:search,10026,2776,75471,[STARTED],false,true,0,0,28007607,
1431926861162,com.android.systemui.keyguard.KeyguardService,com.android.systemui,10014,930,44352,[PERSISTENT],false,false,2,2,68066,
1431926861162,openiab.StoreService,cm.aptoide.pt,10148,0,54787,[],false,true,0,0,54797,
1431926861162,ch.unige.css.services.main.CssRegistryService,ch.unige.ping:background,10149,27135,27136666,[STARTED],false,true,0,0,27136676,
1431926861162,com.google.android.finsky.billing.iab.InAppBillingService,com.android.vending,10024,19930,43270973,[],false,true,1,1,43271302,
1431926861162,org.cyanogenmod.audiofx.HeadsetService,org.cyanogenmod.audiofx,10000,1289,67364,"[PERSISTENT,STARTED]",false,true,0,0,67374,
1431926921345,com.android.bluetooth.hid.HidService,com.android.bluetooth,1002,0,49150,[],false,true,0,0,49160,
1431926921345,com.cleanmaster.service.PermanentService,com.cleanmaster.mguard:service,10138,1271,94138,[STARTED],false,true,1,1,49490535,
1431926921345,com.google.android.music.dial.DialMediaRouteProviderService,com.google.android.music:main,10073,0,57202,[],false,true,0,0,57212,
1431926921345,ch.unige.css.services.PingService,ch.unige.ping,10149,1632,50666661,[STARTED],false,true,0,0,50666671,
1431926921345,com.google.android.search.core.service.BroadcastListenerService,com.google.android.googlequicksearchbox:search,10026,2776,75471,[STARTED],false,true,0,0,28007607,
1431926921345,com.android.systemui.keyguard.KeyguardService,com.android.systemui,10014,930,44352,[PERSISTENT],false,false,2,2,68066,
1431926921345,openiab.StoreService,cm.aptoide.pt,10148,0,54787,[],false,true,0,0,54797,
1431926921345,ch.unige.css.services.main.CssRegistryService,ch.unige.ping:background,10149,27135,27136666,[STARTED],false,true,0,0,27136676,
1431926921345,com.google.android.finsky.billing.iab.InAppBillingService,com.android.vending,10024,19930,43270973,[],false,true,1,1,43271302,
1431926921345,org.cyanogenmod.audiofx.HeadsetService,org.cyanogenmod.audiofx,10000,1289,67364,"[PERSISTENT,STARTED]",false,true,0,0,67374,
1431926981350,com.android.bluetooth.hid.HidService,com.android.bluetooth,1002,0,49150,[],false,true,0,0,49160,
1431926981350,com.cleanmaster.service.PermanentService,com.cleanmaster.mguard:service,10138,1271,94138,[STARTED],false,true,1,1,49490535,
1431926981350,com.google.android.music.dial.DialMediaRouteProviderService,com.google.android.music:main,10073,0,57202,[],false,true,0,0,57212,
1431926981350,ch.unige.css.services.PingService,ch.unige.ping,10149,1632,50726762,[STARTED],false,true,0,0,50726772,
1431926981350,com.google.android.search.core.service.BroadcastListenerService,com.google.android.googlequicksearchbox:search,10026,2776,75471,[STARTED],false,true,0,0,28007607,
1431926981350,com.android.systemui.keyguard.KeyguardService,com.android.systemui,10014,930,44352,[PERSISTENT],false,false,2,2,68066,
1431926981350,openiab.StoreService,cm.aptoide.pt,10148,0,54787,[],false,true,0,0,54797,
1431926981350,ch.unige.css.services.main.CssRegistryService,ch.unige.ping:background,10149,27135,27136666,[STARTED],false,true,0,0,27136676,
1431926981350,com.google.android.finsky.billing.iab.InAppBillingService,com.android.vending,10024,19930,43270973,[],false,true,1,1,43271302,
1431926981350,org.cyanogenmod.audiofx.HeadsetService,org.cyanogenmod.audiofx,10000,1289,67364,"[PERSISTENT,STARTED]",false,true,0,0,67374,
1431927041443,com.android.bluetooth.hid.HidService,com.android.bluetooth,1002,0,49150,[],false,true,0,0,49160,
1431927041443,com.cleanmaster.service.PermanentService,com.cleanmaster.mguard:service,10138,1271,94138,[STARTED],false,true,1,1,49490535,
1431927041443,com.google.android.music.dial.DialMediaRouteProviderService,com.google.android.music:main,10073,0,57202,[],false,true,0,0,57212,
1431927041443,ch.unige.css.services.PingService,ch.unige.ping,10149,1632,50786865,[STARTED],false,true,0,0,50786875,
1431927041443,com.google.android.search.core.service.BroadcastListenerService,com.google.android.googlequicksearchbox:search,10026,2776,75471,[STARTED],false,true,0,0,28007607,
1431927041443,com.android.systemui.keyguard.KeyguardService,com.android.systemui,10014,930,44352,[PERSISTENT],false,false,2,2,68066,
1431927041443,openiab.StoreService,cm.aptoide.pt,10148,0,54787,[],false,true,0,0,54797,
1431927041443,ch.unige.css.services.main.CssRegistryService,ch.unige.ping:background,10149,27135,27136666,[STARTED],false,true,0,0,27136676,
1431927041443,com.google.android.finsky.billing.iab.InAppBillingService,com.android.vending,10024,19930,43270973,[],false,true,1,1,43271302,
1431927041443,org.cyanogenmod.audiofx.HeadsetService,org.cyanogenmod.audiofx,10000,1289,67364,"[PERSISTENT,STARTED]",false,true,0,0,67374,
1431927101544,com.android.bluetooth.hid.HidService,com.android.bluetooth,1002,0,49150,[],false,true,0,0,49160,
1431927101544,com.cleanmaster.service.PermanentService,com.cleanmaster.mguard:service,10138,1271,94138,[STARTED],false,true,1,1,49490535,
1431927101544,com.google.android.music.dial.DialMediaRouteProviderService,com.google.android.music:main,10073,0,57202,[],false,true,0,0,57212,
1431927101544,ch.unige.css.services.PingService,ch.unige.ping,10149,1632,50846960,[STARTED],false,true,0,0,50846970,
1431927101544,com.google.android.search.core.service.BroadcastListenerService,com.google.android.googlequicksearchbox:search,10026,2776,75471,[STARTED],false,true,0,0,28007607,
1431927101544,com.android.systemui.keyguard.KeyguardService,com.android.systemui,10014,930,44352,[PERSISTENT],false,false,2,2,68066,
1431927101544,openiab.StoreService,cm.aptoide.pt,10148,0,54787,[],false,true,0,0,54797,
1431927101544,ch.unige.css.services.main.CssRegistryService,ch.unige.ping:background,10149,27135,27136666,[STARTED],false,true,0,0,27136676,
1431927101544,com.google.android.finsky.billing.iab.InAppBillingService,com.android.vending,10024,19930,43270973,[],false,true,1,1,43271302,
1431927101544,org.cyanogenmod.audiofx.HeadsetService,org.cyanogenmod.audiofx,10000,1289,67364,"[PERSISTENT,STARTED]",false,true,0,0,67374,
1431927161655,com.android.bluetooth.hid.HidService,com.android.bluetooth,1002,0,49150,[],false,true,0,0,49160,
1431927161655,com.cleanmaster.service.PermanentService,com.cleanmaster.mguard:service,10138,1271,94138,[STARTED],false,true,1,1,49490535,
1431927161655,com.google.android.music.dial.DialMediaRouteProviderService,com.google.android.music:main,10073,0,57202,[],false,true,0,0,57212,
1431927161655,ch.unige.css.services.PingService,ch.unige.ping,10149,1632,50907066,[STARTED],false,true,0,0,50907076,
1431927161655,com.google.android.search.core.service.BroadcastListenerService,com.google.android.googlequicksearchbox:search,10026,2776,75471,[STARTED],false,true,0,0,28007607,
1431927161655,com.android.systemui.keyguard.KeyguardService,com.android.systemui,10014,930,44352,[PERSISTENT],false,false,2,2,68066,
1431927161655,openiab.StoreService,cm.aptoide.pt,10148,0,54787,[],false,true,0,0,54797,
1431927161655,ch.unige.css.services.main.CssRegistryService,ch.unige.ping:background,10149,27135,27136666,[STARTED],false,true,0,0,27136676,
1431927161655,com.google.android.finsky.billing.iab.InAppBillingService,com.android.vending,10024,19930,43270973,[],false,true,1,1,43271302,
1431927161655,org.cyanogenmod.audiofx.HeadsetService,org.cyanogenmod.audiofx,10000,1289,67364,"[PERSISTENT,STARTED]",false,true,0,0,67374,
1431927221707,com.android.bluetooth.hid.HidService,com.android.bluetooth,1002,0,49150,[],false,true,0,0,49160,
1431927221707,com.cleanmaster.service.PermanentService,com.cleanmaster.mguard:service,10138,1271,94138,[STARTED],false,true,1,1,49490535,
1431927221707,com.google.android.music.dial.DialMediaRouteProviderService,com.google.android.music:main,10073,0,57202,[],false,true,0,0,57212,
1431927221707,ch.unige.css.services.PingService,ch.unige.ping,10149,1632,50967135,[STARTED],false,true,0,0,50967145,
1431927221707,com.google.android.search.core.service.BroadcastListenerService,com.google.android.googlequicksearchbox:search,10026,2776,75471,[STARTED],false,true,0,0,28007607,
1431927221707,com.android.systemui.keyguard.KeyguardService,com.android.systemui,10014,930,44352,[PERSISTENT],false,false,2,2,68066,
1431927221707,openiab.StoreService,cm.aptoide.pt,10148,0,54787,[],false,true,0,0,54797,
1431927221707,ch.unige.css.services.main.CssRegistryService,ch.unige.ping:background,10149,27135,27136666,[STARTED],false,true,0,0,27136676,
1431927221707,com.google.android.finsky.billing.iab.InAppBillingService,com.android.vending,10024,19930,43270973,[],false,true,1,1,43271302,
1431927221707,org.cyanogenmod.audiofx.HeadsetService,org.cyanogenmod.audiofx,10000,1289,67364,"[PERSISTENT,STARTED]",false,true,0,0,67374,
1431927281759,com.android.bluetooth.hid.HidService,com.android.bluetooth,1002,0,49150,[],false,true,0,0,49160,
1431927281759,com.cleanmaster.service.PermanentService,com.cleanmaster.mguard:service,10138,1271,94138,[STARTED],false,true,1,1,49490535,
1431927281759,com.google.android.music.dial.DialMediaRouteProviderService,com.google.android.music:main,10073,0,57202,[],false,true,0,0,57212,
1431927281759,ch.unige.css.services.PingService,ch.unige.ping,10149,1632,51027187,[STARTED],false,true,0,0,51027197,
1431927281759,com.google.android.search.core.service.BroadcastListenerService,com.google.android.googlequicksearchbox:search,10026,2776,75471,[STARTED],false,true,0,0,28007607,
1431927281759,com.android.systemui.keyguard.KeyguardService,com.android.systemui,10014,930,44352,[PERSISTENT],false,false,2,2,68066,
1431927281759,openiab.StoreService,cm.aptoide.pt,10148,0,54787,[],false,true,0,0,54797,
1431927281759,ch.unige.css.services.main.CssRegistryService,ch.unige.ping:background,10149,27135,27136666,[STARTED],false,true,0,0,27136676,
1431927281759,com.google.android.finsky.billing.iab.InAppBillingService,com.android.vending,10024,19930,43270973,[],false,true,1,1,43271302,
1431927281759,org.cyanogenmod.audiofx.HeadsetService,org.cyanogenmod.audiofx,10000,1289,67364,"[PERSISTENT,STARTED]",false,true,0,0,67374,
1431927360293,com.android.bluetooth.hid.HidService,com.android.bluetooth,1002,0,49150,[],false,true,0,0,49160,
1431927360293,com.cleanmaster.service.PermanentService,com.cleanmaster.mguard:service,10138,1271,94138,[STARTED],false,true,1,1,49490535,
1431927360293,com.google.android.music.dial.DialMediaRouteProviderService,com.google.android.music:main,10073,0,57202,[],false,true,0,0,57212,
1431927360293,ch.unige.css.services.PingService,ch.unige.ping,10149,1632,51105740,[STARTED],false,true,0,0,51105750,
1431927360293,com.google.android.search.core.service.BroadcastListenerService,com.google.android.googlequicksearchbox:search,10026,2776,75471,[STARTED],false,true,0,0,28007607,
1431927360293,com.android.systemui.keyguard.KeyguardService,com.android.systemui,10014,930,44352,[PERSISTENT],false,false,2,2,68066,
1431927360293,openiab.StoreService,cm.aptoide.pt,10148,0,54787,[],false,true,0,0,54797,
1431927360293,ch.unige.css.services.main.CssRegistryService,ch.unige.ping:background,10149,27135,27136666,[STARTED],false,true,0,0,27136676,
1431927360293,com.google.android.finsky.billing.iab.InAppBillingService,com.android.vending,10024,19930,43270973,[],false,true,1,1,43271302,
1431927360293,org.cyanogenmod.audiofx.HeadsetService,org.cyanogenmod.audiofx,10000,1289,67364,"[PERSISTENT,STARTED]",false,true,0,0,67374,
1431927420429,com.android.bluetooth.hid.HidService,com.android.bluetooth,1002,0,49150,[],false,true,0,0,49160,
1431927420429,com.cleanmaster.service.PermanentService,com.cleanmaster.mguard:service,10138,1271,94138,[STARTED],false,true,1,1,49490535,
1431927420429,com.google.android.music.dial.DialMediaRouteProviderService,com.google.android.music:main,10073,0,57202,[],false,true,0,0,57212,
1431927420429,ch.unige.css.services.PingService,ch.unige.ping,10149,1632,51165829,[STARTED],false,true,0,0,51165839,
1431927420429,com.google.android.search.core.service.BroadcastListenerService,com.google.android.googlequicksearchbox:search,10026,2776,75471,[STARTED],false,true,0,0,28007607,
1431927420429,com.android.systemui.keyguard.KeyguardService,com.android.systemui,10014,930,44352,[PERSISTENT],false,false,2,2,68066,
1431927420429,openiab.StoreService,cm.aptoide.pt,10148,0,54787,[],false,true,0,0,54797,
1431927420429,ch.unige.css.services.main.CssRegistryService,ch.unige.ping:background,10149,27135,27136666,[STARTED],false,true,0,0,27136676,
1431927420429,com.google.android.finsky.billing.iab.InAppBillingService,com.android.vending,10024,19930,43270973,[],false,true,1,1,43271302,
1431927420429,org.cyanogenmod.audiofx.HeadsetService,org.cyanogenmod.audiofx,10000,1289,67364,"[PERSISTENT,STARTED]",false,true,0,0,67374,
1431927480524,com.android.bluetooth.hid.HidService,com.android.bluetooth,1002,0,49150,[],false,true,0,0,49160,
1431927480524,com.cleanmaster.service.PermanentService,com.cleanmaster.mguard:service,10138,1271,94138,[STARTED],false,true,1,1,49490535,
1431927480524,com.google.android.music.dial.DialMediaRouteProviderService,com.google.android.music:main,10073,0,57202,[],false,true,0,0,57212,
1431927480524,ch.unige.css.services.PingService,ch.unige.ping,10149,1632,51225954,[STARTED],false,true,0,0,51225963,
1431927480524,com.google.android.search.core.service.BroadcastListenerService,com.google.android.googlequicksearchbox:search,10026,2776,75471,[STARTED],false,true,0,0,28007607,
1431927480524,com.android.systemui.keyguard.KeyguardService,com.android.systemui,10014,930,44352,[PERSISTENT],false,false,2,2,68066,
1431927480524,openiab.StoreService,cm.aptoide.pt,10148,0,54787,[],false,true,0,0,54797,
1431927480524,ch.unige.css.services.main.CssRegistryService,ch.unige.ping:background,10149,27135,27136666,[STARTED],false,true,0,0,27136676,
1431927480524,com.google.android.finsky.billing.iab.InAppBillingService,com.android.vending,10024,19930,43270973,[],false,true,1,1,43271302,
1431927480524,org.cyanogenmod.audiofx.HeadsetService,org.cyanogenmod.audiofx,10000,1289,67364,"[PERSISTENT,STARTED]",false,true,0,0,67374,
1431927540616,com.android.bluetooth.hid.HidService,com.android.bluetooth,1002,0,49150,[],false,true,0,0,49160,
1431927540616,com.cleanmaster.service.PermanentService,com.cleanmaster.mguard:service,10138,1271,94138,[STARTED],false,true,1,1,49490535,
1431927540616,com.google.android.music.dial.DialMediaRouteProviderService,com.google.android.music:main,10073,0,57202,[],false,true,0,0,57212,
1431927540616,ch.unige.css.services.PingService,ch.unige.ping,10149,1632,51286029,[STARTED],false,true,0,0,51286039,
1431927540616,com.google.android.search.core.service.BroadcastListenerService,com.google.android.googlequicksearchbox:search,10026,2776,75471,[STARTED],false,true,0,0,28007607,
1431927540616,com.android.systemui.keyguard.KeyguardService,com.android.systemui,10014,930,44352,[PERSISTENT],false,false,2,2,68066,
1431927540616,openiab.StoreService,cm.aptoide.pt,10148,0,54787,[],false,true,0,0,54797,
1431927540616,ch.unige.css.services.main.CssRegistryService,ch.unige.ping:background,10149,27135,27136666,[STARTED],false,true,0,0,27136676,
1431927540616,com.google.android.finsky.billing.iab.InAppBillingService,com.android.vending,10024,19930,43270973,[],false,true,1,1,43271302,
1431927540616,org.cyanogenmod.audiofx.HeadsetService,org.cyanogenmod.audiofx,10000,1289,67364,"[PERSISTENT,STARTED]",false,true,0,0,67374,
1431927601440,com.android.bluetooth.hid.HidService,com.android.bluetooth,1002,0,49150,[],false,true,0,0,49160,
1431927601440,com.cleanmaster.service.PermanentService,com.cleanmaster.mguard:service,10138,1271,94138,[STARTED],false,true,1,1,49490535,
1431927601440,com.google.android.music.dial.DialMediaRouteProviderService,com.google.android.music:main,10073,0,57202,[],false,true,0,0,57212,
1431927601440,ch.unige.css.services.PingService,ch.unige.ping,10149,1632,51346851,[STARTED],false,true,0,0,51346861,
1431927601440,com.google.android.search.core.service.BroadcastListenerService,com.google.android.googlequicksearchbox:search,10026,2776,75471,[STARTED],false,true,0,0,28007607,
1431927601440,com.android.systemui.keyguard.KeyguardService,com.android.systemui,10014,930,44352,[PERSISTENT],false,false,2,2,68066,
1431927601440,openiab.StoreService,cm.aptoide.pt,10148,0,54787,[],false,true,0,0,54797,
1431927601440,ch.unige.css.services.main.CssRegistryService,ch.unige.ping:background,10149,27135,27136666,[STARTED],false,true,0,0,27136676,
1431927601440,com.google.android.finsky.billing.iab.InAppBillingService,com.android.vending,10024,19930,43270973,[],false,true,1,1,43271302,
1431927601440,org.cyanogenmod.audiofx.HeadsetService,org.cyanogenmod.audiofx,10000,1289,67364,"[PERSISTENT,STARTED]",false,true,0,0,67374,
1431927661560,com.android.bluetooth.hid.HidService,com.android.bluetooth,1002,0,49150,[],false,true,0,0,49160,
1431927661560,com.cleanmaster.service.PermanentService,com.cleanmaster.mguard:service,10138,1271,94138,[STARTED],false,true,1,1,49490535,
1431927661560,com.google.android.music.dial.DialMediaRouteProviderService,com.google.android.music:main,10073,0,57202,[],false,true,0,0,57212,
1431927661560,ch.unige.css.services.PingService,ch.unige.ping,10149,1632,51406967,[STARTED],false,true,0,0,51406977,
1431927661560,com.google.android.search.core.service.BroadcastListenerService,com.google.android.googlequicksearchbox:search,10026,2776,75471,[STARTED],false,true,0,0,28007607,
1431927661560,com.android.systemui.keyguard.KeyguardService,com.android.systemui,10014,930,44352,[PERSISTENT],false,false,2,2,68066,
1431927661560,openiab.StoreService,cm.aptoide.pt,10148,0,54787,[],false,true,0,0,54797,
1431927661560,ch.unige.css.services.main.CssRegistryService,ch.unige.ping:background,10149,27135,27136666,[STARTED],false,true,0,0,27136676,
1431927661560,com.google.android.finsky.billing.iab.InAppBillingService,com.android.vending,10024,19930,43270973,[],false,true,1,1,43271302,
1431927661560,org.cyanogenmod.audiofx.HeadsetService,org.cyanogenmod.audiofx,10000,1289,67364,"[PERSISTENT,STARTED]",false,true,0,0,67374,
1431927721658,com.android.bluetooth.hid.HidService,com.android.bluetooth,1002,0,49150,[],false,true,0,0,49160,
1431927721658,com.cleanmaster.service.PermanentService,com.cleanmaster.mguard:service,10138,1271,94138,[STARTED],false,true,1,1,49490535,
1431927721658,com.google.android.music.dial.DialMediaRouteProviderService,com.google.android.music:main,10073,0,57202,[],false,true,0,0,57212,
1431927721658,ch.unige.css.services.PingService,ch.unige.ping,10149,1632,51467096,[STARTED],false,true,0,0,51467106,
1431927721658,com.google.android.search.core.service.BroadcastListenerService,com.google.android.googlequicksearchbox:search,10026,2776,75471,[STARTED],false,true,0,0,28007607,
1431927721658,com.android.systemui.keyguard.KeyguardService,com.android.systemui,10014,930,44352,[PERSISTENT],false,false,2,2,68066,
1431927721658,openiab.StoreService,cm.aptoide.pt,10148,0,54787,[],false,true,0,0,54797,
1431927721658,ch.unige.css.services.main.CssRegistryService,ch.unige.ping:background,10149,27135,27136666,[STARTED],false,true,0,0,27136676,
1431927721658,com.google.android.finsky.billing.iab.InAppBillingService,com.android.vending,10024,19930,43270973,[],false,true,1,1,43271302,
1431927721658,org.cyanogenmod.audiofx.HeadsetService,org.cyanogenmod.audiofx,10000,1289,67364,"[PERSISTENT,STARTED]",false,true,0,0,67374,
1431927802720,com.android.bluetooth.hid.HidService,com.android.bluetooth,1002,0,49150,[],false,true,0,0,49160,
1431927802720,com.cleanmaster.service.PermanentService,com.cleanmaster.mguard:service,10138,1271,94138,[STARTED],false,true,1,1,49490535,
1431927802720,com.google.android.music.dial.DialMediaRouteProviderService,com.google.android.music:main,10073,0,57202,[],false,true,0,0,57212,
1431927802720,ch.unige.css.services.PingService,ch.unige.ping,10149,1632,51548170,[STARTED],false,true,0,0,51548180,
1431927802720,com.google.android.search.core.service.BroadcastListenerService,com.google.android.googlequicksearchbox:search,10026,2776,75471,[STARTED],false,true,0,0,28007607,
1431927802720,com.android.systemui.keyguard.KeyguardService,com.android.systemui,10014,930,44352,[PERSISTENT],false,false,2,2,68066,
1431927802720,openiab.StoreService,cm.aptoide.pt,10148,0,54787,[],false,true,0,0,54797,
1431927802720,ch.unige.css.services.main.CssRegistryService,ch.unige.ping:background,10149,27135,27136666,[STARTED],false,true,0,0,27136676,
1431927802720,com.google.android.finsky.billing.iab.InAppBillingService,com.android.vending,10024,19930,43270973,[],false,true,1,1,43271302,
1431927802720,org.cyanogenmod.audiofx.HeadsetService,org.cyanogenmod.audiofx,10000,1289,67364,"[PERSISTENT,STARTED]",false,true,0,0,67374,
1431927862893,com.android.bluetooth.hid.HidService,com.android.bluetooth,1002,0,49150,[],false,true,0,0,49160,
1431927862893,com.cleanmaster.service.PermanentService,com.cleanmaster.mguard:service,10138,1271,94138,[STARTED],false,true,1,1,49490535,
1431927862893,com.google.android.music.dial.DialMediaRouteProviderService,com.google.android.music:main,10073,0,57202,[],false,true,0,0,57212,
1431927862893,ch.unige.css.services.PingService,ch.unige.ping,10149,1632,51608278,[STARTED],false,true,0,0,51608288,
1431927862893,com.google.android.search.core.service.BroadcastListenerService,com.google.android.googlequicksearchbox:search,10026,2776,75471,[STARTED],false,true,0,0,28007607,
1431927862893,com.android.systemui.keyguard.KeyguardService,com.android.systemui,10014,930,44352,[PERSISTENT],false,false,2,2,68066,
1431927862893,openiab.StoreService,cm.aptoide.pt,10148,0,54787,[],false,true,0,0,54797,
1431927862893,ch.unige.css.services.main.CssRegistryService,ch.unige.ping:background,10149,27135,27136666,[STARTED],false,true,0,0,27136676,
1431927862893,com.google.android.finsky.billing.iab.InAppBillingService,com.android.vending,10024,19930,43270973,[],false,true,1,1,43271302,
1431927862893,org.cyanogenmod.audiofx.HeadsetService,org.cyanogenmod.audiofx,10000,1289,67364,"[PERSISTENT,STARTED]",false,true,0,0,67374,
1431927922975,com.android.bluetooth.hid.HidService,com.android.bluetooth,1002,0,49150,[],false,true,0,0,49160,
1431927922975,com.cleanmaster.service.PermanentService,com.cleanmaster.mguard:service,10138,1271,94138,[STARTED],false,true,1,1,49490535,
1431927922975,com.google.android.music.dial.DialMediaRouteProviderService,com.google.android.music:main,10073,0,57202,[],false,true,0,0,57212,
1431927922975,ch.unige.css.services.PingService,ch.unige.ping,10149,1632,51668386,[STARTED],false,true,0,0,51668396,
1431927922975,com.google.android.search.core.service.BroadcastListenerService,com.google.android.googlequicksearchbox:search,10026,2776,75471,[STARTED],false,true,0,0,28007607,
1431927922975,com.android.systemui.keyguard.KeyguardService,com.android.systemui,10014,930,44352,[PERSISTENT],false,false,2,2,68066,
1431927922975,openiab.StoreService,cm.aptoide.pt,10148,0,54787,[],false,true,0,0,54797,
1431927922975,ch.unige.css.services.main.CssRegistryService,ch.unige.ping:background,10149,27135,27136666,[STARTED],false,true,0,0,27136676,
1431927922975,com.google.android.finsky.billing.iab.InAppBillingService,com.android.vending,10024,19930,43270973,[],false,true,1,1,43271302,
1431927922975,org.cyanogenmod.audiofx.HeadsetService,org.cyanogenmod.audiofx,10000,1289,67364,"[PERSISTENT,STARTED]",false,true,0,0,67374,
1431927983074,com.android.bluetooth.hid.HidService,com.android.bluetooth,1002,0,49150,[],false,true,0,0,49160,
1431927983074,com.cleanmaster.service.PermanentService,com.cleanmaster.mguard:service,10138,1271,94138,[STARTED],false,true,1,1,49490535,
1431927983074,com.google.android.music.dial.DialMediaRouteProviderService,com.google.android.music:main,10073,0,57202,[],false,true,0,0,57212,
1431927983074,ch.unige.css.services.PingService,ch.unige.ping,10149,1632,51728477,[STARTED],false,true,0,0,51728487,
1431927983074,com.google.android.search.core.service.BroadcastListenerService,com.google.android.googlequicksearchbox:search,10026,2776,75471,[STARTED],false,true,0,0,28007607,
1431927983074,com.android.systemui.keyguard.KeyguardService,com.android.systemui,10014,930,44352,[PERSISTENT],false,false,2,2,68066,
1431927983074,openiab.StoreService,cm.aptoide.pt,10148,0,54787,[],false,true,0,0,54797,
1431927983074,ch.unige.css.services.main.CssRegistryService,ch.unige.ping:background,10149,27135,27136666,[STARTED],false,true,0,0,27136676,
1431927983074,com.google.android.finsky.billing.iab.InAppBillingService,com.android.vending,10024,19930,43270973,[],false,true,1,1,43271302,
1431927983074,org.cyanogenmod.audiofx.HeadsetService,org.cyanogenmod.audiofx,10000,1289,67364,"[PERSISTENT,STARTED]",false,true,0,0,67374,
1431928043167,com.android.bluetooth.hid.HidService,com.android.bluetooth,1002,0,49150,[],false,true,0,0,49160,
1431928043167,com.cleanmaster.service.PermanentService,com.cleanmaster.mguard:service,10138,1271,94138,[STARTED],false,true,1,1,49490535,
1431928043167,com.google.android.music.dial.DialMediaRouteProviderService,com.google.android.music:main,10073,0,57202,[],false,true,0,0,57212,
1431928043167,ch.unige.css.services.PingService,ch.unige.ping,10149,1632,51788600,[STARTED],false,true,0,0,51788610,
1431928043167,com.google.android.search.core.service.BroadcastListenerService,com.google.android.googlequicksearchbox:search,10026,2776,75471,[STARTED],false,true,0,0,28007607,
1431928043167,com.android.systemui.keyguard.KeyguardService,com.android.systemui,10014,930,44352,[PERSISTENT],false,false,2,2,68066,
1431928043167,openiab.StoreService,cm.aptoide.pt,10148,0,54787,[],false,true,0,0,54797,
1431928043167,ch.unige.css.services.main.CssRegistryService,ch.unige.ping:background,10149,27135,27136666,[STARTED],false,true,0,0,27136676,
1431928043167,com.google.android.finsky.billing.iab.InAppBillingService,com.android.vending,10024,19930,43270973,[],false,true,1,1,43271302,
1431928043167,org.cyanogenmod.audiofx.HeadsetService,org.cyanogenmod.audiofx,10000,1289,67364,"[PERSISTENT,STARTED]",false,true,0,0,67374,
1431928103259,com.android.bluetooth.hid.HidService,com.android.bluetooth,1002,0,49150,[],false,true,0,0,49160,
1431928103259,com.cleanmaster.service.PermanentService,com.cleanmaster.mguard:service,10138,1271,94138,[STARTED],false,true,1,1,49490535,
1431928103259,com.google.android.music.dial.DialMediaRouteProviderService,com.google.android.music:main,10073,0,57202,[],false,true,0,0,57212,
1431928103259,ch.unige.css.services.PingService,ch.unige.ping,10149,1632,51848687,[STARTED],false,true,0,0,51848697,
1431928103259,com.google.android.search.core.service.BroadcastListenerService,com.google.android.googlequicksearchbox:search,10026,2776,75471,[STARTED],false,true,0,0,28007607,
1431928103259,com.android.systemui.keyguard.KeyguardService,com.android.systemui,10014,930,44352,[PERSISTENT],false,false,2,2,68066,
1431928103259,openiab.StoreService,cm.aptoide.pt,10148,0,54787,[],false,true,0,0,54797,
1431928103259,ch.unige.css.services.main.CssRegistryService,ch.unige.ping:background,10149,27135,27136666,[STARTED],false,true,0,0,27136676,
1431928103259,com.google.android.finsky.billing.iab.InAppBillingService,com.android.vending,10024,19930,43270973,[],false,true,1,1,43271302,
1431928103259,org.cyanogenmod.audiofx.HeadsetService,org.cyanogenmod.audiofx,10000,1289,67364,"[PERSISTENT,STARTED]",false,true,0,0,67374,
1431928181485,com.android.bluetooth.hid.HidService,com.android.bluetooth,1002,0,49150,[],false,true,0,0,49160,
1431928181485,com.cleanmaster.service.PermanentService,com.cleanmaster.mguard:service,10138,1271,94138,[STARTED],false,true,1,1,49490535,
1431928181485,com.google.android.music.dial.DialMediaRouteProviderService,com.google.android.music:main,10073,0,57202,[],false,true,0,0,57212,
1431928181485,ch.unige.css.services.PingService,ch.unige.ping,10149,1632,51926877,[STARTED],false,true,0,0,51926887,
1431928181485,com.google.android.search.core.service.BroadcastListenerService,com.google.android.googlequicksearchbox:search,10026,2776,75471,[STARTED],false,true,0,0,28007607,
1431928181485,com.android.systemui.keyguard.KeyguardService,com.android.systemui,10014,930,44352,[PERSISTENT],false,false,2,2,68066,
1431928181485,openiab.StoreService,cm.aptoide.pt,10148,0,54787,[],false,true,0,0,54797,
1431928181485,ch.unige.css.services.main.CssRegistryService,ch.unige.ping:background,10149,27135,27136666,[STARTED],false,true,0,0,27136676,
1431928181485,com.google.android.finsky.billing.iab.InAppBillingService,com.android.vending,10024,19930,43270973,[],false,true,1,1,43271302,
1431928181485,org.cyanogenmod.audiofx.HeadsetService,org.cyanogenmod.audiofx,10000,1289,67364,"[PERSISTENT,STARTED]",false,true,0,0,67374,
1431928241706,com.android.bluetooth.hid.HidService,com.android.bluetooth,1002,0,49150,[],false,true,0,0,49160,
1431928241706,com.cleanmaster.service.PermanentService,com.cleanmaster.mguard:service,10138,1271,94138,[STARTED],false,true,1,1,49490535,
1431928241706,com.google.android.music.dial.DialMediaRouteProviderService,com.google.android.music:main,10073,0,57202,[],false,true,0,0,57212,
1431928241706,ch.unige.css.services.PingService,ch.unige.ping,10149,1632,51987155,[STARTED],false,true,0,0,51987165,
1431928241706,com.google.android.search.core.service.BroadcastListenerService,com.google.android.googlequicksearchbox:search,10026,2776,75471,[STARTED],false,true,0,0,28007607,
1431928241706,com.android.systemui.keyguard.KeyguardService,com.android.systemui,10014,930,44352,[PERSISTENT],false,false,2,2,68066,
1431928241706,openiab.StoreService,cm.aptoide.pt,10148,0,54787,[],false,true,0,0,54797,
1431928241706,ch.unige.css.services.main.CssRegistryService,ch.unige.ping:background,10149,27135,27136666,[STARTED],false,true,0,0,27136676,
1431928241706,com.google.android.finsky.billing.iab.InAppBillingService,com.android.vending,10024,19930,43270973,[],false,true,1,1,43271302,
1431928241706,org.cyanogenmod.audiofx.HeadsetService,org.cyanogenmod.audiofx,10000,1289,67364,"[PERSISTENT,STARTED]",false,true,0,0,67374,
1431928301834,com.android.bluetooth.hid.HidService,com.android.bluetooth,1002,0,49150,[],false,true,0,0,49160,
1431928301834,com.cleanmaster.service.PermanentService,com.cleanmaster.mguard:service,10138,1271,94138,[STARTED],false,true,1,1,49490535,
1431928301834,com.google.android.music.dial.DialMediaRouteProviderService,com.google.android.music:main,10073,0,57202,[],false,true,0,0,57212,
1431928301834,ch.unige.css.services.PingService,ch.unige.ping,10149,1632,52047245,[STARTED],false,true,0,0,52047254,
1431928301834,com.google.android.search.core.service.BroadcastListenerService,com.google.android.googlequicksearchbox:search,10026,2776,75471,[STARTED],false,true,0,0,28007607,
1431928301834,com.android.systemui.keyguard.KeyguardService,com.android.systemui,10014,930,44352,[PERSISTENT],false,false,2,2,68066,
1431928301834,openiab.StoreService,cm.aptoide.pt,10148,0,54787,[],false,true,0,0,54797,
1431928301834,ch.unige.css.services.main.CssRegistryService,ch.unige.ping:background,10149,27135,27136666,[STARTED],false,true,0,0,27136676,
1431928301834,com.google.android.finsky.billing.iab.InAppBillingService,com.android.vending,10024,19930,43270973,[],false,true,1,1,43271302,
1431928301834,org.cyanogenmod.audiofx.HeadsetService,org.cyanogenmod.audiofx,10000,1289,67364,"[PERSISTENT,STARTED]",false,true,0,0,67374,
1431928361957,com.android.bluetooth.hid.HidService,com.android.bluetooth,1002,0,49150,[],false,true,0,0,49160,
1431928361957,com.cleanmaster.service.PermanentService,com.cleanmaster.mguard:service,10138,1271,94138,[STARTED],false,true,1,1,49490535,
1431928361957,com.google.android.music.dial.DialMediaRouteProviderService,com.google.android.music:main,10073,0,57202,[],false,true,0,0,57212,
1431928361957,ch.unige.css.services.PingService,ch.unige.ping,10149,1632,52107363,[STARTED],false,true,0,0,52107373,
1431928361957,com.google.android.search.core.service.BroadcastListenerService,com.google.android.googlequicksearchbox:search,10026,2776,75471,[STARTED],false,true,0,0,28007607,
1431928361957,com.android.systemui.keyguard.KeyguardService,com.android.systemui,10014,930,44352,[PERSISTENT],false,false,2,2,68066,
1431928361957,openiab.StoreService,cm.aptoide.pt,10148,0,54787,[],false,true,0,0,54797,
1431928361957,ch.unige.css.services.main.CssRegistryService,ch.unige.ping:background,10149,27135,27136666,[STARTED],false,true,0,0,27136676,
1431928361957,com.google.android.finsky.billing.iab.InAppBillingService,com.android.vending,10024,19930,43270973,[],false,true,1,1,43271302,
1431928361957,org.cyanogenmod.audiofx.HeadsetService,org.cyanogenmod.audiofx,10000,1289,67364,"[PERSISTENT,STARTED]",false,true,0,0,67374,
1431928421968,com.android.bluetooth.hid.HidService,com.android.bluetooth,1002,0,49150,[],false,true,0,0,49160,
1431928421968,com.cleanmaster.service.PermanentService,com.cleanmaster.mguard:service,10138,1271,94138,[STARTED],false,true,1,1,49490535,
1431928421968,com.google.android.music.dial.DialMediaRouteProviderService,com.google.android.music:main,10073,0,57202,[],false,true,0,0,57212,
1431928421968,ch.unige.css.services.PingService,ch.unige.ping,10149,1632,52167396,[STARTED],false,true,0,0,52167406,
1431928421968,com.google.android.search.core.service.BroadcastListenerService,com.google.android.googlequicksearchbox:search,10026,2776,75471,[STARTED],false,true,0,0,28007607,
1431928421968,com.android.systemui.keyguard.KeyguardService,com.android.systemui,10014,930,44352,[PERSISTENT],false,false,2,2,68066,
1431928421968,openiab.StoreService,cm.aptoide.pt,10148,0,54787,[],false,true,0,0,54797,
1431928421968,ch.unige.css.services.main.CssRegistryService,ch.unige.ping:background,10149,27135,27136666,[STARTED],false,true,0,0,27136676,
1431928421968,com.google.android.finsky.billing.iab.InAppBillingService,com.android.vending,10024,19930,43270973,[],false,true,1,1,43271302,
1431928421968,org.cyanogenmod.audiofx.HeadsetService,org.cyanogenmod.audiofx,10000,1289,67364,"[PERSISTENT,STARTED]",false,true,0,0,67374,
1431928484252,com.android.bluetooth.hid.HidService,com.android.bluetooth,1002,0,49150,[],false,true,0,0,49160,
1431928484252,com.cleanmaster.service.PermanentService,com.cleanmaster.mguard:service,10138,1271,94138,[STARTED],false,true,1,1,49490535,
1431928484252,com.google.android.music.dial.DialMediaRouteProviderService,com.google.android.music:main,10073,0,57202,[],false,true,0,0,57212,
1431928484252,ch.unige.css.services.PingService,ch.unige.ping,10149,1632,52229680,[STARTED],false,true,0,0,52229690,
1431928484252,com.google.android.search.core.service.BroadcastListenerService,com.google.android.googlequicksearchbox:search,10026,2776,75471,[STARTED],false,true,0,0,28007607,
1431928484252,com.android.systemui.keyguard.KeyguardService,com.android.systemui,10014,930,44352,[PERSISTENT],false,false,2,2,68066,
1431928484252,openiab.StoreService,cm.aptoide.pt,10148,0,54787,[],false,true,0,0,54797,
1431928484252,ch.unige.css.services.main.CssRegistryService,ch.unige.ping:background,10149,27135,27136666,[STARTED],false,true,0,0,27136676,
1431928484252,com.google.android.finsky.billing.iab.InAppBillingService,com.android.vending,10024,19930,43270973,[],false,true,1,1,43271302,
1431928484252,org.cyanogenmod.audiofx.HeadsetService,org.cyanogenmod.audiofx,10000,1289,67364,"[PERSISTENT,STARTED]",false,true,0,0,67374,
1431928562082,com.android.bluetooth.hid.HidService,com.android.bluetooth,1002,0,49150,[],false,true,0,0,49160,
1431928562082,com.cleanmaster.service.PermanentService,com.cleanmaster.mguard:service,10138,1271,94138,[STARTED],false,true,1,1,49490535,
1431928562082,com.google.android.music.dial.DialMediaRouteProviderService,com.google.android.music:main,10073,0,57202,[],false,true,0,0,57212,
1431928562082,ch.unige.css.services.PingService,ch.unige.ping,10149,1632,52307495,[STARTED],false,true,0,0,52307505,
1431928562082,com.google.android.search.core.service.BroadcastListenerService,com.google.android.googlequicksearchbox:search,10026,2776,75471,[STARTED],false,true,0,0,28007607,
1431928562082,com.android.systemui.keyguard.KeyguardService,com.android.systemui,10014,930,44352,[PERSISTENT],false,false,2,2,68066,
1431928562082,openiab.StoreService,cm.aptoide.pt,10148,0,54787,[],false,true,0,0,54797,
1431928562082,ch.unige.css.services.main.CssRegistryService,ch.unige.ping:background,10149,27135,27136666,[STARTED],false,true,0,0,27136676,
1431928562082,com.google.android.finsky.billing.iab.InAppBillingService,com.android.vending,10024,19930,43270973,[],false,true,1,1,43271302,
1431928562082,org.cyanogenmod.audiofx.HeadsetService,org.cyanogenmod.audiofx,10000,1289,67364,"[PERSISTENT,STARTED]",false,true,0,0,67374,
1431928622166,com.android.bluetooth.hid.HidService,com.android.bluetooth,1002,0,49150,[],false,true,0,0,49160,
1431928622166,com.cleanmaster.service.PermanentService,com.cleanmaster.mguard:service,10138,1271,94138,[STARTED],false,true,1,1,49490535,
1431928622166,com.google.android.music.dial.DialMediaRouteProviderService,com.google.android.music:main,10073,0,57202,[],false,true,0,0,57212,
1431928622166,ch.unige.css.services.PingService,ch.unige.ping,10149,1632,52367600,[STARTED],false,true,0,0,52367609,
1431928622166,com.google.android.search.core.service.BroadcastListenerService,com.google.android.googlequicksearchbox:search,10026,2776,75471,[STARTED],false,true,0,0,28007607,
1431928622166,com.android.systemui.keyguard.KeyguardService,com.android.systemui,10014,930,44352,[PERSISTENT],false,false,2,2,68066,
1431928622166,openiab.StoreService,cm.aptoide.pt,10148,0,54787,[],false,true,0,0,54797,
1431928622166,ch.unige.css.services.main.CssRegistryService,ch.unige.ping:background,10149,27135,27136666,[STARTED],false,true,0,0,27136676,
1431928622166,com.google.android.finsky.billing.iab.InAppBillingService,com.android.vending,10024,19930,43270973,[],false,true,1,1,43271302,
1431928622166,org.cyanogenmod.audiofx.HeadsetService,org.cyanogenmod.audiofx,10000,1289,67364,"[PERSISTENT,STARTED]",false,true,0,0,67374,
1431928682389,com.android.bluetooth.hid.HidService,com.android.bluetooth,1002,0,49150,[],false,true,0,0,49160,
1431928682389,com.cleanmaster.service.PermanentService,com.cleanmaster.mguard:service,10138,1271,94138,[STARTED],false,true,1,1,49490535,
1431928682389,com.google.android.music.dial.DialMediaRouteProviderService,com.google.android.music:main,10073,0,57202,[],false,true,0,0,57212,
1431928682389,ch.unige.css.services.PingService,ch.unige.ping,10149,1632,52427832,[STARTED],false,true,0,0,52427841,
1431928682389,com.google.android.search.core.service.BroadcastListenerService,com.google.android.googlequicksearchbox:search,10026,2776,75471,[STARTED],false,true,0,0,28007607,
1431928682389,com.android.systemui.keyguard.KeyguardService,com.android.systemui,10014,930,44352,[PERSISTENT],false,false,2,2,68066,
1431928682389,openiab.StoreService,cm.aptoide.pt,10148,0,54787,[],false,true,0,0,54797,
1431928682389,ch.unige.css.services.main.CssRegistryService,ch.unige.ping:background,10149,27135,27136666,[STARTED],false,true,0,0,27136676,
1431928682389,com.google.android.finsky.billing.iab.InAppBillingService,com.android.vending,10024,19930,43270973,[],false,true,1,1,43271302,
1431928682389,org.cyanogenmod.audiofx.HeadsetService,org.cyanogenmod.audiofx,10000,1289,67364,"[PERSISTENT,STARTED]",false,true,0,0,67374,
1431928742539,com.android.bluetooth.hid.HidService,com.android.bluetooth,1002,0,49150,[],false,true,0,0,49160,
1431928742539,com.cleanmaster.service.PermanentService,com.cleanmaster.mguard:service,10138,1271,94138,[STARTED],false,true,1,1,49490535,
1431928742539,com.google.android.music.dial.DialMediaRouteProviderService,com.google.android.music:main,10073,0,57202,[],false,true,0,0,57212,
1431928742539,ch.unige.css.services.PingService,ch.unige.ping,10149,1632,52487952,[STARTED],false,true,0,0,52487962,
1431928742539,com.google.android.search.core.service.BroadcastListenerService,com.google.android.googlequicksearchbox:search,10026,2776,75471,[STARTED],false,true,0,0,28007607,
1431928742539,com.android.systemui.keyguard.KeyguardService,com.android.systemui,10014,930,44352,[PERSISTENT],false,false,2,2,68066,
1431928742539,openiab.StoreService,cm.aptoide.pt,10148,0,54787,[],false,true,0,0,54797,
1431928742539,ch.unige.css.services.main.CssRegistryService,ch.unige.ping:background,10149,27135,27136666,[STARTED],false,true,0,0,27136676,
1431928742539,com.google.android.finsky.billing.iab.InAppBillingService,com.android.vending,10024,19930,43270973,[],false,true,1,1,43271302,
1431928742539,org.cyanogenmod.audiofx.HeadsetService,org.cyanogenmod.audiofx,10000,1289,67364,"[PERSISTENT,STARTED]",false,true,0,0,67374,
1431928802642,com.android.bluetooth.hid.HidService,com.android.bluetooth,1002,0,49150,[],false,true,0,0,49160,
1431928802642,com.cleanmaster.service.PermanentService,com.cleanmaster.mguard:service,10138,1271,94138,[STARTED],false,true,1,1,49490535,
1431928802642,com.google.android.music.dial.DialMediaRouteProviderService,com.google.android.music:main,10073,0,57202,[],false,true,0,0,57212,
1431928802642,ch.unige.css.services.PingService,ch.unige.ping,10149,1632,52548060,[STARTED],false,true,0,0,52548070,
1431928802642,com.google.android.search.core.service.BroadcastListenerService,com.google.android.googlequicksearchbox:search,10026,2776,75471,[STARTED],false,true,0,0,28007607,
1431928802642,com.android.systemui.keyguard.KeyguardService,com.android.systemui,10014,930,44352,[PERSISTENT],false,false,2,2,68066,
1431928802642,openiab.StoreService,cm.aptoide.pt,10148,0,54787,[],false,true,0,0,54797,
1431928802642,ch.unige.css.services.main.CssRegistryService,ch.unige.ping:background,10149,27135,27136666,[STARTED],false,true,0,0,27136676,
1431928802642,com.google.android.finsky.billing.iab.InAppBillingService,com.android.vending,10024,19930,43270973,[],false,true,1,1,43271302,
1431928802642,org.cyanogenmod.audiofx.HeadsetService,org.cyanogenmod.audiofx,10000,1289,67364,"[PERSISTENT,STARTED]",false,true,0,0,67374,
1431928862770,com.android.bluetooth.hid.HidService,com.android.bluetooth,1002,0,49150,[],false,true,0,0,49160,
1431928862770,com.cleanmaster.service.PermanentService,com.cleanmaster.mguard:service,10138,1271,94138,[STARTED],false,true,1,1,49490535,
1431928862770,com.google.android.music.dial.DialMediaRouteProviderService,com.google.android.music:main,10073,0,57202,[],false,true,0,0,57212,
1431928862770,ch.unige.css.services.PingService,ch.unige.ping,10149,1632,52608175,[STARTED],false,true,0,0,52608185,
1431928862770,com.google.android.search.core.service.BroadcastListenerService,com.google.android.googlequicksearchbox:search,10026,2776,75471,[STARTED],false,true,0,0,28007607,
1431928862770,com.android.systemui.keyguard.KeyguardService,com.android.systemui,10014,930,44352,[PERSISTENT],false,false,2,2,68066,
1431928862770,openiab.StoreService,cm.aptoide.pt,10148,0,54787,[],false,true,0,0,54797,
1431928862770,ch.unige.css.services.main.CssRegistryService,ch.unige.ping:background,10149,27135,27136666,[STARTED],false,true,0,0,27136676,
1431928862770,com.google.android.finsky.billing.iab.InAppBillingService,com.android.vending,10024,19930,43270973,[],false,true,1,1,43271302,
1431928862770,org.cyanogenmod.audiofx.HeadsetService,org.cyanogenmod.audiofx,10000,1289,67364,"[PERSISTENT,STARTED]",false,true,0,0,67374,
1431928922870,com.android.bluetooth.hid.HidService,com.android.bluetooth,1002,0,49150,[],false,true,0,0,49160,
1431928922870,com.cleanmaster.service.PermanentService,com.cleanmaster.mguard:service,10138,1271,94138,[STARTED],false,true,1,1,49490535,
1431928922870,com.google.android.music.dial.DialMediaRouteProviderService,com.google.android.music:main,10073,0,57202,[],false,true,0,0,57212,
1431928922870,ch.unige.css.services.PingService,ch.unige.ping,10149,1632,52668299,[STARTED],false,true,0,0,52668309,
1431928922870,com.google.android.search.core.service.BroadcastListenerService,com.google.android.googlequicksearchbox:search,10026,2776,75471,[STARTED],false,true,0,0,28007607,
1431928922870,com.android.systemui.keyguard.KeyguardService,com.android.systemui,10014,930,44352,[PERSISTENT],false,false,2,2,68066,
1431928922870,openiab.StoreService,cm.aptoide.pt,10148,0,54787,[],false,true,0,0,54797,
1431928922870,ch.unige.css.services.main.CssRegistryService,ch.unige.ping:background,10149,27135,27136666,[STARTED],false,true,0,0,27136676,
1431928922870,com.google.android.finsky.billing.iab.InAppBillingService,com.android.vending,10024,19930,43270973,[],false,true,1,1,43271302,
1431928922870,org.cyanogenmod.audiofx.HeadsetService,org.cyanogenmod.audiofx,10000,1289,67364,"[PERSISTENT,STARTED]",false,true,0,0,67374,
1431928983009,com.android.bluetooth.hid.HidService,com.android.bluetooth,1002,0,49150,[],false,true,0,0,49160,
1431928983009,com.cleanmaster.service.PermanentService,com.cleanmaster.mguard:service,10138,1271,94138,[STARTED],false,true,1,1,49490535,
1431928983009,com.google.android.music.dial.DialMediaRouteProviderService,com.google.android.music:main,10073,0,57202,[],false,true,0,0,57212,
1431928983009,ch.unige.css.services.PingService,ch.unige.ping,10149,1632,52728415,[STARTED],false,true,0,0,52728425,
1431928983009,com.google.android.search.core.service.BroadcastListenerService,com.google.android.googlequicksearchbox:search,10026,2776,75471,[STARTED],false,true,0,0,28007607,
1431928983009,com.android.systemui.keyguard.KeyguardService,com.android.systemui,10014,930,44352,[PERSISTENT],false,false,2,2,68066,
1431928983009,openiab.StoreService,cm.aptoide.pt,10148,0,54787,[],false,true,0,0,54797,
1431928983009,ch.unige.css.services.main.CssRegistryService,ch.unige.ping:background,10149,27135,27136666,[STARTED],false,true,0,0,27136676,
1431928983009,com.google.android.finsky.billing.iab.InAppBillingService,com.android.vending,10024,19930,43270973,[],false,true,1,1,43271302,
1431928983009,org.cyanogenmod.audiofx.HeadsetService,org.cyanogenmod.audiofx,10000,1289,67364,"[PERSISTENT,STARTED]",false,true,0,0,67374,
1431929043126,com.android.bluetooth.hid.HidService,com.android.bluetooth,1002,0,49150,[],false,true,0,0,49160,
1431929043126,com.cleanmaster.service.PermanentService,com.cleanmaster.mguard:service,10138,1271,94138,[STARTED],false,true,1,1,49490535,
1431929043126,com.google.android.music.dial.DialMediaRouteProviderService,com.google.android.music:main,10073,0,57202,[],false,true,0,0,57212,
1431929043126,ch.unige.css.services.PingService,ch.unige.ping,10149,1632,52788520,[STARTED],false,true,0,0,52788530,
1431929043126,com.google.android.search.core.service.BroadcastListenerService,com.google.android.googlequicksearchbox:search,10026,2776,75471,[STARTED],false,true,0,0,28007607,
1431929043126,com.android.systemui.keyguard.KeyguardService,com.android.systemui,10014,930,44352,[PERSISTENT],false,false,2,2,68066,
1431929043126,openiab.StoreService,cm.aptoide.pt,10148,0,54787,[],false,true,0,0,54797,
1431929043126,ch.unige.css.services.main.CssRegistryService,ch.unige.ping:background,10149,27135,27136666,[STARTED],false,true,0,0,27136676,
1431929043126,com.google.android.finsky.billing.iab.InAppBillingService,com.android.vending,10024,19930,43270973,[],false,true,1,1,43271302,
1431929043126,org.cyanogenmod.audiofx.HeadsetService,org.cyanogenmod.audiofx,10000,1289,67364,"[PERSISTENT,STARTED]",false,true,0,0,67374,
1431929103311,com.android.bluetooth.hid.HidService,com.android.bluetooth,1002,0,49150,[],false,true,0,0,49160,
1431929103311,com.cleanmaster.service.PermanentService,com.cleanmaster.mguard:service,10138,1271,94138,[STARTED],false,true,1,1,49490535,
1431929103311,com.google.android.music.dial.DialMediaRouteProviderService,com.google.android.music:main,10073,0,57202,[],false,true,0,0,57212,
1431929103311,ch.unige.css.services.PingService,ch.unige.ping,10149,1632,52848716,[STARTED],false,true,0,0,52848726,
1431929103311,com.google.android.search.core.service.BroadcastListenerService,com.google.android.googlequicksearchbox:search,10026,2776,75471,[STARTED],false,true,0,0,28007607,
1431929103311,com.android.systemui.keyguard.KeyguardService,com.android.systemui,10014,930,44352,[PERSISTENT],false,false,2,2,68066,
1431929103311,openiab.StoreService,cm.aptoide.pt,10148,0,54787,[],false,true,0,0,54797,
1431929103311,ch.unige.css.services.main.CssRegistryService,ch.unige.ping:background,10149,27135,27136666,[STARTED],false,true,0,0,27136676,
1431929103311,com.google.android.finsky.billing.iab.InAppBillingService,com.android.vending,10024,19930,43270973,[],false,true,1,1,43271302,
1431929103311,org.cyanogenmod.audiofx.HeadsetService,org.cyanogenmod.audiofx,10000,1289,67364,"[PERSISTENT,STARTED]",false,true,0,0,67374,
1431929163376,com.android.bluetooth.hid.HidService,com.android.bluetooth,1002,0,49150,[],false,true,0,0,49160,
1431929163376,com.cleanmaster.service.PermanentService,com.cleanmaster.mguard:service,10138,1271,94138,[STARTED],false,true,1,1,49490535,
1431929163376,com.google.android.music.dial.DialMediaRouteProviderService,com.google.android.music:main,10073,0,57202,[],false,true,0,0,57212,
1431929163376,ch.unige.css.services.PingService,ch.unige.ping,10149,1632,52908786,[STARTED],false,true,0,0,52908796,
1431929163376,com.google.android.search.core.service.BroadcastListenerService,com.google.android.googlequicksearchbox:search,10026,2776,75471,[STARTED],false,true,0,0,28007607,
1431929163376,com.android.systemui.keyguard.KeyguardService,com.android.systemui,10014,930,44352,[PERSISTENT],false,false,2,2,68066,
1431929163376,openiab.StoreService,cm.aptoide.pt,10148,0,54787,[],false,true,0,0,54797,
1431929163376,ch.unige.css.services.main.CssRegistryService,ch.unige.ping:background,10149,27135,27136666,[STARTED],false,true,0,0,27136676,
1431929163376,com.google.android.finsky.billing.iab.InAppBillingService,com.android.vending,10024,19930,43270973,[],false,true,1,1,43271302,
1431929163376,org.cyanogenmod.audiofx.HeadsetService,org.cyanogenmod.audiofx,10000,1289,67364,"[PERSISTENT,STARTED]",false,true,0,0,67374,
1431929225714,com.android.bluetooth.hid.HidService,com.android.bluetooth,1002,0,49150,[],false,true,0,0,49160,
1431929225714,com.cleanmaster.service.PermanentService,com.cleanmaster.mguard:service,10138,1271,94138,[STARTED],false,true,1,1,49490535,
1431929225714,com.google.android.music.dial.DialMediaRouteProviderService,com.google.android.music:main,10073,0,57202,[],false,true,0,0,57212,
1431929225714,ch.unige.css.services.PingService,ch.unige.ping,10149,1632,52971117,[STARTED],false,true,0,0,52971127,
1431929225714,com.google.android.search.core.service.BroadcastListenerService,com.google.android.googlequicksearchbox:search,10026,2776,75471,[STARTED],false,true,0,0,28007607,
1431929225714,com.android.systemui.keyguard.KeyguardService,com.android.systemui,10014,930,44352,[PERSISTENT],false,false,2,2,68066,
1431929225714,openiab.StoreService,cm.aptoide.pt,10148,0,54787,[],false,true,0,0,54797,
1431929225714,ch.unige.css.services.main.CssRegistryService,ch.unige.ping:background,10149,27135,27136666,[STARTED],false,true,0,0,27136676,
1431929225714,com.google.android.finsky.billing.iab.InAppBillingService,com.android.vending,10024,19930,43270973,[],false,true,1,1,43271302,
1431929225714,org.cyanogenmod.audiofx.HeadsetService,org.cyanogenmod.audiofx,10000,1289,67364,"[PERSISTENT,STARTED]",false,true,0,0,67374,
1431929285814,com.android.bluetooth.hid.HidService,com.android.bluetooth,1002,0,49150,[],false,true,0,0,49160,
1431929285814,com.cleanmaster.service.PermanentService,com.cleanmaster.mguard:service,10138,1271,94138,[STARTED],false,true,1,1,49490535,
1431929285814,com.google.android.music.dial.DialMediaRouteProviderService,com.google.android.music:main,10073,0,57202,[],false,true,0,0,57212,
1431929285814,ch.unige.css.services.PingService,ch.unige.ping,10149,1632,53031228,[STARTED],false,true,0,0,53031238,
1431929285814,com.google.android.search.core.service.BroadcastListenerService,com.google.android.googlequicksearchbox:search,10026,2776,75471,[STARTED],false,true,0,0,28007607,
1431929285814,com.android.systemui.keyguard.KeyguardService,com.android.systemui,10014,930,44352,[PERSISTENT],false,false,2,2,68066,
1431929285814,openiab.StoreService,cm.aptoide.pt,10148,0,54787,[],false,true,0,0,54797,
1431929285814,ch.unige.css.services.main.CssRegistryService,ch.unige.ping:background,10149,27135,27136666,[STARTED],false,true,0,0,27136676,
1431929285814,com.google.android.finsky.billing.iab.InAppBillingService,com.android.vending,10024,19930,43270973,[],false,true,1,1,43271302,
1431929285814,org.cyanogenmod.audiofx.HeadsetService,org.cyanogenmod.audiofx,10000,1289,67364,"[PERSISTENT,STARTED]",false,true,0,0,67374,
1431929345896,com.android.bluetooth.hid.HidService,com.android.bluetooth,1002,0,49150,[],false,true,0,0,49160,
1431929345896,com.cleanmaster.service.PermanentService,com.cleanmaster.mguard:service,10138,1271,94138,[STARTED],false,true,1,1,49490535,
1431929345896,com.google.android.music.dial.DialMediaRouteProviderService,com.google.android.music:main,10073,0,57202,[],false,true,0,0,57212,
1431929345896,ch.unige.css.services.PingService,ch.unige.ping,10149,1632,53091314,[STARTED],false,true,0,0,53091324,
1431929345896,com.google.android.search.core.service.BroadcastListenerService,com.google.android.googlequicksearchbox:search,10026,2776,75471,[STARTED],false,true,0,0,28007607,
1431929345896,com.android.systemui.keyguard.KeyguardService,com.android.systemui,10014,930,44352,[PERSISTENT],false,false,2,2,68066,
1431929345896,openiab.StoreService,cm.aptoide.pt,10148,0,54787,[],false,true,0,0,54797,
1431929345896,ch.unige.css.services.main.CssRegistryService,ch.unige.ping:background,10149,27135,27136666,[STARTED],false,true,0,0,27136676,
1431929345896,com.google.android.finsky.billing.iab.InAppBillingService,com.android.vending,10024,19930,43270973,[],false,true,1,1,43271302,
1431929345896,org.cyanogenmod.audiofx.HeadsetService,org.cyanogenmod.audiofx,10000,1289,67364,"[PERSISTENT,STARTED]",false,true,0,0,67374,
1431929406008,com.android.bluetooth.hid.HidService,com.android.bluetooth,1002,0,49150,[],false,true,0,0,49160,
1431929406008,com.cleanmaster.service.PermanentService,com.cleanmaster.mguard:service,10138,1271,94138,[STARTED],false,true,1,1,49490535,
1431929406008,com.google.android.music.dial.DialMediaRouteProviderService,com.google.android.music:main,10073,0,57202,[],false,true,0,0,57212,
1431929406008,ch.unige.css.services.PingService,ch.unige.ping,10149,1632,53151421,[STARTED],false,true,0,0,53151431,
1431929406008,com.google.android.search.core.service.BroadcastListenerService,com.google.android.googlequicksearchbox:search,10026,2776,75471,[STARTED],false,true,0,0,28007607,
1431929406008,com.android.systemui.keyguard.KeyguardService,com.android.systemui,10014,930,44352,[PERSISTENT],false,false,2,2,68066,
1431929406008,openiab.StoreService,cm.aptoide.pt,10148,0,54787,[],false,true,0,0,54797,
1431929406008,ch.unige.css.services.main.CssRegistryService,ch.unige.ping:background,10149,27135,27136666,[STARTED],false,true,0,0,27136676,
1431929406008,com.google.android.finsky.billing.iab.InAppBillingService,com.android.vending,10024,19930,43270973,[],false,true,1,1,43271302,
1431929406008,org.cyanogenmod.audiofx.HeadsetService,org.cyanogenmod.audiofx,10000,1289,67364,"[PERSISTENT,STARTED]",false,true,0,0,67374,
1431929466161,com.android.bluetooth.hid.HidService,com.android.bluetooth,1002,0,49150,[],false,true,0,0,49160,
1431929466161,com.cleanmaster.service.PermanentService,com.cleanmaster.mguard:service,10138,1271,94138,[STARTED],false,true,1,1,49490535,
1431929466161,com.google.android.music.dial.DialMediaRouteProviderService,com.google.android.music:main,10073,0,57202,[],false,true,0,0,57212,
1431929466161,ch.unige.css.services.PingService,ch.unige.ping,10149,1632,53211542,[STARTED],false,true,0,0,53211552,
1431929466161,com.google.android.search.core.service.BroadcastListenerService,com.google.android.googlequicksearchbox:search,10026,2776,75471,[STARTED],false,true,0,0,28007607,
1431929466161,com.android.systemui.keyguard.KeyguardService,com.android.systemui,10014,930,44352,[PERSISTENT],false,false,2,2,68066,
1431929466161,openiab.StoreService,cm.aptoide.pt,10148,0,54787,[],false,true,0,0,54797,
1431929466161,ch.unige.css.services.main.CssRegistryService,ch.unige.ping:background,10149,27135,27136666,[STARTED],false,true,0,0,27136676,
1431929466161,com.google.android.finsky.billing.iab.InAppBillingService,com.android.vending,10024,19930,43270973,[],false,true,1,1,43271302,
1431929466161,org.cyanogenmod.audiofx.HeadsetService,org.cyanogenmod.audiofx,10000,1289,67364,"[PERSISTENT,STARTED]",false,true,0,0,67374,
1431929526497,com.android.bluetooth.hid.HidService,com.android.bluetooth,1002,0,49150,[],false,true,0,0,49160,
1431929526497,com.cleanmaster.service.PermanentService,com.cleanmaster.mguard:service,10138,1271,94138,[STARTED],false,true,1,1,49490535,
1431929526497,com.google.android.music.dial.DialMediaRouteProviderService,com.google.android.music:main,10073,0,57202,[],false,true,0,0,57212,
1431929526497,ch.unige.css.services.PingService,ch.unige.ping,10149,1632,53271784,[STARTED],false,true,0,0,53271794,
1431929526497,com.google.android.search.core.service.BroadcastListenerService,com.google.android.googlequicksearchbox:search,10026,2776,75471,[STARTED],false,true,0,0,28007607,
1431929526497,com.android.systemui.keyguard.KeyguardService,com.android.systemui,10014,930,44352,[PERSISTENT],false,false,2,2,68066,
1431929526497,openiab.StoreService,cm.aptoide.pt,10148,0,54787,[],false,true,0,0,54797,
1431929526497,ch.unige.css.services.main.CssRegistryService,ch.unige.ping:background,10149,27135,27136666,[STARTED],false,true,0,0,27136676,
1431929526497,com.google.android.finsky.billing.iab.InAppBillingService,com.android.vending,10024,19930,43270973,[],false,true,1,1,43271302,
1431929526497,org.cyanogenmod.audiofx.HeadsetService,org.cyanogenmod.audiofx,10000,1289,67364,"[PERSISTENT,STARTED]",false,true,0,0,67374,
1431929586617,com.android.bluetooth.hid.HidService,com.android.bluetooth,1002,0,49150,[],false,true,0,0,49160,
1431929586617,com.cleanmaster.service.PermanentService,com.cleanmaster.mguard:service,10138,1271,94138,[STARTED],false,true,1,1,49490535,
1431929586617,com.google.android.music.dial.DialMediaRouteProviderService,com.google.android.music:main,10073,0,57202,[],false,true,0,0,57212,
1431929586617,ch.unige.css.services.PingService,ch.unige.ping,10149,1632,53332052,[STARTED],false,true,0,0,53332062,
1431929586617,com.google.android.search.core.service.BroadcastListenerService,com.google.android.googlequicksearchbox:search,10026,2776,75471,[STARTED],false,true,0,0,28007607,
1431929586617,com.android.systemui.keyguard.KeyguardService,com.android.systemui,10014,930,44352,[PERSISTENT],false,false,2,2,68066,
1431929586617,openiab.StoreService,cm.aptoide.pt,10148,0,54787,[],false,true,0,0,54797,
1431929586617,ch.unige.css.services.main.CssRegistryService,ch.unige.ping:background,10149,27135,27136666,[STARTED],false,true,0,0,27136676,
1431929586617,com.google.android.finsky.billing.iab.InAppBillingService,com.android.vending,10024,19930,43270973,[],false,true,1,1,43271302,
1431929586617,org.cyanogenmod.audiofx.HeadsetService,org.cyanogenmod.audiofx,10000,1289,67364,"[PERSISTENT,STARTED]",false,true,0,0,67374,
1431929646715,com.android.bluetooth.hid.HidService,com.android.bluetooth,1002,0,49150,[],false,true,0,0,49160,
1431929646715,com.cleanmaster.service.PermanentService,com.cleanmaster.mguard:service,10138,1271,94138,[STARTED],false,true,1,1,49490535,
1431929646715,com.google.android.music.dial.DialMediaRouteProviderService,com.google.android.music:main,10073,0,57202,[],false,true,0,0,57212,
1431929646715,ch.unige.css.services.PingService,ch.unige.ping,10149,1632,53392146,[STARTED],false,true,0,0,53392156,
1431929646715,com.google.android.search.core.service.BroadcastListenerService,com.google.android.googlequicksearchbox:search,10026,2776,75471,[STARTED],false,true,0,0,28007607,
1431929646715,com.android.systemui.keyguard.KeyguardService,com.android.systemui,10014,930,44352,[PERSISTENT],false,false,2,2,68066,
1431929646715,openiab.StoreService,cm.aptoide.pt,10148,0,54787,[],false,true,0,0,54797,
1431929646715,ch.unige.css.services.main.CssRegistryService,ch.unige.ping:background,10149,27135,27136666,[STARTED],false,true,0,0,27136676,
1431929646715,com.google.android.finsky.billing.iab.InAppBillingService,com.android.vending,10024,19930,43270973,[],false,true,1,1,43271302,
1431929646715,org.cyanogenmod.audiofx.HeadsetService,org.cyanogenmod.audiofx,10000,1289,67364,"[PERSISTENT,STARTED]",false,true,0,0,67374,
1431929706801,com.android.bluetooth.hid.HidService,com.android.bluetooth,1002,0,49150,[],false,true,0,0,49160,
1431929706801,com.cleanmaster.service.PermanentService,com.cleanmaster.mguard:service,10138,1271,94138,[STARTED],false,true,1,1,49490535,
1431929706801,com.google.android.music.dial.DialMediaRouteProviderService,com.google.android.music:main,10073,0,57202,[],false,true,0,0,57212,
1431929706801,ch.unige.css.services.PingService,ch.unige.ping,10149,1632,53452221,[STARTED],false,true,0,0,53452231,
1431929706801,com.google.android.search.core.service.BroadcastListenerService,com.google.android.googlequicksearchbox:search,10026,2776,75471,[STARTED],false,true,0,0,28007607,
1431929706801,com.android.systemui.keyguard.KeyguardService,com.android.systemui,10014,930,44352,[PERSISTENT],false,false,2,2,68066,
1431929706801,openiab.StoreService,cm.aptoide.pt,10148,0,54787,[],false,true,0,0,54797,
1431929706801,ch.unige.css.services.main.CssRegistryService,ch.unige.ping:background,10149,27135,27136666,[STARTED],false,true,0,0,27136676,
1431929706801,com.google.android.finsky.billing.iab.InAppBillingService,com.android.vending,10024,19930,43270973,[],false,true,1,1,43271302,
1431929706801,org.cyanogenmod.audiofx.HeadsetService,org.cyanogenmod.audiofx,10000,1289,67364,"[PERSISTENT,STARTED]",false,true,0,0,67374,
1431929786477,com.android.bluetooth.hid.HidService,com.android.bluetooth,1002,0,49150,[],false,true,0,0,49160,
1431929786477,com.cleanmaster.service.PermanentService,com.cleanmaster.mguard:service,10138,1271,94138,[STARTED],false,true,1,1,49490535,
1431929786477,com.google.android.music.dial.DialMediaRouteProviderService,com.google.android.music:main,10073,0,57202,[],false,true,0,0,57212,
1431929786477,ch.unige.css.services.PingService,ch.unige.ping,10149,1632,53531919,[STARTED],false,true,0,0,53531929,
1431929786477,com.google.android.search.core.service.BroadcastListenerService,com.google.android.googlequicksearchbox:search,10026,2776,75471,[STARTED],false,true,0,0,28007607,
1431929786477,com.android.systemui.keyguard.KeyguardService,com.android.systemui,10014,930,44352,[PERSISTENT],false,false,2,2,68066,
1431929786477,openiab.StoreService,cm.aptoide.pt,10148,0,54787,[],false,true,0,0,54797,
1431929786477,ch.unige.css.services.main.CssRegistryService,ch.unige.ping:background,10149,27135,27136666,[STARTED],false,true,0,0,27136676,
1431929786477,com.google.android.finsky.billing.iab.InAppBillingService,com.android.vending,10024,19930,43270973,[],false,true,1,1,43271302,
1431929786477,org.cyanogenmod.audiofx.HeadsetService,org.cyanogenmod.audiofx,10000,1289,67364,"[PERSISTENT,STARTED]",false,true,0,0,67374,
1431929846615,com.android.bluetooth.hid.HidService,com.android.bluetooth,1002,0,49150,[],false,true,0,0,49160,
1431929846615,com.cleanmaster.service.PermanentService,com.cleanmaster.mguard:service,10138,1271,94138,[STARTED],false,true,1,1,49490535,
1431929846615,com.google.android.music.dial.DialMediaRouteProviderService,com.google.android.music:main,10073,0,57202,[],false,true,0,0,57212,
1431929846615,ch.unige.css.services.PingService,ch.unige.ping,10149,1632,53592027,[STARTED],false,true,0,0,53592037,
1431929846615,com.google.android.search.core.service.BroadcastListenerService,com.google.android.googlequicksearchbox:search,10026,2776,75471,[STARTED],false,true,0,0,28007607,
1431929846615,com.android.systemui.keyguard.KeyguardService,com.android.systemui,10014,930,44352,[PERSISTENT],false,false,2,2,68066,
1431929846615,openiab.StoreService,cm.aptoide.pt,10148,0,54787,[],false,true,0,0,54797,
1431929846615,ch.unige.css.services.main.CssRegistryService,ch.unige.ping:background,10149,27135,27136666,[STARTED],false,true,0,0,27136676,
1431929846615,com.google.android.finsky.billing.iab.InAppBillingService,com.android.vending,10024,19930,43270973,[],false,true,1,1,43271302,
1431929846615,org.cyanogenmod.audiofx.HeadsetService,org.cyanogenmod.audiofx,10000,1289,67364,"[PERSISTENT,STARTED]",false,true,0,0,67374,
1431929921168,com.android.bluetooth.hid.HidService,com.android.bluetooth,1002,0,49150,[],false,true,0,0,49160,
1431929921168,com.cleanmaster.service.PermanentService,com.cleanmaster.mguard:service,10138,1271,94138,[STARTED],false,true,1,1,49490535,
1431929921168,com.google.android.music.dial.DialMediaRouteProviderService,com.google.android.music:main,10073,0,57202,[],false,true,0,0,57212,
1431929921168,ch.unige.css.services.PingService,ch.unige.ping,10149,1632,53666569,[STARTED],false,true,0,0,53666579,
1431929921168,com.google.android.search.core.service.BroadcastListenerService,com.google.android.googlequicksearchbox:search,10026,2776,75471,[STARTED],false,true,0,0,28007607,
1431929921168,com.android.systemui.keyguard.KeyguardService,com.android.systemui,10014,930,44352,[PERSISTENT],false,false,2,2,68066,
1431929921168,openiab.StoreService,cm.aptoide.pt,10148,0,54787,[],false,true,0,0,54797,
1431929921168,ch.unige.css.services.main.CssRegistryService,ch.unige.ping:background,10149,27135,27136666,[STARTED],false,true,0,0,27136676,
1431929921168,com.google.android.finsky.billing.iab.InAppBillingService,com.android.vending,10024,19930,43270973,[],false,true,1,1,43271302,
1431929921168,org.cyanogenmod.audiofx.HeadsetService,org.cyanogenmod.audiofx,10000,1289,67364,"[PERSISTENT,STARTED]",false,true,0,0,67374,
1431929981305,com.android.bluetooth.hid.HidService,com.android.bluetooth,1002,0,49150,[],false,true,0,0,49160,
1431929981305,com.cleanmaster.service.PermanentService,com.cleanmaster.mguard:service,10138,1271,94138,[STARTED],false,true,1,1,49490535,
1431929981305,com.google.android.music.dial.DialMediaRouteProviderService,com.google.android.music:main,10073,0,57202,[],false,true,0,0,57212,
1431929981305,ch.unige.css.services.PingService,ch.unige.ping,10149,1632,53726723,[STARTED],false,true,0,0,53726733,
1431929981305,com.google.android.search.core.service.BroadcastListenerService,com.google.android.googlequicksearchbox:search,10026,2776,75471,[STARTED],false,true,0,0,28007607,
1431929981305,com.android.systemui.keyguard.KeyguardService,com.android.systemui,10014,930,44352,[PERSISTENT],false,false,2,2,68066,
1431929981305,openiab.StoreService,cm.aptoide.pt,10148,0,54787,[],false,true,0,0,54797,
1431929981305,ch.unige.css.services.main.CssRegistryService,ch.unige.ping:background,10149,27135,27136666,[STARTED],false,true,0,0,27136676,
1431929981305,com.google.android.finsky.billing.iab.InAppBillingService,com.android.vending,10024,19930,43270973,[],false,true,1,1,43271302,
1431929981305,org.cyanogenmod.audiofx.HeadsetService,org.cyanogenmod.audiofx,10000,1289,67364,"[PERSISTENT,STARTED]",false,true,0,0,67374,
1431930041392,com.android.bluetooth.hid.HidService,com.android.bluetooth,1002,0,49150,[],false,true,0,0,49160,
1431930041392,com.cleanmaster.service.PermanentService,com.cleanmaster.mguard:service,10138,1271,94138,[STARTED],false,true,1,1,49490535,
1431930041392,com.google.android.music.dial.DialMediaRouteProviderService,com.google.android.music:main,10073,0,57202,[],false,true,0,0,57212,
1431930041392,ch.unige.css.services.PingService,ch.unige.ping,10149,1632,53786824,[STARTED],false,true,0,0,53786834,
1431930041392,com.google.android.search.core.service.BroadcastListenerService,com.google.android.googlequicksearchbox:search,10026,2776,75471,[STARTED],false,true,0,0,28007607,
1431930041392,com.android.systemui.keyguard.KeyguardService,com.android.systemui,10014,930,44352,[PERSISTENT],false,false,2,2,68066,
1431930041392,openiab.StoreService,cm.aptoide.pt,10148,0,54787,[],false,true,0,0,54797,
1431930041392,ch.unige.css.services.main.CssRegistryService,ch.unige.ping:background,10149,27135,27136666,[STARTED],false,true,0,0,27136676,
1431930041392,com.google.android.finsky.billing.iab.InAppBillingService,com.android.vending,10024,19930,43270973,[],false,true,1,1,43271302,
1431930041392,org.cyanogenmod.audiofx.HeadsetService,org.cyanogenmod.audiofx,10000,1289,67364,"[PERSISTENT,STARTED]",false,true,0,0,67374,
1431930101499,com.android.bluetooth.hid.HidService,com.android.bluetooth,1002,0,49150,[],false,true,0,0,49160,
1431930101499,com.cleanmaster.service.PermanentService,com.cleanmaster.mguard:service,10138,1271,94138,[STARTED],false,true,1,1,49490535,
1431930101499,com.google.android.music.dial.DialMediaRouteProviderService,com.google.android.music:main,10073,0,57202,[],false,true,0,0,57212,
1431930101499,ch.unige.css.services.PingService,ch.unige.ping,10149,1632,53846915,[STARTED],false,true,0,0,53846925,
1431930101499,com.google.android.search.core.service.BroadcastListenerService,com.google.android.googlequicksearchbox:search,10026,2776,75471,[STARTED],false,true,0,0,28007607,
1431930101499,com.android.systemui.keyguard.KeyguardService,com.android.systemui,10014,930,44352,[PERSISTENT],false,false,2,2,68066,
1431930101499,openiab.StoreService,cm.aptoide.pt,10148,0,54787,[],false,true,0,0,54797,
1431930101499,ch.unige.css.services.main.CssRegistryService,ch.unige.ping:background,10149,27135,27136666,[STARTED],false,true,0,0,27136676,
1431930101499,com.google.android.finsky.billing.iab.InAppBillingService,com.android.vending,10024,19930,43270973,[],false,true,1,1,43271302,
1431930101499,org.cyanogenmod.audiofx.HeadsetService,org.cyanogenmod.audiofx,10000,1289,67364,"[PERSISTENT,STARTED]",false,true,0,0,67374,
1431930161553,com.android.bluetooth.hid.HidService,com.android.bluetooth,1002,0,49150,[],false,true,0,0,49160,
1431930161553,com.cleanmaster.service.PermanentService,com.cleanmaster.mguard:service,10138,1271,94138,[STARTED],false,true,1,1,49490535,
1431930161553,com.google.android.music.dial.DialMediaRouteProviderService,com.google.android.music:main,10073,0,57202,[],false,true,0,0,57212,
1431930161553,ch.unige.css.services.PingService,ch.unige.ping,10149,1632,53906977,[STARTED],false,true,0,0,53906987,
1431930161553,com.google.android.search.core.service.BroadcastListenerService,com.google.android.googlequicksearchbox:search,10026,2776,75471,[STARTED],false,true,0,0,28007607,
1431930161553,com.android.systemui.keyguard.KeyguardService,com.android.systemui,10014,930,44352,[PERSISTENT],false,false,2,2,68066,
1431930161553,openiab.StoreService,cm.aptoide.pt,10148,0,54787,[],false,true,0,0,54797,
1431930161553,ch.unige.css.services.main.CssRegistryService,ch.unige.ping:background,10149,27135,27136666,[STARTED],false,true,0,0,27136676,
1431930161553,com.google.android.finsky.billing.iab.InAppBillingService,com.android.vending,10024,19930,43270973,[],false,true,1,1,43271302,
1431930161553,org.cyanogenmod.audiofx.HeadsetService,org.cyanogenmod.audiofx,10000,1289,67364,"[PERSISTENT,STARTED]",false,true,0,0,67374,
1431930221673,com.android.bluetooth.hid.HidService,com.android.bluetooth,1002,0,49150,[],false,true,0,0,49160,
1431930221673,com.cleanmaster.service.PermanentService,com.cleanmaster.mguard:service,10138,1271,94138,[STARTED],false,true,1,1,49490535,
1431930221673,com.google.android.music.dial.DialMediaRouteProviderService,com.google.android.music:main,10073,0,57202,[],false,true,0,0,57212,
1431930221673,ch.unige.css.services.PingService,ch.unige.ping,10149,1632,53967119,[STARTED],false,true,0,0,53967129,
1431930221673,com.google.android.search.core.service.BroadcastListenerService,com.google.android.googlequicksearchbox:search,10026,2776,75471,[STARTED],false,true,0,0,28007607,
1431930221673,com.android.systemui.keyguard.KeyguardService,com.android.systemui,10014,930,44352,[PERSISTENT],false,false,2,2,68066,
1431930221673,openiab.StoreService,cm.aptoide.pt,10148,0,54787,[],false,true,0,0,54797,
1431930221673,ch.unige.css.services.main.CssRegistryService,ch.unige.ping:background,10149,27135,27136666,[STARTED],false,true,0,0,27136676,
1431930221673,com.google.android.finsky.billing.iab.InAppBillingService,com.android.vending,10024,19930,43270973,[],false,true,1,1,43271302,
1431930221673,org.cyanogenmod.audiofx.HeadsetService,org.cyanogenmod.audiofx,10000,1289,67364,"[PERSISTENT,STARTED]",false,true,0,0,67374,
1431930287623,com.android.bluetooth.hid.HidService,com.android.bluetooth,1002,0,49150,[],false,true,0,0,49160,
1431930287623,com.cleanmaster.service.PermanentService,com.cleanmaster.mguard:service,10138,1271,94138,[STARTED],false,true,1,1,49490535,
1431930287623,com.google.android.music.dial.DialMediaRouteProviderService,com.google.android.music:main,10073,0,57202,[],false,true,0,0,57212,
1431930287623,ch.unige.css.services.PingService,ch.unige.ping,10149,1632,54033064,[STARTED],false,true,0,0,54033074,
1431930287623,com.google.android.search.core.service.BroadcastListenerService,com.google.android.googlequicksearchbox:search,10026,2776,75471,[STARTED],false,true,0,0,28007607,
1431930287623,com.android.systemui.keyguard.KeyguardService,com.android.systemui,10014,930,44352,[PERSISTENT],false,false,2,2,68066,
1431930287623,openiab.StoreService,cm.aptoide.pt,10148,0,54787,[],false,true,0,0,54797,
1431930287623,ch.unige.css.services.main.CssRegistryService,ch.unige.ping:background,10149,27135,27136666,[STARTED],false,true,0,0,27136676,
1431930287623,com.google.android.finsky.billing.iab.InAppBillingService,com.android.vending,10024,19930,43270973,[],false,true,1,1,43271302,
1431930287623,org.cyanogenmod.audiofx.HeadsetService,org.cyanogenmod.audiofx,10000,1289,67364,"[PERSISTENT,STARTED]",false,true,0,0,67374,
1431930347698,com.android.bluetooth.hid.HidService,com.android.bluetooth,1002,0,49150,[],false,true,0,0,49160,
1431930347698,com.cleanmaster.service.PermanentService,com.cleanmaster.mguard:service,10138,1271,94138,[STARTED],false,true,1,1,49490535,
1431930347698,com.google.android.music.dial.DialMediaRouteProviderService,com.google.android.music:main,10073,0,57202,[],false,true,0,0,57212,
1431930347698,ch.unige.css.services.PingService,ch.unige.ping,10149,1632,54093136,[STARTED],false,true,0,0,54093146,
1431930347698,com.google.android.search.core.service.BroadcastListenerService,com.google.android.googlequicksearchbox:search,10026,2776,75471,[STARTED],false,true,0,0,28007607,
1431930347698,com.android.systemui.keyguard.KeyguardService,com.android.systemui,10014,930,44352,[PERSISTENT],false,false,2,2,68066,
1431930347698,openiab.StoreService,cm.aptoide.pt,10148,0,54787,[],false,true,0,0,54797,
1431930347698,ch.unige.css.services.main.CssRegistryService,ch.unige.ping:background,10149,27135,27136666,[STARTED],false,true,0,0,27136676,
1431930347698,com.google.android.finsky.billing.iab.InAppBillingService,com.android.vending,10024,19930,43270973,[],false,true,1,1,43271302,
1431930347698,org.cyanogenmod.audiofx.HeadsetService,org.cyanogenmod.audiofx,10000,1289,67364,"[PERSISTENT,STARTED]",false,true,0,0,67374,
1431930407739,com.android.bluetooth.hid.HidService,com.android.bluetooth,1002,0,49150,[],false,true,0,0,49160,
1431930407739,com.cleanmaster.service.PermanentService,com.cleanmaster.mguard:service,10138,1271,94138,[STARTED],false,true,1,1,49490535,
1431930407739,com.google.android.music.dial.DialMediaRouteProviderService,com.google.android.music:main,10073,0,57202,[],false,true,0,0,57212,
1431930407739,ch.unige.css.services.PingService,ch.unige.ping,10149,1632,54153167,[STARTED],false,true,0,0,54153177,
1431930407739,com.google.android.search.core.service.BroadcastListenerService,com.google.android.googlequicksearchbox:search,10026,2776,75471,[STARTED],false,true,0,0,28007607,
1431930407739,com.android.systemui.keyguard.KeyguardService,com.android.systemui,10014,930,44352,[PERSISTENT],false,false,2,2,68066,
1431930407739,openiab.StoreService,cm.aptoide.pt,10148,0,54787,[],false,true,0,0,54797,
1431930407739,ch.unige.css.services.main.CssRegistryService,ch.unige.ping:background,10149,27135,27136666,[STARTED],false,true,0,0,27136676,
1431930407739,com.google.android.finsky.billing.iab.InAppBillingService,com.android.vending,10024,19930,43270973,[],false,true,1,1,43271302,
1431930407739,org.cyanogenmod.audiofx.HeadsetService,org.cyanogenmod.audiofx,10000,1289,67364,"[PERSISTENT,STARTED]",false,true,0,0,67374,
1431930468863,com.android.bluetooth.hid.HidService,com.android.bluetooth,1002,0,49150,[],false,true,0,0,49160,
1431930468863,com.cleanmaster.service.PermanentService,com.cleanmaster.mguard:service,10138,1271,94138,[STARTED],false,true,1,1,49490535,
1431930468863,com.google.android.music.dial.DialMediaRouteProviderService,com.google.android.music:main,10073,0,57202,[],false,true,0,0,57212,
1431930468863,ch.unige.css.services.PingService,ch.unige.ping,10149,1632,54214301,[STARTED],false,true,0,0,54214311,
1431930468863,com.google.android.search.core.service.BroadcastListenerService,com.google.android.googlequicksearchbox:search,10026,2776,75471,[STARTED],false,true,0,0,28007607,
1431930468863,com.android.systemui.keyguard.KeyguardService,com.android.systemui,10014,930,44352,[PERSISTENT],false,false,2,2,68066,
1431930468863,openiab.StoreService,cm.aptoide.pt,10148,0,54787,[],false,true,0,0,54797,
1431930468863,ch.unige.css.services.main.CssRegistryService,ch.unige.ping:background,10149,27135,27136666,[STARTED],false,true,0,0,27136676,
1431930468863,com.google.android.finsky.billing.iab.InAppBillingService,com.android.vending,10024,19930,43270973,[],false,true,1,1,43271302,
1431930468863,org.cyanogenmod.audiofx.HeadsetService,org.cyanogenmod.audiofx,10000,1289,67364,"[PERSISTENT,STARTED]",false,true,0,0,67374,
1431930542768,com.android.bluetooth.hid.HidService,com.android.bluetooth,1002,0,49150,[],false,true,0,0,49160,
1431930542768,com.cleanmaster.service.PermanentService,com.cleanmaster.mguard:service,10138,1271,94138,[STARTED],false,true,1,1,49490535,
1431930542768,com.google.android.music.dial.DialMediaRouteProviderService,com.google.android.music:main,10073,0,57202,[],false,true,0,0,57212,
1431930542768,ch.unige.css.services.PingService,ch.unige.ping,10149,1632,54288200,[STARTED],false,true,0,0,54288210,
1431930542768,com.google.android.search.core.service.BroadcastListenerService,com.google.android.googlequicksearchbox:search,10026,2776,75471,[STARTED],false,true,0,0,28007607,
1431930542768,com.android.systemui.keyguard.KeyguardService,com.android.systemui,10014,930,44352,[PERSISTENT],false,false,2,2,68066,
1431930542768,openiab.StoreService,cm.aptoide.pt,10148,0,54787,[],false,true,0,0,54797,
1431930542768,ch.unige.css.services.main.CssRegistryService,ch.unige.ping:background,10149,27135,27136666,[STARTED],false,true,0,0,27136676,
1431930542768,com.google.android.finsky.billing.iab.InAppBillingService,com.android.vending,10024,19930,43270973,[],false,true,1,1,43271302,
1431930542768,org.cyanogenmod.audiofx.HeadsetService,org.cyanogenmod.audiofx,10000,1289,67364,"[PERSISTENT,STARTED]",false,true,0,0,67374,
1431930602837,com.android.bluetooth.hid.HidService,com.android.bluetooth,1002,0,49150,[],false,true,0,0,49160,
1431930602837,com.cleanmaster.service.PermanentService,com.cleanmaster.mguard:service,10138,1271,94138,[STARTED],false,true,1,1,49490535,
1431930602837,com.google.android.music.dial.DialMediaRouteProviderService,com.google.android.music:main,10073,0,57202,[],false,true,0,0,57212,
1431930602837,ch.unige.css.services.PingService,ch.unige.ping,10149,1632,54348268,[STARTED],false,true,0,0,54348278,
1431930602837,com.google.android.search.core.service.BroadcastListenerService,com.google.android.googlequicksearchbox:search,10026,2776,75471,[STARTED],false,true,0,0,28007607,
1431930602837,com.android.systemui.keyguard.KeyguardService,com.android.systemui,10014,930,44352,[PERSISTENT],false,false,2,2,68066,
1431930602837,openiab.StoreService,cm.aptoide.pt,10148,0,54787,[],false,true,0,0,54797,
1431930602837,ch.unige.css.services.main.CssRegistryService,ch.unige.ping:background,10149,27135,27136666,[STARTED],false,true,0,0,27136676,
1431930602837,com.google.android.finsky.billing.iab.InAppBillingService,com.android.vending,10024,19930,43270973,[],false,true,1,1,43271302,
1431930602837,org.cyanogenmod.audiofx.HeadsetService,org.cyanogenmod.audiofx,10000,1289,67364,"[PERSISTENT,STARTED]",false,true,0,0,67374,
1431930682522,com.android.bluetooth.hid.HidService,com.android.bluetooth,1002,0,49150,[],false,true,0,0,49160,
1431930682522,com.cleanmaster.service.PermanentService,com.cleanmaster.mguard:service,10138,1271,94138,[STARTED],false,true,1,1,49490535,
1431930682522,com.google.android.music.dial.DialMediaRouteProviderService,com.google.android.music:main,10073,0,57202,[],false,true,0,0,57212,
1431930682522,ch.unige.css.services.PingService,ch.unige.ping,10149,1632,54427951,[STARTED],false,true,0,0,54427961,
1431930682522,com.google.android.search.core.service.BroadcastListenerService,com.google.android.googlequicksearchbox:search,10026,2776,75471,[STARTED],false,true,0,0,28007607,
1431930682522,com.android.systemui.keyguard.KeyguardService,com.android.systemui,10014,930,44352,[PERSISTENT],false,false,2,2,68066,
1431930682522,openiab.StoreService,cm.aptoide.pt,10148,0,54787,[],false,true,0,0,54797,
1431930682522,ch.unige.css.services.main.CssRegistryService,ch.unige.ping:background,10149,27135,27136666,[STARTED],false,true,0,0,27136676,
1431930682522,com.google.android.finsky.billing.iab.InAppBillingService,com.android.vending,10024,19930,43270973,[],false,true,1,1,43271302,
1431930682522,org.cyanogenmod.audiofx.HeadsetService,org.cyanogenmod.audiofx,10000,1289,67364,"[PERSISTENT,STARTED]",false,true,0,0,67374,
1431930742617,com.android.bluetooth.hid.HidService,com.android.bluetooth,1002,0,49150,[],false,true,0,0,49160,
1431930742617,com.cleanmaster.service.PermanentService,com.cleanmaster.mguard:service,10138,1271,94138,[STARTED],false,true,1,1,49490535,
1431930742617,com.google.android.music.dial.DialMediaRouteProviderService,com.google.android.music:main,10073,0,57202,[],false,true,0,0,57212,
1431930742617,ch.unige.css.services.PingService,ch.unige.ping,10149,1632,54488027,[STARTED],false,true,0,0,54488037,
1431930742617,com.google.android.search.core.service.BroadcastListenerService,com.google.android.googlequicksearchbox:search,10026,2776,75471,[STARTED],false,true,0,0,28007607,
1431930742617,com.android.systemui.keyguard.KeyguardService,com.android.systemui,10014,930,44352,[PERSISTENT],false,false,2,2,68066,
1431930742617,openiab.StoreService,cm.aptoide.pt,10148,0,54787,[],false,true,0,0,54797,
1431930742617,ch.unige.css.services.main.CssRegistryService,ch.unige.ping:background,10149,27135,27136666,[STARTED],false,true,0,0,27136676,
1431930742617,com.google.android.finsky.billing.iab.InAppBillingService,com.android.vending,10024,19930,43270973,[],false,true,1,1,43271302,
1431930742617,org.cyanogenmod.audiofx.HeadsetService,org.cyanogenmod.audiofx,10000,1289,67364,"[PERSISTENT,STARTED]",false,true,0,0,67374,
1431930802701,com.android.bluetooth.hid.HidService,com.android.bluetooth,1002,0,49150,[],false,true,0,0,49160,
1431930802701,com.cleanmaster.service.PermanentService,com.cleanmaster.mguard:service,10138,1271,94138,[STARTED],false,true,1,1,49490535,
1431930802701,com.google.android.music.dial.DialMediaRouteProviderService,com.google.android.music:main,10073,0,57202,[],false,true,0,0,57212,
1431930802701,ch.unige.css.services.PingService,ch.unige.ping,10149,1632,54548134,[STARTED],false,true,0,0,54548144,
1431930802701,com.google.android.search.core.service.BroadcastListenerService,com.google.android.googlequicksearchbox:search,10026,2776,75471,[STARTED],false,true,0,0,28007607,
1431930802701,com.android.systemui.keyguard.KeyguardService,com.android.systemui,10014,930,44352,[PERSISTENT],false,false,2,2,68066,
1431930802701,openiab.StoreService,cm.aptoide.pt,10148,0,54787,[],false,true,0,0,54797,
1431930802701,ch.unige.css.services.main.CssRegistryService,ch.unige.ping:background,10149,27135,27136666,[STARTED],false,true,0,0,27136676,
1431930802701,com.google.android.finsky.billing.iab.InAppBillingService,com.android.vending,10024,19930,43270973,[],false,true,1,1,43271302,
1431930802701,org.cyanogenmod.audiofx.HeadsetService,org.cyanogenmod.audiofx,10000,1289,67364,"[PERSISTENT,STARTED]",false,true,0,0,67374,
1431930862939,com.android.bluetooth.hid.HidService,com.android.bluetooth,1002,0,49150,[],false,true,0,0,49160,
1431930862939,com.cleanmaster.service.PermanentService,com.cleanmaster.mguard:service,10138,1271,94138,[STARTED],false,true,1,1,49490535,
1431930862939,com.google.android.music.dial.DialMediaRouteProviderService,com.google.android.music:main,10073,0,57202,[],false,true,0,0,57212,
1431930862939,ch.unige.css.services.PingService,ch.unige.ping,10149,1632,54608223,[STARTED],false,true,0,0,54608233,
1431930862939,com.google.android.search.core.service.BroadcastListenerService,com.google.android.googlequicksearchbox:search,10026,2776,75471,[STARTED],false,true,0,0,28007607,
1431930862939,com.android.systemui.keyguard.KeyguardService,com.android.systemui,10014,930,44352,[PERSISTENT],false,false,2,2,68066,
1431930862939,openiab.StoreService,cm.aptoide.pt,10148,0,54787,[],false,true,0,0,54797,
1431930862939,ch.unige.css.services.main.CssRegistryService,ch.unige.ping:background,10149,27135,27136666,[STARTED],false,true,0,0,27136676,
1431930862939,com.google.android.finsky.billing.iab.InAppBillingService,com.android.vending,10024,19930,43270973,[],false,true,1,1,43271302,
1431930862939,org.cyanogenmod.audiofx.HeadsetService,org.cyanogenmod.audiofx,10000,1289,67364,"[PERSISTENT,STARTED]",false,true,0,0,67374,
1431930922919,com.android.bluetooth.hid.HidService,com.android.bluetooth,1002,0,49150,[],false,true,0,0,49160,
1431930922919,com.cleanmaster.service.PermanentService,com.cleanmaster.mguard:service,10138,1271,94138,[STARTED],false,true,1,1,49490535,
1431930922919,com.google.android.music.dial.DialMediaRouteProviderService,com.google.android.music:main,10073,0,57202,[],false,true,0,0,57212,
1431930922919,ch.unige.css.services.PingService,ch.unige.ping,10149,1632,54668346,[STARTED],false,true,0,0,54668356,
1431930922919,com.google.android.search.core.service.BroadcastListenerService,com.google.android.googlequicksearchbox:search,10026,2776,75471,[STARTED],false,true,0,0,28007607,
1431930922919,com.android.systemui.keyguard.KeyguardService,com.android.systemui,10014,930,44352,[PERSISTENT],false,false,2,2,68066,
1431930922919,openiab.StoreService,cm.aptoide.pt,10148,0,54787,[],false,true,0,0,54797,
1431930922919,ch.unige.css.services.main.CssRegistryService,ch.unige.ping:background,10149,27135,27136666,[STARTED],false,true,0,0,27136676,
1431930922919,com.google.android.finsky.billing.iab.InAppBillingService,com.android.vending,10024,19930,43270973,[],false,true,1,1,43271302,
1431930922919,org.cyanogenmod.audiofx.HeadsetService,org.cyanogenmod.audiofx,10000,1289,67364,"[PERSISTENT,STARTED]",false,true,0,0,67374,
1431930982959,com.android.bluetooth.hid.HidService,com.android.bluetooth,1002,0,49150,[],false,true,0,0,49160,
1431930982959,com.cleanmaster.service.PermanentService,com.cleanmaster.mguard:service,10138,1271,94138,[STARTED],false,true,1,1,49490535,
1431930982959,com.google.android.music.dial.DialMediaRouteProviderService,com.google.android.music:main,10073,0,57202,[],false,true,0,0,57212,
1431930982959,ch.unige.css.services.PingService,ch.unige.ping,10149,1632,54728390,[STARTED],false,true,0,0,54728400,
1431930982959,com.google.android.search.core.service.BroadcastListenerService,com.google.android.googlequicksearchbox:search,10026,2776,75471,[STARTED],false,true,0,0,28007607,
1431930982959,com.android.systemui.keyguard.KeyguardService,com.android.systemui,10014,930,44352,[PERSISTENT],false,false,2,2,68066,
1431930982959,openiab.StoreService,cm.aptoide.pt,10148,0,54787,[],false,true,0,0,54797,
1431930982959,ch.unige.css.services.main.CssRegistryService,ch.unige.ping:background,10149,27135,27136666,[STARTED],false,true,0,0,27136676,
1431930982959,com.google.android.finsky.billing.iab.InAppBillingService,com.android.vending,10024,19930,43270973,[],false,true,1,1,43271302,
1431930982959,org.cyanogenmod.audiofx.HeadsetService,org.cyanogenmod.audiofx,10000,1289,67364,"[PERSISTENT,STARTED]",false,true,0,0,67374,
1431931061066,com.android.bluetooth.hid.HidService,com.android.bluetooth,1002,0,49150,[],false,true,0,0,49160,
1431931061066,com.cleanmaster.service.PermanentService,com.cleanmaster.mguard:service,10138,1271,94138,[STARTED],false,true,1,1,49490535,
1431931061066,com.google.android.music.dial.DialMediaRouteProviderService,com.google.android.music:main,10073,0,57202,[],false,true,0,0,57212,
1431931061066,ch.unige.css.services.PingService,ch.unige.ping,10149,1632,54806419,[STARTED],false,true,0,0,54806429,
1431931061066,com.google.android.search.core.service.BroadcastListenerService,com.google.android.googlequicksearchbox:search,10026,2776,75471,[STARTED],false,true,0,0,28007607,
1431931061066,com.android.systemui.keyguard.KeyguardService,com.android.systemui,10014,930,44352,[PERSISTENT],false,false,2,2,68066,
1431931061066,openiab.StoreService,cm.aptoide.pt,10148,0,54787,[],false,true,0,0,54797,
1431931061066,ch.unige.css.services.main.CssRegistryService,ch.unige.ping:background,10149,27135,27136666,[STARTED],false,true,0,0,27136676,
1431931061066,com.google.android.finsky.billing.iab.InAppBillingService,com.android.vending,10024,19930,43270973,[],false,true,1,1,43271302,
1431931061066,org.cyanogenmod.audiofx.HeadsetService,org.cyanogenmod.audiofx,10000,1289,67364,"[PERSISTENT,STARTED]",false,true,0,0,67374,
1431931121247,com.android.bluetooth.hid.HidService,com.android.bluetooth,1002,0,49150,[],false,true,0,0,49160,
1431931121247,com.cleanmaster.service.PermanentService,com.cleanmaster.mguard:service,10138,1271,94138,[STARTED],false,true,1,1,49490535,
1431931121247,com.google.android.music.dial.DialMediaRouteProviderService,com.google.android.music:main,10073,0,57202,[],false,true,0,0,57212,
1431931121247,ch.unige.css.services.PingService,ch.unige.ping,10149,1632,54866661,[STARTED],false,true,0,0,54866671,
1431931121247,com.google.android.search.core.service.BroadcastListenerService,com.google.android.googlequicksearchbox:search,10026,2776,75471,[STARTED],false,true,0,0,28007607,
1431931121247,com.android.systemui.keyguard.KeyguardService,com.android.systemui,10014,930,44352,[PERSISTENT],false,false,2,2,68066,
1431931121247,openiab.StoreService,cm.aptoide.pt,10148,0,54787,[],false,true,0,0,54797,
1431931121247,ch.unige.css.services.main.CssRegistryService,ch.unige.ping:background,10149,27135,27136666,[STARTED],false,true,0,0,27136676,
1431931121247,com.google.android.finsky.billing.iab.InAppBillingService,com.android.vending,10024,19930,43270973,[],false,true,1,1,43271302,
1431931121247,org.cyanogenmod.audiofx.HeadsetService,org.cyanogenmod.audiofx,10000,1289,67364,"[PERSISTENT,STARTED]",false,true,0,0,67374,
1431931181347,com.android.bluetooth.hid.HidService,com.android.bluetooth,1002,0,49150,[],false,true,0,0,49160,
1431931181347,com.cleanmaster.service.PermanentService,com.cleanmaster.mguard:service,10138,1271,94138,[STARTED],false,true,1,1,49490535,
1431931181347,com.google.android.music.dial.DialMediaRouteProviderService,com.google.android.music:main,10073,0,57202,[],false,true,0,0,57212,
1431931181347,ch.unige.css.services.PingService,ch.unige.ping,10149,1632,54926762,[STARTED],false,true,0,0,54926772,
1431931181347,com.google.android.search.core.service.BroadcastListenerService,com.google.android.googlequicksearchbox:search,10026,2776,75471,[STARTED],false,true,0,0,28007607,
1431931181347,com.android.systemui.keyguard.KeyguardService,com.android.systemui,10014,930,44352,[PERSISTENT],false,false,2,2,68066,
1431931181347,openiab.StoreService,cm.aptoide.pt,10148,0,54787,[],false,true,0,0,54797,
1431931181347,ch.unige.css.services.main.CssRegistryService,ch.unige.ping:background,10149,27135,27136666,[STARTED],false,true,0,0,27136676,
1431931181347,com.google.android.finsky.billing.iab.InAppBillingService,com.android.vending,10024,19930,43270973,[],false,true,1,1,43271302,
1431931181347,org.cyanogenmod.audiofx.HeadsetService,org.cyanogenmod.audiofx,10000,1289,67364,"[PERSISTENT,STARTED]",false,true,0,0,67374,
1431931241414,com.android.bluetooth.hid.HidService,com.android.bluetooth,1002,0,49150,[],false,true,0,0,49160,
1431931241414,com.cleanmaster.service.PermanentService,com.cleanmaster.mguard:service,10138,1271,94138,[STARTED],false,true,1,1,49490535,
1431931241414,com.google.android.music.dial.DialMediaRouteProviderService,com.google.android.music:main,10073,0,57202,[],false,true,0,0,57212,
1431931241414,ch.unige.css.services.PingService,ch.unige.ping,10149,1632,54986836,[STARTED],false,true,0,0,54986846,
1431931241414,com.google.android.search.core.service.BroadcastListenerService,com.google.android.googlequicksearchbox:search,10026,2776,75471,[STARTED],false,true,0,0,28007607,
1431931241414,com.android.systemui.keyguard.KeyguardService,com.android.systemui,10014,930,44352,[PERSISTENT],false,false,2,2,68066,
1431931241414,openiab.StoreService,cm.aptoide.pt,10148,0,54787,[],false,true,0,0,54797,
1431931241414,ch.unige.css.services.main.CssRegistryService,ch.unige.ping:background,10149,27135,27136666,[STARTED],false,true,0,0,27136676,
1431931241414,com.google.android.finsky.billing.iab.InAppBillingService,com.android.vending,10024,19930,43270973,[],false,true,1,1,43271302,
1431931241414,org.cyanogenmod.audiofx.HeadsetService,org.cyanogenmod.audiofx,10000,1289,67364,"[PERSISTENT,STARTED]",false,true,0,0,67374,
1431931301571,com.android.bluetooth.hid.HidService,com.android.bluetooth,1002,0,49150,[],false,true,0,0,49160,
1431931301571,com.cleanmaster.service.PermanentService,com.cleanmaster.mguard:service,10138,1271,94138,[STARTED],false,true,1,1,49490535,
1431931301571,com.google.android.music.dial.DialMediaRouteProviderService,com.google.android.music:main,10073,0,57202,[],false,true,0,0,57212,
1431931301571,ch.unige.css.services.PingService,ch.unige.ping,10149,1632,55046914,[STARTED],false,true,0,0,55046924,
1431931301571,com.google.android.search.core.service.BroadcastListenerService,com.google.android.googlequicksearchbox:search,10026,2776,75471,[STARTED],false,true,0,0,28007607,
1431931301571,com.android.systemui.keyguard.KeyguardService,com.android.systemui,10014,930,44352,[PERSISTENT],false,false,2,2,68066,
1431931301571,openiab.StoreService,cm.aptoide.pt,10148,0,54787,[],false,true,0,0,54797,
1431931301571,ch.unige.css.services.main.CssRegistryService,ch.unige.ping:background,10149,27135,27136666,[STARTED],false,true,0,0,27136676,
1431931301571,com.google.android.finsky.billing.iab.InAppBillingService,com.android.vending,10024,19930,43270973,[],false,true,1,1,43271302,
1431931301571,org.cyanogenmod.audiofx.HeadsetService,org.cyanogenmod.audiofx,10000,1289,67364,"[PERSISTENT,STARTED]",false,true,0,0,67374,
1431931361594,com.android.bluetooth.hid.HidService,com.android.bluetooth,1002,0,49150,[],false,true,0,0,49160,
1431931361594,com.cleanmaster.service.PermanentService,com.cleanmaster.mguard:service,10138,1271,94138,[STARTED],false,true,1,1,49490535,
1431931361594,com.google.android.music.dial.DialMediaRouteProviderService,com.google.android.music:main,10073,0,57202,[],false,true,0,0,57212,
1431931361594,ch.unige.css.services.PingService,ch.unige.ping,10149,1632,55107006,[STARTED],false,true,0,0,55107016,
1431931361594,com.google.android.search.core.service.BroadcastListenerService,com.google.android.googlequicksearchbox:search,10026,2776,75471,[STARTED],false,true,0,0,28007607,
1431931361594,com.android.systemui.keyguard.KeyguardService,com.android.systemui,10014,930,44352,[PERSISTENT],false,false,2,2,68066,
1431931361594,openiab.StoreService,cm.aptoide.pt,10148,0,54787,[],false,true,0,0,54797,
1431931361594,ch.unige.css.services.main.CssRegistryService,ch.unige.ping:background,10149,27135,27136666,[STARTED],false,true,0,0,27136676,
1431931361594,com.google.android.finsky.billing.iab.InAppBillingService,com.android.vending,10024,19930,43270973,[],false,true,1,1,43271302,
1431931361594,org.cyanogenmod.audiofx.HeadsetService,org.cyanogenmod.audiofx,10000,1289,67364,"[PERSISTENT,STARTED]",false,true,0,0,67374,
1431931421659,com.android.bluetooth.hid.HidService,com.android.bluetooth,1002,0,49150,[],false,true,0,0,49160,
1431931421659,com.cleanmaster.service.PermanentService,com.cleanmaster.mguard:service,10138,1271,94138,[STARTED],false,true,1,1,49490535,
1431931421659,com.google.android.music.dial.DialMediaRouteProviderService,com.google.android.music:main,10073,0,57202,[],false,true,0,0,57212,
1431931421659,ch.unige.css.services.PingService,ch.unige.ping,10149,1632,55167097,[STARTED],false,true,0,0,55167107,
1431931421659,com.google.android.search.core.service.BroadcastListenerService,com.google.android.googlequicksearchbox:search,10026,2776,75471,[STARTED],false,true,0,0,28007607,
1431931421659,com.android.systemui.keyguard.KeyguardService,com.android.systemui,10014,930,44352,[PERSISTENT],false,false,2,2,68066,
1431931421659,openiab.StoreService,cm.aptoide.pt,10148,0,54787,[],false,true,0,0,54797,
1431931421659,ch.unige.css.services.main.CssRegistryService,ch.unige.ping:background,10149,27135,27136666,[STARTED],false,true,0,0,27136676,
1431931421659,com.google.android.finsky.billing.iab.InAppBillingService,com.android.vending,10024,19930,43270973,[],false,true,1,1,43271302,
1431931421659,org.cyanogenmod.audiofx.HeadsetService,org.cyanogenmod.audiofx,10000,1289,67364,"[PERSISTENT,STARTED]",false,true,0,0,67374,
1431931481803,com.android.bluetooth.hid.HidService,com.android.bluetooth,1002,0,49150,[],false,true,0,0,49160,
1431931481803,com.cleanmaster.service.PermanentService,com.cleanmaster.mguard:service,10138,1271,94138,[STARTED],false,true,1,1,49490535,
1431931481803,com.google.android.music.dial.DialMediaRouteProviderService,com.google.android.music:main,10073,0,57202,[],false,true,0,0,57212,
1431931481803,ch.unige.css.services.PingService,ch.unige.ping,10149,1632,55227214,[STARTED],false,true,0,0,55227224,
1431931481803,com.google.android.search.core.service.BroadcastListenerService,com.google.android.googlequicksearchbox:search,10026,2776,75471,[STARTED],false,true,0,0,28007607,
1431931481803,com.android.systemui.keyguard.KeyguardService,com.android.systemui,10014,930,44352,[PERSISTENT],false,false,2,2,68066,
1431931481803,openiab.StoreService,cm.aptoide.pt,10148,0,54787,[],false,true,0,0,54797,
1431931481803,ch.unige.css.services.main.CssRegistryService,ch.unige.ping:background,10149,27135,27136666,[STARTED],false,true,0,0,27136676,
1431931481803,com.google.android.finsky.billing.iab.InAppBillingService,com.android.vending,10024,19930,43270973,[],false,true,1,1,43271302,
1431931481803,org.cyanogenmod.audiofx.HeadsetService,org.cyanogenmod.audiofx,10000,1289,67364,"[PERSISTENT,STARTED]",false,true,0,0,67374,
1431931541896,com.android.bluetooth.hid.HidService,com.android.bluetooth,1002,0,49150,[],false,true,0,0,49160,
1431931541896,com.cleanmaster.service.PermanentService,com.cleanmaster.mguard:service,10138,1271,94138,[STARTED],false,true,1,1,49490535,
1431931541896,com.google.android.music.dial.DialMediaRouteProviderService,com.google.android.music:main,10073,0,57202,[],false,true,0,0,57212,
1431931541896,ch.unige.css.services.PingService,ch.unige.ping,10149,1632,55287312,[STARTED],false,true,0,0,55287322,
1431931541896,com.google.android.search.core.service.BroadcastListenerService,com.google.android.googlequicksearchbox:search,10026,2776,75471,[STARTED],false,true,0,0,28007607,
1431931541896,com.android.systemui.keyguard.KeyguardService,com.android.systemui,10014,930,44352,[PERSISTENT],false,false,2,2,68066,
1431931541896,openiab.StoreService,cm.aptoide.pt,10148,0,54787,[],false,true,0,0,54797,
1431931541896,ch.unige.css.services.main.CssRegistryService,ch.unige.ping:background,10149,27135,27136666,[STARTED],false,true,0,0,27136676,
1431931541896,com.google.android.finsky.billing.iab.InAppBillingService,com.android.vending,10024,19930,43270973,[],false,true,1,1,43271302,
1431931541896,org.cyanogenmod.audiofx.HeadsetService,org.cyanogenmod.audiofx,10000,1289,67364,"[PERSISTENT,STARTED]",false,true,0,0,67374,
1431931601999,com.android.bluetooth.hid.HidService,com.android.bluetooth,1002,0,49150,[],false,true,0,0,49160,
1431931601999,com.cleanmaster.service.PermanentService,com.cleanmaster.mguard:service,10138,1271,94138,[STARTED],false,true,1,1,49490535,
1431931601999,com.google.android.music.dial.DialMediaRouteProviderService,com.google.android.music:main,10073,0,57202,[],false,true,0,0,57212,
1431931601999,ch.unige.css.services.PingService,ch.unige.ping,10149,1632,55347414,[STARTED],false,true,0,0,55347424,
1431931601999,com.google.android.search.core.service.BroadcastListenerService,com.google.android.googlequicksearchbox:search,10026,2776,75471,[STARTED],false,true,0,0,28007607,
1431931601999,com.android.systemui.keyguard.KeyguardService,com.android.systemui,10014,930,44352,[PERSISTENT],false,false,2,2,68066,
1431931601999,openiab.StoreService,cm.aptoide.pt,10148,0,54787,[],false,true,0,0,54797,
1431931601999,ch.unige.css.services.main.CssRegistryService,ch.unige.ping:background,10149,27135,27136666,[STARTED],false,true,0,0,27136676,
1431931601999,com.google.android.finsky.billing.iab.InAppBillingService,com.android.vending,10024,19930,43270973,[],false,true,1,1,43271302,
1431931601999,org.cyanogenmod.audiofx.HeadsetService,org.cyanogenmod.audiofx,10000,1289,67364,"[PERSISTENT,STARTED]",false,true,0,0,67374,
1431931662138,com.android.bluetooth.hid.HidService,com.android.bluetooth,1002,0,49150,[],false,true,0,0,49160,
1431931662138,com.cleanmaster.service.PermanentService,com.cleanmaster.mguard:service,10138,1271,94138,[STARTED],false,true,1,1,49490535,
1431931662138,com.google.android.music.dial.DialMediaRouteProviderService,com.google.android.music:main,10073,0,57202,[],false,true,0,0,57212,
1431931662138,ch.unige.css.services.PingService,ch.unige.ping,10149,1632,55407546,[STARTED],false,true,0,0,55407556,
1431931662138,com.google.android.search.core.service.BroadcastListenerService,com.google.android.googlequicksearchbox:search,10026,2776,75471,[STARTED],false,true,0,0,28007607,
1431931662138,com.android.systemui.keyguard.KeyguardService,com.android.systemui,10014,930,44352,[PERSISTENT],false,false,2,2,68066,
1431931662138,openiab.StoreService,cm.aptoide.pt,10148,0,54787,[],false,true,0,0,54797,
1431931662138,ch.unige.css.services.main.CssRegistryService,ch.unige.ping:background,10149,27135,27136666,[STARTED],false,true,0,0,27136676,
1431931662138,com.google.android.finsky.billing.iab.InAppBillingService,com.android.vending,10024,19930,43270973,[],false,true,1,1,43271302,
1431931662138,org.cyanogenmod.audiofx.HeadsetService,org.cyanogenmod.audiofx,10000,1289,67364,"[PERSISTENT,STARTED]",false,true,0,0,67374,
1431931722221,com.android.bluetooth.hid.HidService,com.android.bluetooth,1002,0,49150,[],false,true,0,0,49160,
1431931722221,com.cleanmaster.service.PermanentService,com.cleanmaster.mguard:service,10138,1271,94138,[STARTED],false,true,1,1,49490535,
1431931722221,com.google.android.music.dial.DialMediaRouteProviderService,com.google.android.music:main,10073,0,57202,[],false,true,0,0,57212,
1431931722221,ch.unige.css.services.PingService,ch.unige.ping,10149,1632,55467650,[STARTED],false,true,0,0,55467660,
1431931722221,com.google.android.search.core.service.BroadcastListenerService,com.google.android.googlequicksearchbox:search,10026,2776,75471,[STARTED],false,true,0,0,28007607,
1431931722221,com.android.systemui.keyguard.KeyguardService,com.android.systemui,10014,930,44352,[PERSISTENT],false,false,2,2,68066,
1431931722221,openiab.StoreService,cm.aptoide.pt,10148,0,54787,[],false,true,0,0,54797,
1431931722221,ch.unige.css.services.main.CssRegistryService,ch.unige.ping:background,10149,27135,27136666,[STARTED],false,true,0,0,27136676,
1431931722221,com.google.android.finsky.billing.iab.InAppBillingService,com.android.vending,10024,19930,43270973,[],false,true,1,1,43271302,
1431931722221,org.cyanogenmod.audiofx.HeadsetService,org.cyanogenmod.audiofx,10000,1289,67364,"[PERSISTENT,STARTED]",false,true,0,0,67374,
1431931782548,com.android.bluetooth.hid.HidService,com.android.bluetooth,1002,0,49150,[],false,true,0,0,49160,
1431931782548,com.cleanmaster.service.PermanentService,com.cleanmaster.mguard:service,10138,1271,94138,[STARTED],false,true,1,1,49490535,
1431931782548,com.google.android.music.dial.DialMediaRouteProviderService,com.google.android.music:main,10073,0,57202,[],false,true,0,0,57212,
1431931782548,ch.unige.css.services.PingService,ch.unige.ping,10149,1632,55527966,[STARTED],false,true,0,0,55527976,
1431931782548,com.google.android.search.core.service.BroadcastListenerService,com.google.android.googlequicksearchbox:search,10026,2776,75471,[STARTED],false,true,0,0,28007607,
1431931782548,com.android.systemui.keyguard.KeyguardService,com.android.systemui,10014,930,44352,[PERSISTENT],false,false,2,2,68066,
1431931782548,openiab.StoreService,cm.aptoide.pt,10148,0,54787,[],false,true,0,0,54797,
1431931782548,ch.unige.css.services.main.CssRegistryService,ch.unige.ping:background,10149,27135,27136666,[STARTED],false,true,0,0,27136676,
1431931782548,com.google.android.finsky.billing.iab.InAppBillingService,com.android.vending,10024,19930,43270973,[],false,true,1,1,43271302,
1431931782548,org.cyanogenmod.audiofx.HeadsetService,org.cyanogenmod.audiofx,10000,1289,67364,"[PERSISTENT,STARTED]",false,true,0,0,67374,
1431931842595,com.android.bluetooth.hid.HidService,com.android.bluetooth,1002,0,49150,[],false,true,0,0,49160,
1431931842595,com.cleanmaster.service.PermanentService,com.cleanmaster.mguard:service,10138,1271,94138,[STARTED],false,true,1,1,49490535,
1431931842595,com.google.android.music.dial.DialMediaRouteProviderService,com.google.android.music:main,10073,0,57202,[],false,true,0,0,57212,
1431931842595,ch.unige.css.services.PingService,ch.unige.ping,10149,1632,55588030,[STARTED],false,true,0,0,55588040,
1431931842595,com.google.android.search.core.service.BroadcastListenerService,com.google.android.googlequicksearchbox:search,10026,2776,75471,[STARTED],false,true,0,0,28007607,
1431931842595,com.android.systemui.keyguard.KeyguardService,com.android.systemui,10014,930,44352,[PERSISTENT],false,false,2,2,68066,
1431931842595,openiab.StoreService,cm.aptoide.pt,10148,0,54787,[],false,true,0,0,54797,
1431931842595,ch.unige.css.services.main.CssRegistryService,ch.unige.ping:background,10149,27135,27136666,[STARTED],false,true,0,0,27136676,
1431931842595,com.google.android.finsky.billing.iab.InAppBillingService,com.android.vending,10024,19930,43270973,[],false,true,1,1,43271302,
1431931842595,org.cyanogenmod.audiofx.HeadsetService,org.cyanogenmod.audiofx,10000,1289,67364,"[PERSISTENT,STARTED]",false,true,0,0,67374,
1431931902690,com.android.bluetooth.hid.HidService,com.android.bluetooth,1002,0,49150,[],false,true,0,0,49160,
1431931902690,com.cleanmaster.service.PermanentService,com.cleanmaster.mguard:service,10138,1271,94138,[STARTED],false,true,1,1,49490535,
1431931902690,com.google.android.music.dial.DialMediaRouteProviderService,com.google.android.music:main,10073,0,57202,[],false,true,0,0,57212,
1431931902690,ch.unige.css.services.PingService,ch.unige.ping,10149,1632,55648116,[STARTED],false,true,0,0,55648126,
1431931902690,com.google.android.search.core.service.BroadcastListenerService,com.google.android.googlequicksearchbox:search,10026,2776,75471,[STARTED],false,true,0,0,28007607,
1431931902690,com.android.systemui.keyguard.KeyguardService,com.android.systemui,10014,930,44352,[PERSISTENT],false,false,2,2,68066,
1431931902690,openiab.StoreService,cm.aptoide.pt,10148,0,54787,[],false,true,0,0,54797,
1431931902690,ch.unige.css.services.main.CssRegistryService,ch.unige.ping:background,10149,27135,27136666,[STARTED],false,true,0,0,27136676,
1431931902690,com.google.android.finsky.billing.iab.InAppBillingService,com.android.vending,10024,19930,43270973,[],false,true,1,1,43271302,
1431931902690,org.cyanogenmod.audiofx.HeadsetService,org.cyanogenmod.audiofx,10000,1289,67364,"[PERSISTENT,STARTED]",false,true,0,0,67374,
1431931962735,com.android.bluetooth.hid.HidService,com.android.bluetooth,1002,0,49150,[],false,true,0,0,49160,
1431931962735,com.cleanmaster.service.PermanentService,com.cleanmaster.mguard:service,10138,1271,94138,[STARTED],false,true,1,1,55679652,
1431931962735,com.google.android.music.dial.DialMediaRouteProviderService,com.google.android.music:main,10073,0,57202,[],false,true,0,0,57212,
1431931962735,ch.unige.css.services.PingService,ch.unige.ping,10149,1632,55708167,[STARTED],false,true,0,0,55708177,
1431931962735,com.google.android.search.core.service.BroadcastListenerService,com.google.android.googlequicksearchbox:search,10026,2776,75471,[STARTED],false,true,0,0,28007607,
1431931962735,com.android.systemui.keyguard.KeyguardService,com.android.systemui,10014,930,44352,[PERSISTENT],false,false,2,2,68066,
1431931962735,openiab.StoreService,cm.aptoide.pt,10148,0,54787,[],false,true,0,0,54797,
1431931962735,ch.unige.css.services.main.CssRegistryService,ch.unige.ping:background,10149,27135,27136666,[STARTED],false,true,0,0,27136676,
1431931962735,com.google.android.finsky.billing.iab.InAppBillingService,com.android.vending,10024,19930,43270973,[],false,true,1,1,43271302,
1431931962735,org.cyanogenmod.audiofx.HeadsetService,org.cyanogenmod.audiofx,10000,1289,67364,"[PERSISTENT,STARTED]",false,true,0,0,67374,
1431932022773,com.android.bluetooth.hid.HidService,com.android.bluetooth,1002,0,49150,[],false,true,0,0,49160,
1431932022773,com.cleanmaster.service.PermanentService,com.cleanmaster.mguard:service,10138,1271,94138,[STARTED],false,true,1,1,55679652,
1431932022773,com.google.android.music.dial.DialMediaRouteProviderService,com.google.android.music:main,10073,0,57202,[],false,true,0,0,57212,
1431932022773,ch.unige.css.services.PingService,ch.unige.ping,10149,1632,55768196,[STARTED],false,true,0,0,55768206,
1431932022773,com.google.android.search.core.service.BroadcastListenerService,com.google.android.googlequicksearchbox:search,10026,2776,75471,[STARTED],false,true,0,0,28007607,
1431932022773,com.android.systemui.keyguard.KeyguardService,com.android.systemui,10014,930,44352,[PERSISTENT],false,false,2,2,68066,
1431932022773,openiab.StoreService,cm.aptoide.pt,10148,0,54787,[],false,true,0,0,54797,
1431932022773,ch.unige.css.services.main.CssRegistryService,ch.unige.ping:background,10149,27135,27136666,[STARTED],false,true,0,0,27136676,
1431932022773,com.google.android.finsky.billing.iab.InAppBillingService,com.android.vending,10024,19930,43270973,[],false,true,1,1,43271302,
1431932022773,org.cyanogenmod.audiofx.HeadsetService,org.cyanogenmod.audiofx,10000,1289,67364,"[PERSISTENT,STARTED]",false,true,0,0,67374,
1431932087943,com.android.bluetooth.hid.HidService,com.android.bluetooth,1002,0,49150,[],false,true,0,0,49160,
1431932087943,com.cleanmaster.service.PermanentService,com.cleanmaster.mguard:service,10138,1271,94138,[STARTED],false,true,1,1,55679652,
1431932087943,com.google.android.music.dial.DialMediaRouteProviderService,com.google.android.music:main,10073,0,57202,[],false,true,0,0,57212,
1431932087943,ch.unige.css.services.PingService,ch.unige.ping,10149,1632,55833393,[STARTED],false,true,0,0,55833403,
1431932087943,com.google.android.search.core.service.BroadcastListenerService,com.google.android.googlequicksearchbox:search,10026,2776,75471,[STARTED],false,true,0,0,28007607,
1431932087943,com.android.systemui.keyguard.KeyguardService,com.android.systemui,10014,930,44352,[PERSISTENT],false,false,2,2,68066,
1431932087943,openiab.StoreService,cm.aptoide.pt,10148,0,54787,[],false,true,0,0,54797,
1431932087943,ch.unige.css.services.main.CssRegistryService,ch.unige.ping:background,10149,27135,27136666,[STARTED],false,true,0,0,27136676,
1431932087943,com.google.android.finsky.billing.iab.InAppBillingService,com.android.vending,10024,19930,43270973,[],false,true,1,1,43271302,
1431932087943,org.cyanogenmod.audiofx.HeadsetService,org.cyanogenmod.audiofx,10000,1289,67364,"[PERSISTENT,STARTED]",false,true,0,0,67374,
1431932147987,com.android.bluetooth.hid.HidService,com.android.bluetooth,1002,0,49150,[],false,true,0,0,49160,
1431932147987,com.cleanmaster.service.PermanentService,com.cleanmaster.mguard:service,10138,1271,94138,[STARTED],false,true,1,1,55869211,
1431932147987,com.google.android.music.dial.DialMediaRouteProviderService,com.google.android.music:main,10073,0,57202,[],false,true,0,0,57212,
1431932147987,ch.unige.css.services.PingService,ch.unige.ping,10149,1632,55893421,[STARTED],false,true,0,0,55893431,
1431932147987,com.google.android.search.core.service.BroadcastListenerService,com.google.android.googlequicksearchbox:search,10026,2776,75471,[STARTED],false,true,0,0,28007607,
1431932147987,com.android.systemui.keyguard.KeyguardService,com.android.systemui,10014,930,44352,[PERSISTENT],false,false,2,2,68066,
1431932147987,openiab.StoreService,cm.aptoide.pt,10148,0,54787,[],false,true,0,0,54797,
1431932147987,ch.unige.css.services.main.CssRegistryService,ch.unige.ping:background,10149,27135,27136666,[STARTED],false,true,0,0,27136676,
1431932147987,com.google.android.finsky.billing.iab.InAppBillingService,com.android.vending,10024,19930,43270973,[],false,true,1,1,43271302,
1431932147987,org.cyanogenmod.audiofx.HeadsetService,org.cyanogenmod.audiofx,10000,1289,67364,"[PERSISTENT,STARTED]",false,true,0,0,67374,
1431932208030,com.android.bluetooth.hid.HidService,com.android.bluetooth,1002,0,49150,[],false,true,0,0,49160,
1431932208030,com.cleanmaster.service.PermanentService,com.cleanmaster.mguard:service,10138,1271,94138,[STARTED],false,true,1,1,55869211,
1431932208030,com.google.android.music.dial.DialMediaRouteProviderService,com.google.android.music:main,10073,0,57202,[],false,true,0,0,57212,
1431932208030,ch.unige.css.services.PingService,ch.unige.ping,10149,1632,55953461,[STARTED],false,true,0,0,55953471,
1431932208030,com.google.android.search.core.service.BroadcastListenerService,com.google.android.googlequicksearchbox:search,10026,2776,75471,[STARTED],false,true,0,0,28007607,
1431932208030,com.android.systemui.keyguard.KeyguardService,com.android.systemui,10014,930,44352,[PERSISTENT],false,false,2,2,68066,
1431932208030,openiab.StoreService,cm.aptoide.pt,10148,0,54787,[],false,true,0,0,54797,
1431932208030,ch.unige.css.services.main.CssRegistryService,ch.unige.ping:background,10149,27135,27136666,[STARTED],false,true,0,0,27136676,
1431932208030,com.google.android.finsky.billing.iab.InAppBillingService,com.android.vending,10024,19930,43270973,[],false,true,1,1,43271302,
1431932208030,org.cyanogenmod.audiofx.HeadsetService,org.cyanogenmod.audiofx,10000,1289,67364,"[PERSISTENT,STARTED]",false,true,0,0,67374,
1431934608802,com.android.bluetooth.hid.HidService,com.android.bluetooth,1002,0,49150,[],false,true,0,0,49160,
1431934608802,com.cleanmaster.service.PermanentService,com.cleanmaster.mguard:service,10138,1271,94138,[STARTED],false,true,1,1,58334360,
1431934608802,com.google.android.music.dial.DialMediaRouteProviderService,com.google.android.music:main,10073,0,57202,[],false,true,0,0,57212,
1431934608802,ch.unige.css.services.PingService,ch.unige.ping,10149,1632,58354190,[STARTED],false,true,0,0,58354200,
1431934608802,com.google.android.search.core.service.BroadcastListenerService,com.google.android.googlequicksearchbox:search,10026,2776,75471,[STARTED],false,true,0,0,28007607,
1431934608802,com.android.systemui.keyguard.KeyguardService,com.android.systemui,10014,930,44352,[PERSISTENT],false,false,2,2,68066,
1431934608802,openiab.StoreService,cm.aptoide.pt,10148,0,54787,[],false,true,0,0,54797,
1431934608802,ch.unige.css.services.main.CssRegistryService,ch.unige.ping:background,10149,7656,58354187,[STARTED],false,true,0,0,58354197,
1431934608802,com.google.android.finsky.billing.iab.InAppBillingService,com.android.vending,10024,13593,57711705,[],false,true,1,1,57711805,
1431934608802,org.cyanogenmod.audiofx.HeadsetService,org.cyanogenmod.audiofx,10000,1289,67364,"[PERSISTENT,STARTED]",false,true,0,0,67374,
1431934668428,com.android.bluetooth.hid.HidService,com.android.bluetooth,1002,0,49150,[],false,true,0,0,49160,
1431934668428,com.cleanmaster.service.PermanentService,com.cleanmaster.mguard:service,10138,1271,94138,[STARTED],false,true,1,1,58360642,
1431934668428,com.google.android.music.dial.DialMediaRouteProviderService,com.google.android.music:main,10073,0,57202,[],false,true,0,0,57212,
1431934668428,ch.unige.css.services.PingService,ch.unige.ping,10149,1632,58414254,[STARTED],false,true,0,0,58414264,
1431934668428,com.android.calendar.widget.CalendarAppWidgetService,com.google.android.calendar,10069,28171,58410859,[],false,true,1,1,58410869,
1431934668428,com.google.android.search.core.service.BroadcastListenerService,com.google.android.googlequicksearchbox:search,10026,2776,75471,[STARTED],false,true,0,0,28007607,
1431934668428,com.android.systemui.keyguard.KeyguardService,com.android.systemui,10014,930,44352,[PERSISTENT],false,false,2,2,68066,
1431934668428,com.android.calendar.alerts.AlertService,com.android.calendar,10033,28014,58410150,[STARTED],false,true,0,0,58410160,
1431934668428,openiab.StoreService,cm.aptoide.pt,10148,0,54787,[],false,true,0,0,54797,
1431934668428,ch.unige.css.services.main.CssRegistryService,ch.unige.ping:background,10149,7656,58354187,[STARTED],false,true,0,0,58354197,
1431934730921,com.android.bluetooth.hid.HidService,com.android.bluetooth,1002,0,49150,[],false,true,0,0,49160,
1431934730921,com.cleanmaster.service.PermanentService,com.cleanmaster.mguard:service,10138,1271,94138,[STARTED],false,true,1,1,58360642,
1431934730921,com.google.android.music.dial.DialMediaRouteProviderService,com.google.android.music:main,10073,0,57202,[],false,true,0,0,57212,
1431934730921,ch.unige.css.services.PingService,ch.unige.ping,10149,1632,58476693,[STARTED],false,true,0,0,58476703,
1431934730921,com.google.android.search.core.service.BroadcastListenerService,com.google.android.googlequicksearchbox:search,10026,2776,75471,[STARTED],false,true,0,0,28007607,
1431934730921,com.android.systemui.keyguard.KeyguardService,com.android.systemui,10014,930,44352,[PERSISTENT],false,false,2,2,68066,
1431934730921,openiab.StoreService,cm.aptoide.pt,10148,0,54787,[],false,true,0,0,54797,
1431934730921,ch.unige.css.services.main.CssRegistryService,ch.unige.ping:background,10149,7656,58354187,[STARTED],false,true,0,0,58354197,
1431934730921,org.cyanogenmod.audiofx.HeadsetService,org.cyanogenmod.audiofx,10000,1289,67364,"[PERSISTENT,STARTED]",false,true,0,0,67374,
1431934730921,com.whatsapp.messaging.MessageService,com.whatsapp,10110,13544,67811,[STARTED],false,true,1,1,57511622,
1431934791319,com.android.bluetooth.hid.HidService,com.android.bluetooth,1002,0,49150,[],false,true,0,0,49160,
1431934791319,com.cleanmaster.service.PermanentService,com.cleanmaster.mguard:service,10138,1271,94138,[STARTED],false,true,1,1,58360642,
1431934791319,com.google.android.music.dial.DialMediaRouteProviderService,com.google.android.music:main,10073,0,57202,[],false,true,0,0,57212,
1431934791319,ch.unige.css.services.PingService,ch.unige.ping,10149,1632,58537120,[STARTED],false,true,0,0,58537130,
1431934791319,com.google.android.search.core.service.BroadcastListenerService,com.google.android.googlequicksearchbox:search,10026,2776,75471,[STARTED],false,true,0,0,28007607,
1431934791319,com.android.systemui.keyguard.KeyguardService,com.android.systemui,10014,930,44352,[PERSISTENT],false,false,2,2,68066,
1431934791319,openiab.StoreService,cm.aptoide.pt,10148,0,54787,[],false,true,0,0,54797,
1431934791319,ch.unige.css.services.main.CssRegistryService,ch.unige.ping:background,10149,7656,58354187,[STARTED],false,true,0,0,58354197,
1431934791319,org.cyanogenmod.audiofx.HeadsetService,org.cyanogenmod.audiofx,10000,1289,67364,"[PERSISTENT,STARTED]",false,true,0,0,67374,
1431934791319,com.whatsapp.messaging.MessageService,com.whatsapp,10110,13544,67811,[STARTED],false,true,1,1,57511622,
1431934851464,com.android.bluetooth.hid.HidService,com.android.bluetooth,1002,0,49150,[],false,true,0,0,49160,
1431934851464,com.cleanmaster.service.PermanentService,com.cleanmaster.mguard:service,10138,1271,94138,[STARTED],false,true,1,1,58360642,
1431934851464,com.google.android.music.dial.DialMediaRouteProviderService,com.google.android.music:main,10073,0,57202,[],false,true,0,0,57212,
1431934851464,ch.unige.css.services.PingService,ch.unige.ping,10149,1632,58597324,[STARTED],false,true,0,0,58597334,
1431934851464,com.google.android.search.core.service.BroadcastListenerService,com.google.android.googlequicksearchbox:search,10026,2776,75471,[STARTED],false,true,0,0,28007607,
1431934851464,com.android.systemui.keyguard.KeyguardService,com.android.systemui,10014,930,44352,[PERSISTENT],false,false,2,2,68066,
1431934851464,openiab.StoreService,cm.aptoide.pt,10148,0,54787,[],false,true,0,0,54797,
1431934851464,ch.unige.css.services.main.CssRegistryService,ch.unige.ping:background,10149,7656,58354187,[STARTED],false,true,0,0,58354197,
1431934851464,org.cyanogenmod.audiofx.HeadsetService,org.cyanogenmod.audiofx,10000,1289,67364,"[PERSISTENT,STARTED]",false,true,0,0,67374,
1431934851464,com.whatsapp.messaging.MessageService,com.whatsapp,10110,13544,67811,[STARTED],false,true,1,1,57511622,
1431934911820,com.android.bluetooth.hid.HidService,com.android.bluetooth,1002,0,49150,[],false,true,0,0,49160,
1431934911820,com.cleanmaster.service.PermanentService,com.cleanmaster.mguard:service,10138,1271,94138,[STARTED],false,true,1,1,58360642,
1431934911820,com.google.android.music.dial.DialMediaRouteProviderService,com.google.android.music:main,10073,0,57202,[],false,true,0,0,57212,
1431934911820,ch.unige.css.services.PingService,ch.unige.ping,10149,1632,58657688,[STARTED],false,true,0,0,58657698,
1431934911820,com.google.android.search.core.service.BroadcastListenerService,com.google.android.googlequicksearchbox:search,10026,2776,75471,[STARTED],false,true,0,0,28007607,
1431934911820,com.android.systemui.keyguard.KeyguardService,com.android.systemui,10014,930,44352,[PERSISTENT],false,false,2,2,68066,
1431934911820,openiab.StoreService,cm.aptoide.pt,10148,0,54787,[],false,true,0,0,54797,
1431934911820,ch.unige.css.services.main.CssRegistryService,ch.unige.ping:background,10149,7656,58354187,[STARTED],false,true,0,0,58354197,
1431934911820,org.cyanogenmod.audiofx.HeadsetService,org.cyanogenmod.audiofx,10000,1289,67364,"[PERSISTENT,STARTED]",false,true,0,0,67374,
1431934911820,com.whatsapp.messaging.MessageService,com.whatsapp,10110,13544,67811,[STARTED],false,true,1,1,57511622,
1431934971909,com.android.bluetooth.hid.HidService,com.android.bluetooth,1002,0,49150,[],false,true,0,0,49160,
1431934971909,com.cleanmaster.service.PermanentService,com.cleanmaster.mguard:service,10138,1271,94138,[STARTED],false,true,1,1,58667435,
1431934971909,com.google.android.music.dial.DialMediaRouteProviderService,com.google.android.music:main,10073,0,57202,[],false,true,0,0,57212,
1431934971909,ch.unige.css.services.PingService,ch.unige.ping,10149,1632,58717749,[STARTED],false,true,0,0,58717759,
1431934971909,com.google.android.search.core.service.BroadcastListenerService,com.google.android.googlequicksearchbox:search,10026,2776,75471,[STARTED],false,true,0,0,28007607,
1431934971909,com.android.systemui.keyguard.KeyguardService,com.android.systemui,10014,930,44352,[PERSISTENT],false,false,2,2,68066,
1431934971909,openiab.StoreService,cm.aptoide.pt,10148,0,54787,[],false,true,0,0,54797,
1431934971909,ch.unige.css.services.main.CssRegistryService,ch.unige.ping:background,10149,7656,58354187,[STARTED],false,true,0,0,58354197,
1431934971909,org.cyanogenmod.audiofx.HeadsetService,org.cyanogenmod.audiofx,10000,1289,67364,"[PERSISTENT,STARTED]",false,true,0,0,67374,
1431934971909,com.whatsapp.messaging.MessageService,com.whatsapp,10110,13544,67811,[STARTED],false,true,1,1,57511622,
1431935032215,com.android.bluetooth.hid.HidService,com.android.bluetooth,1002,0,49150,[],false,true,0,0,49160,
1431935032215,com.cleanmaster.service.PermanentService,com.cleanmaster.mguard:service,10138,1271,94138,[STARTED],false,true,1,1,58667435,
1431935032215,com.google.android.music.dial.DialMediaRouteProviderService,com.google.android.music:main,10073,0,57202,[],false,true,0,0,57212,
1431935032215,ch.unige.css.services.PingService,ch.unige.ping,10149,1632,58778073,[STARTED],false,true,0,0,58778083,
1431935032215,com.google.android.search.core.service.BroadcastListenerService,com.google.android.googlequicksearchbox:search,10026,2776,75471,[STARTED],false,true,0,0,28007607,
1431935032215,com.android.systemui.keyguard.KeyguardService,com.android.systemui,10014,930,44352,[PERSISTENT],false,false,2,2,68066,
1431935032215,openiab.StoreService,cm.aptoide.pt,10148,0,54787,[],false,true,0,0,54797,
1431935032215,ch.unige.css.services.main.CssRegistryService,ch.unige.ping:background,10149,7656,58354187,[STARTED],false,true,0,0,58354197,
1431935032215,org.cyanogenmod.audiofx.HeadsetService,org.cyanogenmod.audiofx,10000,1289,67364,"[PERSISTENT,STARTED]",false,true,0,0,67374,
1431935032215,com.whatsapp.messaging.MessageService,com.whatsapp,10110,13544,67811,[STARTED],false,true,1,1,57511622,
1431935092461,com.android.bluetooth.hid.HidService,com.android.bluetooth,1002,0,49150,[],false,true,0,0,49160,
1431935092461,com.cleanmaster.service.PermanentService,com.cleanmaster.mguard:service,10138,1271,94138,[STARTED],false,true,1,1,58667435,
1431935092461,com.google.android.music.dial.DialMediaRouteProviderService,com.google.android.music:main,10073,0,57202,[],false,true,0,0,57212,
1431935092461,ch.unige.css.services.PingService,ch.unige.ping,10149,1632,58838316,[STARTED],false,true,0,0,58838326,
1431935092461,com.google.android.search.core.service.BroadcastListenerService,com.google.android.googlequicksearchbox:search,10026,2776,75471,[STARTED],false,true,0,0,28007607,
1431935092461,com.android.systemui.keyguard.KeyguardService,com.android.systemui,10014,930,44352,[PERSISTENT],false,false,2,2,68066,
1431935092461,openiab.StoreService,cm.aptoide.pt,10148,0,54787,[],false,true,0,0,54797,
1431935092461,ch.unige.css.services.main.CssRegistryService,ch.unige.ping:background,10149,7656,58354187,[STARTED],false,true,0,0,58354197,
1431935092461,org.cyanogenmod.audiofx.HeadsetService,org.cyanogenmod.audiofx,10000,1289,67364,"[PERSISTENT,STARTED]",false,true,0,0,67374,
1431935092461,com.whatsapp.messaging.MessageService,com.whatsapp,10110,13544,67811,[STARTED],false,true,1,1,57511622,
1431935152744,com.android.bluetooth.hid.HidService,com.android.bluetooth,1002,0,49150,[],false,true,0,0,49160,
1431935152744,com.cleanmaster.service.PermanentService,com.cleanmaster.mguard:service,10138,1271,94138,[STARTED],false,true,1,1,58667435,
1431935152744,com.google.android.music.dial.DialMediaRouteProviderService,com.google.android.music:main,10073,0,57202,[],false,true,0,0,57212,
1431935152744,ch.unige.css.services.PingService,ch.unige.ping,10149,1632,58898602,[STARTED],false,true,0,0,58898612,
1431935152744,com.google.android.search.core.service.BroadcastListenerService,com.google.android.googlequicksearchbox:search,10026,2776,75471,[STARTED],false,true,0,0,28007607,
1431935152744,com.android.systemui.keyguard.KeyguardService,com.android.systemui,10014,930,44352,[PERSISTENT],false,false,2,2,68066,
1431935152744,openiab.StoreService,cm.aptoide.pt,10148,0,54787,[],false,true,0,0,54797,
1431935152744,ch.unige.css.services.main.CssRegistryService,ch.unige.ping:background,10149,7656,58354187,[STARTED],false,true,0,0,58354197,
1431935152744,org.cyanogenmod.audiofx.HeadsetService,org.cyanogenmod.audiofx,10000,1289,67364,"[PERSISTENT,STARTED]",false,true,0,0,67374,
1431935152744,com.whatsapp.messaging.MessageService,com.whatsapp,10110,13544,67811,[STARTED],false,true,1,1,58876100,
1431935212972,com.android.bluetooth.hid.HidService,com.android.bluetooth,1002,0,49150,[],false,true,0,0,49160,
1431935212972,com.cleanmaster.service.PermanentService,com.cleanmaster.mguard:service,10138,1271,94138,[STARTED],false,true,1,1,58667435,
1431935212972,com.google.android.music.dial.DialMediaRouteProviderService,com.google.android.music:main,10073,0,57202,[],false,true,0,0,57212,
1431935212972,ch.unige.css.services.PingService,ch.unige.ping,10149,1632,58958824,[STARTED],false,true,0,0,58958834,
1431935212972,com.google.android.search.core.service.BroadcastListenerService,com.google.android.googlequicksearchbox:search,10026,2776,75471,[STARTED],false,true,0,0,28007607,
1431935212972,com.android.systemui.keyguard.KeyguardService,com.android.systemui,10014,930,44352,[PERSISTENT],false,false,2,2,68066,
1431935212972,openiab.StoreService,cm.aptoide.pt,10148,0,54787,[],false,true,0,0,54797,
1431935212972,ch.unige.css.services.main.CssRegistryService,ch.unige.ping:background,10149,7656,58354187,[STARTED],false,true,0,0,58354197,
1431935212972,org.cyanogenmod.audiofx.HeadsetService,org.cyanogenmod.audiofx,10000,1289,67364,"[PERSISTENT,STARTED]",false,true,0,0,67374,
1431935212972,com.whatsapp.messaging.MessageService,com.whatsapp,10110,13544,67811,[STARTED],false,true,1,1,58876100,
1431935273046,com.android.bluetooth.hid.HidService,com.android.bluetooth,1002,0,49150,[],false,true,0,0,49160,
1431935273046,com.cleanmaster.service.PermanentService,com.cleanmaster.mguard:service,10138,1271,94138,[STARTED],false,true,1,1,58667435,
1431935273046,com.google.android.music.dial.DialMediaRouteProviderService,com.google.android.music:main,10073,0,57202,[],false,true,0,0,57212,
1431935273046,ch.unige.css.services.PingService,ch.unige.ping,10149,1632,59018899,[STARTED],false,true,0,0,59018909,
1431935273046,com.google.android.search.core.service.BroadcastListenerService,com.google.android.googlequicksearchbox:search,10026,2776,75471,[STARTED],false,true,0,0,28007607,
1431935273046,com.android.systemui.keyguard.KeyguardService,com.android.systemui,10014,930,44352,[PERSISTENT],false,false,2,2,68066,
1431935273046,openiab.StoreService,cm.aptoide.pt,10148,0,54787,[],false,true,0,0,54797,
1431935273046,ch.unige.css.services.main.CssRegistryService,ch.unige.ping:background,10149,7656,58354187,[STARTED],false,true,0,0,58354197,
1431935273046,org.cyanogenmod.audiofx.HeadsetService,org.cyanogenmod.audiofx,10000,1289,67364,"[PERSISTENT,STARTED]",false,true,0,0,67374,
1431935273046,com.whatsapp.messaging.MessageService,com.whatsapp,10110,13544,67811,[STARTED],false,true,1,1,58876100,
1431935333035,com.android.bluetooth.hid.HidService,com.android.bluetooth,1002,0,49150,[],false,true,0,0,49160,
1431935333035,com.cleanmaster.service.PermanentService,com.cleanmaster.mguard:service,10138,1271,94138,[STARTED],false,true,1,1,58667435,
1431935333035,com.google.android.music.dial.DialMediaRouteProviderService,com.google.android.music:main,10073,0,57202,[],false,true,0,0,57212,
1431935333035,ch.unige.css.services.PingService,ch.unige.ping,10149,1632,59078912,[STARTED],false,true,0,0,59078922,
1431935333035,com.google.android.search.core.service.BroadcastListenerService,com.google.android.googlequicksearchbox:search,10026,2776,75471,[STARTED],false,true,0,0,28007607,
1431935333035,com.android.systemui.keyguard.KeyguardService,com.android.systemui,10014,930,44352,[PERSISTENT],false,false,2,2,68066,
1431935333035,openiab.StoreService,cm.aptoide.pt,10148,0,54787,[],false,true,0,0,54797,
1431935333035,ch.unige.css.services.main.CssRegistryService,ch.unige.ping:background,10149,7656,58354187,[STARTED],false,true,0,0,58354197,
1431935333035,org.cyanogenmod.audiofx.HeadsetService,org.cyanogenmod.audiofx,10000,1289,67364,"[PERSISTENT,STARTED]",false,true,0,0,67374,
1431935333035,com.whatsapp.messaging.MessageService,com.whatsapp,10110,13544,67811,[STARTED],false,true,1,1,59063206,
1431935395350,com.android.bluetooth.hid.HidService,com.android.bluetooth,1002,0,49150,[],false,true,0,0,49160,
1431935395350,com.cleanmaster.service.PermanentService,com.cleanmaster.mguard:service,10138,1271,94138,[STARTED],false,true,1,1,58667435,
1431935395350,com.google.android.music.dial.DialMediaRouteProviderService,com.google.android.music:main,10073,0,57202,[],false,true,0,0,57212,
1431935395350,ch.unige.css.services.PingService,ch.unige.ping,10149,1632,59141106,[STARTED],false,true,0,0,59141116,
1431935395350,com.google.android.search.core.service.BroadcastListenerService,com.google.android.googlequicksearchbox:search,10026,2776,75471,[STARTED],false,true,0,0,28007607,
1431935395350,com.android.systemui.keyguard.KeyguardService,com.android.systemui,10014,930,44352,[PERSISTENT],false,false,2,2,68066,
1431935395350,openiab.StoreService,cm.aptoide.pt,10148,0,54787,[],false,true,0,0,54797,
1431935395350,ch.unige.css.services.main.CssRegistryService,ch.unige.ping:background,10149,7656,58354187,[STARTED],false,true,0,0,58354197,
1431935395350,org.cyanogenmod.audiofx.HeadsetService,org.cyanogenmod.audiofx,10000,1289,67364,"[PERSISTENT,STARTED]",false,true,0,0,67374,
1431935395350,com.whatsapp.messaging.MessageService,com.whatsapp,10110,13544,67811,[STARTED],false,true,1,1,59124351,
1431935455381,com.android.bluetooth.hid.HidService,com.android.bluetooth,1002,0,49150,[],false,true,0,0,49160,
1431935455381,com.cleanmaster.service.PermanentService,com.cleanmaster.mguard:service,10138,1271,94138,[STARTED],false,true,1,1,58667435,
1431935455381,com.google.android.music.dial.DialMediaRouteProviderService,com.google.android.music:main,10073,0,57202,[],false,true,0,0,57212,
1431935455381,ch.unige.css.services.PingService,ch.unige.ping,10149,1632,59201255,[STARTED],false,true,0,0,59201264,
1431935455381,com.google.android.search.core.service.BroadcastListenerService,com.google.android.googlequicksearchbox:search,10026,2776,75471,[STARTED],false,true,0,0,28007607,
1431935455381,com.android.systemui.keyguard.KeyguardService,com.android.systemui,10014,930,44352,[PERSISTENT],false,false,2,2,68066,
1431935455381,openiab.StoreService,cm.aptoide.pt,10148,0,54787,[],false,true,0,0,54797,
1431935455381,ch.unige.css.services.main.CssRegistryService,ch.unige.ping:background,10149,7656,58354187,[STARTED],false,true,0,0,58354197,
1431935455381,org.cyanogenmod.audiofx.HeadsetService,org.cyanogenmod.audiofx,10000,1289,67364,"[PERSISTENT,STARTED]",false,true,0,0,67374,
1431935455381,com.whatsapp.messaging.MessageService,com.whatsapp,10110,13544,67811,[STARTED],false,true,1,1,59124351,
1431935515584,com.android.bluetooth.hid.HidService,com.android.bluetooth,1002,0,49150,[],false,true,0,0,49160,
1431935515584,com.cleanmaster.service.PermanentService,com.cleanmaster.mguard:service,10138,1271,94138,[STARTED],false,true,1,1,58667435,
1431935515584,com.google.android.music.dial.DialMediaRouteProviderService,com.google.android.music:main,10073,0,57202,[],false,true,0,0,57212,
1431935515584,ch.unige.css.services.PingService,ch.unige.ping,10149,1632,59261329,[STARTED],false,true,0,0,59261339,
1431935515584,com.google.android.search.core.service.BroadcastListenerService,com.google.android.googlequicksearchbox:search,10026,2776,75471,[STARTED],false,true,0,0,28007607,
1431935515584,com.android.systemui.keyguard.KeyguardService,com.android.systemui,10014,930,44352,[PERSISTENT],false,false,2,2,68066,
1431935515584,openiab.StoreService,cm.aptoide.pt,10148,0,54787,[],false,true,0,0,54797,
1431935515584,ch.unige.css.services.main.CssRegistryService,ch.unige.ping:background,10149,7656,58354187,[STARTED],false,true,0,0,58354197,
1431935515584,org.cyanogenmod.audiofx.HeadsetService,org.cyanogenmod.audiofx,10000,1289,67364,"[PERSISTENT,STARTED]",false,true,0,0,67374,
1431935515584,com.whatsapp.messaging.MessageService,com.whatsapp,10110,13544,67811,[STARTED],false,true,1,1,59254422,
1431935576571,com.android.bluetooth.hid.HidService,com.android.bluetooth,1002,0,49150,[],false,true,0,0,49160,
1431935576571,com.cleanmaster.service.PermanentService,com.cleanmaster.mguard:service,10138,1271,94138,[STARTED],false,true,1,1,58667435,
1431935576571,com.google.android.music.dial.DialMediaRouteProviderService,com.google.android.music:main,10073,0,57202,[],false,true,0,0,57212,
1431935576571,ch.unige.css.services.PingService,ch.unige.ping,10149,1632,59322427,[STARTED],false,true,0,0,59322437,
1431935576571,com.google.android.search.core.service.BroadcastListenerService,com.google.android.googlequicksearchbox:search,10026,2776,75471,[STARTED],false,true,0,0,28007607,
1431935576571,com.android.systemui.keyguard.KeyguardService,com.android.systemui,10014,930,44352,[PERSISTENT],false,false,2,2,68066,
1431935576571,openiab.StoreService,cm.aptoide.pt,10148,0,54787,[],false,true,0,0,54797,
1431935576571,ch.unige.css.services.main.CssRegistryService,ch.unige.ping:background,10149,7656,58354187,[STARTED],false,true,0,0,58354197,
1431935576571,org.cyanogenmod.audiofx.HeadsetService,org.cyanogenmod.audiofx,10000,1289,67364,"[PERSISTENT,STARTED]",false,true,0,0,67374,
1431935576571,com.whatsapp.messaging.MessageService,com.whatsapp,10110,13544,67811,[STARTED],false,true,1,1,59265733,
1431935636681,com.android.bluetooth.hid.HidService,com.android.bluetooth,1002,0,49150,[],false,true,0,0,49160,
1431935636681,com.cleanmaster.service.PermanentService,com.cleanmaster.mguard:service,10138,1271,94138,[STARTED],false,true,1,1,58667435,
1431935636681,com.google.android.music.dial.DialMediaRouteProviderService,com.google.android.music:main,10073,0,57202,[],false,true,0,0,57212,
1431935636681,ch.unige.css.services.PingService,ch.unige.ping,10149,1632,59382527,[STARTED],false,true,0,0,59382537,
1431935636681,com.google.android.search.core.service.BroadcastListenerService,com.google.android.googlequicksearchbox:search,10026,2776,75471,[STARTED],false,true,0,0,28007607,
1431935636681,com.android.systemui.keyguard.KeyguardService,com.android.systemui,10014,930,44352,[PERSISTENT],false,false,2,2,68066,
1431935636681,openiab.StoreService,cm.aptoide.pt,10148,0,54787,[],false,true,0,0,54797,
1431935636681,ch.unige.css.services.main.CssRegistryService,ch.unige.ping:background,10149,7656,58354187,[STARTED],false,true,0,0,58354197,
1431935636681,org.cyanogenmod.audiofx.HeadsetService,org.cyanogenmod.audiofx,10000,1289,67364,"[PERSISTENT,STARTED]",false,true,0,0,67374,
1431935636681,com.whatsapp.messaging.MessageService,com.whatsapp,10110,13544,67811,[STARTED],false,true,1,1,59354162,
1431935696767,com.android.bluetooth.hid.HidService,com.android.bluetooth,1002,0,49150,[],false,true,0,0,49160,
1431935696767,com.cleanmaster.service.PermanentService,com.cleanmaster.mguard:service,10138,1271,94138,[STARTED],false,true,1,1,58667435,
1431935696767,com.google.android.music.dial.DialMediaRouteProviderService,com.google.android.music:main,10073,0,57202,[],false,true,0,0,57212,
1431935696767,ch.unige.css.services.PingService,ch.unige.ping,10149,1632,59442612,[STARTED],false,true,0,0,59442622,
1431935696767,com.google.android.search.core.service.BroadcastListenerService,com.google.android.googlequicksearchbox:search,10026,2776,75471,[STARTED],false,true,0,0,28007607,
1431935696767,com.android.systemui.keyguard.KeyguardService,com.android.systemui,10014,930,44352,[PERSISTENT],false,false,2,2,68066,
1431935696767,openiab.StoreService,cm.aptoide.pt,10148,0,54787,[],false,true,0,0,54797,
1431935696767,ch.unige.css.services.main.CssRegistryService,ch.unige.ping:background,10149,7656,58354187,[STARTED],false,true,0,0,58354197,
1431935696767,org.cyanogenmod.audiofx.HeadsetService,org.cyanogenmod.audiofx,10000,1289,67364,"[PERSISTENT,STARTED]",false,true,0,0,67374,
1431935696767,com.whatsapp.messaging.MessageService,com.whatsapp,10110,13544,67811,[STARTED],false,true,1,1,59433939,
1431935757890,com.android.bluetooth.hid.HidService,com.android.bluetooth,1002,0,49150,[],false,true,0,0,49160,
1431935757890,com.cleanmaster.service.PermanentService,com.cleanmaster.mguard:service,10138,1271,94138,[STARTED],false,true,1,1,58667435,
1431935757890,com.google.android.music.dial.DialMediaRouteProviderService,com.google.android.music:main,10073,0,57202,[],false,true,0,0,57212,
1431935757890,ch.unige.css.services.PingService,ch.unige.ping,10149,1632,59503746,[STARTED],false,true,0,0,59503756,
1431935757890,com.google.android.search.core.service.BroadcastListenerService,com.google.android.googlequicksearchbox:search,10026,2776,75471,[STARTED],false,true,0,0,28007607,
1431935757890,com.android.systemui.keyguard.KeyguardService,com.android.systemui,10014,930,44352,[PERSISTENT],false,false,2,2,68066,
1431935757890,openiab.StoreService,cm.aptoide.pt,10148,0,54787,[],false,true,0,0,54797,
1431935757890,ch.unige.css.services.main.CssRegistryService,ch.unige.ping:background,10149,7656,58354187,[STARTED],false,true,0,0,58354197,
1431935757890,com.google.android.finsky.billing.iab.InAppBillingService,com.android.vending,10024,30335,59444293,[],false,true,1,1,59444303,
1431935757890,org.cyanogenmod.audiofx.HeadsetService,org.cyanogenmod.audiofx,10000,1289,67364,"[PERSISTENT,STARTED]",false,true,0,0,67374,
1431935817983,com.android.bluetooth.hid.HidService,com.android.bluetooth,1002,0,49150,[],false,true,0,0,49160,
1431935817983,com.cleanmaster.service.PermanentService,com.cleanmaster.mguard:service,10138,1271,94138,[STARTED],false,true,1,1,58667435,
1431935817983,com.google.android.music.dial.DialMediaRouteProviderService,com.google.android.music:main,10073,0,57202,[],false,true,0,0,57212,
1431935817983,ch.unige.css.services.PingService,ch.unige.ping,10149,1632,59563830,[STARTED],false,true,0,0,59563840,
1431935817983,com.google.android.search.core.service.BroadcastListenerService,com.google.android.googlequicksearchbox:search,10026,2776,75471,[STARTED],false,true,0,0,28007607,
1431935817983,com.android.systemui.keyguard.KeyguardService,com.android.systemui,10014,930,44352,[PERSISTENT],false,false,2,2,68066,
1431935817983,openiab.StoreService,cm.aptoide.pt,10148,0,54787,[],false,true,0,0,54797,
1431935817983,ch.unige.css.services.main.CssRegistryService,ch.unige.ping:background,10149,7656,58354187,[STARTED],false,true,0,0,58354197,
1431935817983,com.google.android.finsky.billing.iab.InAppBillingService,com.android.vending,10024,30335,59444293,[],false,true,1,1,59444303,
1431935817983,org.cyanogenmod.audiofx.HeadsetService,org.cyanogenmod.audiofx,10000,1289,67364,"[PERSISTENT,STARTED]",false,true,0,0,67374,
1431935878055,com.android.bluetooth.hid.HidService,com.android.bluetooth,1002,0,49150,[],false,true,0,0,49160,
1431935878055,com.cleanmaster.service.PermanentService,com.cleanmaster.mguard:service,10138,1271,94138,[STARTED],false,true,1,1,58667435,
1431935878055,com.google.android.music.dial.DialMediaRouteProviderService,com.google.android.music:main,10073,0,57202,[],false,true,0,0,57212,
1431935878055,ch.unige.css.services.PingService,ch.unige.ping,10149,1632,59623914,[STARTED],false,true,0,0,59623924,
1431935878055,com.google.android.search.core.service.BroadcastListenerService,com.google.android.googlequicksearchbox:search,10026,2776,75471,[STARTED],false,true,0,0,28007607,
1431935878055,com.android.systemui.keyguard.KeyguardService,com.android.systemui,10014,930,44352,[PERSISTENT],false,false,2,2,68066,
1431935878055,openiab.StoreService,cm.aptoide.pt,10148,0,54787,[],false,true,0,0,54797,
1431935878055,ch.unige.css.services.main.CssRegistryService,ch.unige.ping:background,10149,7656,58354187,[STARTED],false,true,0,0,58354197,
1431935878055,org.cyanogenmod.audiofx.HeadsetService,org.cyanogenmod.audiofx,10000,1289,67364,"[PERSISTENT,STARTED]",false,true,0,0,67374,
1431935878055,com.whatsapp.messaging.MessageService,com.whatsapp,10110,13544,67811,[STARTED],false,true,1,1,59577621,
1431935938751,com.android.bluetooth.hid.HidService,com.android.bluetooth,1002,0,49150,[],false,true,0,0,49160,
1431935938751,com.cleanmaster.service.PermanentService,com.cleanmaster.mguard:service,10138,1271,94138,[STARTED],false,true,1,1,58667435,
1431935938751,com.google.android.music.dial.DialMediaRouteProviderService,com.google.android.music:main,10073,0,57202,[],false,true,0,0,57212,
1431935938751,ch.unige.css.services.PingService,ch.unige.ping,10149,1632,59684597,[STARTED],false,true,0,0,59684607,
1431935938751,com.google.android.search.core.service.BroadcastListenerService,com.google.android.googlequicksearchbox:search,10026,2776,75471,[STARTED],false,true,0,0,28007607,
1431935938751,com.android.systemui.keyguard.KeyguardService,com.android.systemui,10014,930,44352,[PERSISTENT],false,false,2,2,68066,
1431935938751,openiab.StoreService,cm.aptoide.pt,10148,0,54787,[],false,true,0,0,54797,
1431935938751,ch.unige.css.services.main.CssRegistryService,ch.unige.ping:background,10149,7656,58354187,[STARTED],false,true,0,0,58354197,
1431935938751,org.cyanogenmod.audiofx.HeadsetService,org.cyanogenmod.audiofx,10000,1289,67364,"[PERSISTENT,STARTED]",false,true,0,0,67374,
1431935938751,com.whatsapp.messaging.MessageService,com.whatsapp,10110,13544,67811,[STARTED],false,true,1,1,59577621,
1431935998892,com.android.bluetooth.hid.HidService,com.android.bluetooth,1002,0,49150,[],false,true,0,0,49160,
1431935998892,com.cleanmaster.service.PermanentService,com.cleanmaster.mguard:service,10138,1271,94138,[STARTED],false,true,1,1,58667435,
1431935998892,com.google.android.music.dial.DialMediaRouteProviderService,com.google.android.music:main,10073,0,57202,[],false,true,0,0,57212,
1431935998892,ch.unige.css.services.PingService,ch.unige.ping,10149,1632,59744719,[STARTED],false,true,0,0,59744729,
1431935998892,com.google.android.search.core.service.BroadcastListenerService,com.google.android.googlequicksearchbox:search,10026,2776,75471,[STARTED],false,true,0,0,28007607,
1431935998892,com.android.systemui.keyguard.KeyguardService,com.android.systemui,10014,930,44352,[PERSISTENT],false,false,2,2,68066,
1431935998892,openiab.StoreService,cm.aptoide.pt,10148,0,54787,[],false,true,0,0,54797,
1431935998892,ch.unige.css.services.main.CssRegistryService,ch.unige.ping:background,10149,7656,58354187,[STARTED],false,true,0,0,58354197,
1431935998892,org.cyanogenmod.audiofx.HeadsetService,org.cyanogenmod.audiofx,10000,1289,67364,"[PERSISTENT,STARTED]",false,true,0,0,67374,
1431935998892,com.whatsapp.messaging.MessageService,com.whatsapp,10110,13544,67811,[STARTED],false,true,1,1,59720125,
1431936058905,com.android.bluetooth.hid.HidService,com.android.bluetooth,1002,0,49150,[],false,true,0,0,49160,
1431936058905,com.cleanmaster.service.PermanentService,com.cleanmaster.mguard:service,10138,1271,94138,[STARTED],false,true,1,1,58667435,
1431936058905,com.google.android.music.dial.DialMediaRouteProviderService,com.google.android.music:main,10073,0,57202,[],false,true,0,0,57212,
1431936058905,ch.unige.css.services.PingService,ch.unige.ping,10149,1632,59804767,[STARTED],false,true,0,0,59804777,
1431936058905,com.google.android.search.core.service.BroadcastListenerService,com.google.android.googlequicksearchbox:search,10026,2776,75471,[STARTED],false,true,0,0,28007607,
1431936058905,com.android.systemui.keyguard.KeyguardService,com.android.systemui,10014,930,44352,[PERSISTENT],false,false,2,2,68066,
1431936058905,openiab.StoreService,cm.aptoide.pt,10148,0,54787,[],false,true,0,0,54797,
1431936058905,ch.unige.css.services.main.CssRegistryService,ch.unige.ping:background,10149,7656,58354187,[STARTED],false,true,0,0,58354197,
1431936058905,org.cyanogenmod.audiofx.HeadsetService,org.cyanogenmod.audiofx,10000,1289,67364,"[PERSISTENT,STARTED]",false,true,0,0,67374,
1431936058905,com.whatsapp.messaging.MessageService,com.whatsapp,10110,13544,67811,[STARTED],false,true,1,1,59778027,
1431936120408,com.android.bluetooth.hid.HidService,com.android.bluetooth,1002,0,49150,[],false,true,0,0,49160,
1431936120408,com.cleanmaster.service.PermanentService,com.cleanmaster.mguard:service,10138,1271,94138,[STARTED],false,true,1,1,58667435,
1431936120408,com.google.android.music.dial.DialMediaRouteProviderService,com.google.android.music:main,10073,0,57202,[],false,true,0,0,57212,
1431936120408,ch.unige.css.services.PingService,ch.unige.ping,10149,1632,59866256,[STARTED],false,true,0,0,59866266,
1431936120408,com.google.android.search.core.service.BroadcastListenerService,com.google.android.googlequicksearchbox:search,10026,2776,75471,[STARTED],false,true,0,0,28007607,
1431936120408,com.android.systemui.keyguard.KeyguardService,com.android.systemui,10014,930,44352,[PERSISTENT],false,false,2,2,68066,
1431936120408,openiab.StoreService,cm.aptoide.pt,10148,0,54787,[],false,true,0,0,54797,
1431936120408,ch.unige.css.services.main.CssRegistryService,ch.unige.ping:background,10149,7656,58354187,[STARTED],false,true,0,0,58354197,
1431936120408,org.cyanogenmod.audiofx.HeadsetService,org.cyanogenmod.audiofx,10000,1289,67364,"[PERSISTENT,STARTED]",false,true,0,0,67374,
1431936120408,com.whatsapp.messaging.MessageService,com.whatsapp,10110,13544,67811,[STARTED],false,true,1,1,59812775,
1431936182723,com.android.bluetooth.hid.HidService,com.android.bluetooth,1002,0,49150,[],false,true,0,0,49160,
1431936182723,com.cleanmaster.service.PermanentService,com.cleanmaster.mguard:service,10138,1271,94138,[STARTED],false,true,1,1,58667435,
1431936182723,com.google.android.music.dial.DialMediaRouteProviderService,com.google.android.music:main,10073,0,57202,[],false,true,0,0,57212,
1431936182723,ch.unige.css.services.PingService,ch.unige.ping,10149,1632,59928555,[STARTED],false,true,0,0,59928565,
1431936182723,com.google.android.search.core.service.BroadcastListenerService,com.google.android.googlequicksearchbox:search,10026,2776,75471,[STARTED],false,true,0,0,28007607,
1431936182723,com.android.systemui.keyguard.KeyguardService,com.android.systemui,10014,930,44352,[PERSISTENT],false,false,2,2,68066,
1431936182723,openiab.StoreService,cm.aptoide.pt,10148,0,54787,[],false,true,0,0,54797,
1431936182723,ch.unige.css.services.main.CssRegistryService,ch.unige.ping:background,10149,7656,58354187,[STARTED],false,true,0,0,58354197,
1431936182723,org.cyanogenmod.audiofx.HeadsetService,org.cyanogenmod.audiofx,10000,1289,67364,"[PERSISTENT,STARTED]",false,true,0,0,67374,
1431936182723,com.whatsapp.messaging.MessageService,com.whatsapp,10110,13544,67811,[STARTED],false,true,1,1,59812775,
1431936242907,com.android.bluetooth.hid.HidService,com.android.bluetooth,1002,0,49150,[],false,true,0,0,49160,
1431936242907,com.cleanmaster.service.PermanentService,com.cleanmaster.mguard:service,10138,1271,94138,[STARTED],false,true,1,1,58667435,
1431936242907,com.google.android.music.dial.DialMediaRouteProviderService,com.google.android.music:main,10073,0,57202,[],false,true,0,0,57212,
1431936242907,ch.unige.css.services.PingService,ch.unige.ping,10149,1632,59988785,[STARTED],false,true,0,0,59988795,
1431936242907,com.google.android.search.core.service.BroadcastListenerService,com.google.android.googlequicksearchbox:search,10026,2776,75471,[STARTED],false,true,0,0,28007607,
1431936242907,com.android.systemui.keyguard.KeyguardService,com.android.systemui,10014,930,44352,[PERSISTENT],false,false,2,2,68066,
1431936242907,openiab.StoreService,cm.aptoide.pt,10148,0,54787,[],false,true,0,0,54797,
1431936242907,ch.unige.css.services.main.CssRegistryService,ch.unige.ping:background,10149,7656,58354187,[STARTED],false,true,0,0,58354197,
1431936242907,org.cyanogenmod.audiofx.HeadsetService,org.cyanogenmod.audiofx,10000,1289,67364,"[PERSISTENT,STARTED]",false,true,0,0,67374,
1431936242907,com.whatsapp.messaging.MessageService,com.whatsapp,10110,13544,67811,[STARTED],false,true,1,1,59812775,
1431936303031,com.android.bluetooth.hid.HidService,com.android.bluetooth,1002,0,49150,[],false,true,0,0,49160,
1431936303031,com.cleanmaster.service.PermanentService,com.cleanmaster.mguard:service,10138,1271,94138,[STARTED],false,true,1,1,58667435,
1431936303031,com.google.android.music.dial.DialMediaRouteProviderService,com.google.android.music:main,10073,0,57202,[],false,true,0,0,57212,
1431936303031,ch.unige.css.services.PingService,ch.unige.ping,10149,1632,60048877,[STARTED],false,true,0,0,60048887,
1431936303031,com.google.android.search.core.service.BroadcastListenerService,com.google.android.googlequicksearchbox:search,10026,2776,75471,[STARTED],false,true,0,0,28007607,
1431936303031,com.android.systemui.keyguard.KeyguardService,com.android.systemui,10014,930,44352,[PERSISTENT],false,false,2,2,68066,
1431936303031,openiab.StoreService,cm.aptoide.pt,10148,0,54787,[],false,true,0,0,54797,
1431936303031,ch.unige.css.services.main.CssRegistryService,ch.unige.ping:background,10149,7656,58354187,[STARTED],false,true,0,0,58354197,
1431936303031,org.cyanogenmod.audiofx.HeadsetService,org.cyanogenmod.audiofx,10000,1289,67364,"[PERSISTENT,STARTED]",false,true,0,0,67374,
1431936303031,com.whatsapp.messaging.MessageService,com.whatsapp,10110,13544,67811,[STARTED],false,true,1,1,59812775,
1431936363041,com.android.bluetooth.hid.HidService,com.android.bluetooth,1002,0,49150,[],false,true,0,0,49160,
1431936363041,com.cleanmaster.service.PermanentService,com.cleanmaster.mguard:service,10138,1271,94138,[STARTED],false,true,1,1,58667435,
1431936363041,com.google.android.music.dial.DialMediaRouteProviderService,com.google.android.music:main,10073,0,57202,[],false,true,0,0,57212,
1431936363041,ch.unige.css.services.PingService,ch.unige.ping,10149,1632,60108908,[STARTED],false,true,0,0,60108917,
1431936363041,com.google.android.search.core.service.BroadcastListenerService,com.google.android.googlequicksearchbox:search,10026,2776,75471,[STARTED],false,true,0,0,28007607,
1431936363041,com.android.systemui.keyguard.KeyguardService,com.android.systemui,10014,930,44352,[PERSISTENT],false,false,2,2,68066,
1431936363041,openiab.StoreService,cm.aptoide.pt,10148,0,54787,[],false,true,0,0,54797,
1431936363041,ch.unige.css.services.main.CssRegistryService,ch.unige.ping:background,10149,7656,58354187,[STARTED],false,true,0,0,58354197,
1431936363041,org.cyanogenmod.audiofx.HeadsetService,org.cyanogenmod.audiofx,10000,1289,67364,"[PERSISTENT,STARTED]",false,true,0,0,67374,
1431936363041,com.whatsapp.messaging.MessageService,com.whatsapp,10110,13544,67811,[STARTED],false,true,1,1,59812775,
1431936425700,com.android.bluetooth.hid.HidService,com.android.bluetooth,1002,0,49150,[],false,true,0,0,49160,
1431936425700,com.cleanmaster.service.PermanentService,com.cleanmaster.mguard:service,10138,1271,94138,[STARTED],false,true,2,2,60164309,
1431936425700,com.google.android.music.dial.DialMediaRouteProviderService,com.google.android.music:main,10073,0,57202,[],false,true,0,0,57212,
1431936425700,ch.unige.css.services.PingService,ch.unige.ping,10149,1632,60171349,[STARTED],false,true,0,0,60171359,
1431936425700,com.google.android.search.core.service.BroadcastListenerService,com.google.android.googlequicksearchbox:search,10026,0,75471,[STARTED],false,true,0,0,28007607,
1431936425700,com.cleanmaster.service.BgScanService,com.cleanmaster.mguard:bg.scan,10138,31719,60163965,[STARTED],false,true,0,0,60164046,
1431936425700,com.android.systemui.keyguard.KeyguardService,com.android.systemui,10014,930,44352,[PERSISTENT],false,false,2,2,68066,
1431936425700,openiab.StoreService,cm.aptoide.pt,10148,0,54787,[],false,true,0,0,54797,
1431936425700,ch.unige.css.services.main.CssRegistryService,ch.unige.ping:background,10149,31837,60171236,[STARTED],false,true,0,0,60171508,
1431936425700,org.cyanogenmod.audiofx.HeadsetService,org.cyanogenmod.audiofx,10000,1289,67364,"[PERSISTENT,STARTED]",false,true,0,0,67374,
1431936485932,com.android.bluetooth.hid.HidService,com.android.bluetooth,1002,0,49150,[],false,true,0,0,49160,
1431936485932,com.cleanmaster.service.PermanentService,com.cleanmaster.mguard:service,10138,1271,94138,[STARTED],false,true,1,1,60164309,
1431936485932,com.google.android.music.dial.DialMediaRouteProviderService,com.google.android.music:main,10073,0,57202,[],false,true,0,0,57212,
1431936485932,ch.unige.css.services.PingService,ch.unige.ping,10149,1632,60231721,[STARTED],false,true,0,0,60231731,
1431936485932,com.google.android.search.core.service.BroadcastListenerService,com.google.android.googlequicksearchbox:search,10026,31980,75471,[STARTED],false,true,0,0,60192131,
1431936485932,com.android.systemui.keyguard.KeyguardService,com.android.systemui,10014,930,44352,[PERSISTENT],false,false,2,2,68066,
1431936485932,openiab.StoreService,cm.aptoide.pt,10148,0,54787,[],false,true,0,0,54797,
1431936485932,ch.unige.css.services.main.CssRegistryService,ch.unige.ping:background,10149,31837,60171236,[STARTED],false,true,0,0,60171508,
1431936485932,org.cyanogenmod.audiofx.HeadsetService,org.cyanogenmod.audiofx,10000,1289,67364,"[PERSISTENT,STARTED]",false,true,0,0,67374,
1431936485932,com.whatsapp.messaging.MessageService,com.whatsapp,10110,13544,67811,[STARTED],false,true,1,1,59812775,
1431936545987,com.android.bluetooth.hid.HidService,com.android.bluetooth,1002,0,49150,[],false,true,0,0,49160,
1431936545987,com.cleanmaster.service.PermanentService,com.cleanmaster.mguard:service,10138,1271,94138,[STARTED],false,true,1,1,60164309,
1431936545987,com.google.android.music.dial.DialMediaRouteProviderService,com.google.android.music:main,10073,0,57202,[],false,true,0,0,57212,
1431936545987,ch.unige.css.services.PingService,ch.unige.ping,10149,1632,60291824,[STARTED],false,true,0,0,60291834,
1431936545987,com.google.android.search.core.service.BroadcastListenerService,com.google.android.googlequicksearchbox:search,10026,31980,75471,[STARTED],false,true,0,0,60192131,
1431936545987,com.android.systemui.keyguard.KeyguardService,com.android.systemui,10014,930,44352,[PERSISTENT],false,false,2,2,68066,
1431936545987,openiab.StoreService,cm.aptoide.pt,10148,0,54787,[],false,true,0,0,54797,
1431936545987,ch.unige.css.services.main.CssRegistryService,ch.unige.ping:background,10149,31837,60171236,[STARTED],false,true,0,0,60171508,
1431936545987,org.cyanogenmod.audiofx.HeadsetService,org.cyanogenmod.audiofx,10000,1289,67364,"[PERSISTENT,STARTED]",false,true,0,0,67374,
1431936545987,com.whatsapp.messaging.MessageService,com.whatsapp,10110,13544,67811,[STARTED],false,true,1,1,60271407,
1431936606092,com.android.bluetooth.hid.HidService,com.android.bluetooth,1002,0,49150,[],false,true,0,0,49160,
1431936606092,com.cleanmaster.service.PermanentService,com.cleanmaster.mguard:service,10138,1271,94138,[STARTED],false,true,1,1,60164309,
1431936606092,com.google.android.music.dial.DialMediaRouteProviderService,com.google.android.music:main,10073,0,57202,[],false,true,0,0,57212,
1431936606092,ch.unige.css.services.PingService,ch.unige.ping,10149,1632,60351926,[STARTED],false,true,0,0,60351936,
1431936606092,com.google.android.search.core.service.BroadcastListenerService,com.google.android.googlequicksearchbox:search,10026,31980,75471,[STARTED],false,true,0,0,60192131,
1431936606092,com.android.systemui.keyguard.KeyguardService,com.android.systemui,10014,930,44352,[PERSISTENT],false,false,2,2,68066,
1431936606092,openiab.StoreService,cm.aptoide.pt,10148,0,54787,[],false,true,0,0,54797,
1431936606092,ch.unige.css.services.main.CssRegistryService,ch.unige.ping:background,10149,31837,60171236,[STARTED],false,true,0,0,60171508,
1431936606092,org.cyanogenmod.audiofx.HeadsetService,org.cyanogenmod.audiofx,10000,1289,67364,"[PERSISTENT,STARTED]",false,true,0,0,67374,
1431936606092,com.whatsapp.messaging.MessageService,com.whatsapp,10110,13544,67811,[STARTED],false,true,1,1,60271407,
1431936666205,com.android.bluetooth.hid.HidService,com.android.bluetooth,1002,0,49150,[],false,true,0,0,49160,
1431936666205,com.cleanmaster.service.PermanentService,com.cleanmaster.mguard:service,10138,1271,94138,[STARTED],false,true,1,1,60164309,
1431936666205,com.google.android.music.dial.DialMediaRouteProviderService,com.google.android.music:main,10073,0,57202,[],false,true,0,0,57212,
1431936666205,ch.unige.css.services.PingService,ch.unige.ping,10149,1632,60412037,[STARTED],false,true,0,0,60412047,
1431936666205,com.google.android.search.core.service.BroadcastListenerService,com.google.android.googlequicksearchbox:search,10026,31980,75471,[STARTED],false,true,0,0,60192131,
1431936666205,com.android.systemui.keyguard.KeyguardService,com.android.systemui,10014,930,44352,[PERSISTENT],false,false,2,2,68066,
1431936666205,openiab.StoreService,cm.aptoide.pt,10148,0,54787,[],false,true,0,0,54797,
1431936666205,ch.unige.css.services.main.CssRegistryService,ch.unige.ping:background,10149,31837,60171236,[STARTED],false,true,0,0,60171508,
1431936666205,org.cyanogenmod.audiofx.HeadsetService,org.cyanogenmod.audiofx,10000,1289,67364,"[PERSISTENT,STARTED]",false,true,0,0,67374,
1431936666205,com.whatsapp.messaging.MessageService,com.whatsapp,10110,13544,67811,[STARTED],false,true,1,1,60271407,
1431936726491,com.android.bluetooth.hid.HidService,com.android.bluetooth,1002,0,49150,[],false,true,0,0,49160,
1431936726491,com.cleanmaster.service.PermanentService,com.cleanmaster.mguard:service,10138,1271,94138,[STARTED],false,true,1,1,60164309,
1431936726491,com.google.android.music.dial.DialMediaRouteProviderService,com.google.android.music:main,10073,0,57202,[],false,true,0,0,57212,
1431936726491,ch.unige.css.services.PingService,ch.unige.ping,10149,1632,60472324,[STARTED],false,true,0,0,60472334,
1431936726491,com.google.android.search.core.service.BroadcastListenerService,com.google.android.googlequicksearchbox:search,10026,31980,75471,[STARTED],false,true,0,0,60192131,
1431936726491,com.android.systemui.keyguard.KeyguardService,com.android.systemui,10014,930,44352,[PERSISTENT],false,false,2,2,68066,
1431936726491,openiab.StoreService,cm.aptoide.pt,10148,0,54787,[],false,true,0,0,54797,
1431936726491,ch.unige.css.services.main.CssRegistryService,ch.unige.ping:background,10149,31837,60171236,[STARTED],false,true,0,0,60171508,
1431936726491,org.cyanogenmod.audiofx.HeadsetService,org.cyanogenmod.audiofx,10000,1289,67364,"[PERSISTENT,STARTED]",false,true,0,0,67374,
1431936726491,com.whatsapp.messaging.MessageService,com.whatsapp,10110,13544,67811,[STARTED],false,true,1,1,60454991,
1431936786654,com.android.bluetooth.hid.HidService,com.android.bluetooth,1002,0,49150,[],false,true,0,0,49160,
1431936786654,com.cleanmaster.service.PermanentService,com.cleanmaster.mguard:service,10138,1271,94138,[STARTED],false,true,1,1,60164309,
1431936786654,com.google.android.music.dial.DialMediaRouteProviderService,com.google.android.music:main,10073,0,57202,[],false,true,0,0,57212,
1431936786654,ch.unige.css.services.PingService,ch.unige.ping,10149,1632,60532415,[STARTED],false,true,0,0,60532425,
1431936786654,com.google.android.search.core.service.BroadcastListenerService,com.google.android.googlequicksearchbox:search,10026,31980,75471,[STARTED],false,true,0,0,60192131,
1431936786654,com.android.systemui.keyguard.KeyguardService,com.android.systemui,10014,930,44352,[PERSISTENT],false,false,2,2,68066,
1431936786654,openiab.StoreService,cm.aptoide.pt,10148,0,54787,[],false,true,0,0,54797,
1431936786654,ch.unige.css.services.main.CssRegistryService,ch.unige.ping:background,10149,31837,60171236,[STARTED],false,true,0,0,60171508,
1431936786654,org.cyanogenmod.audiofx.HeadsetService,org.cyanogenmod.audiofx,10000,1289,67364,"[PERSISTENT,STARTED]",false,true,0,0,67374,
1431936786654,com.whatsapp.messaging.MessageService,com.whatsapp,10110,13544,67811,[STARTED],false,true,1,1,60454991,
1431936846739,com.android.bluetooth.hid.HidService,com.android.bluetooth,1002,0,49150,[],false,true,0,0,49160,
1431936846739,com.cleanmaster.service.PermanentService,com.cleanmaster.mguard:service,10138,1271,94138,[STARTED],false,true,1,1,60164309,
1431936846739,com.google.android.music.dial.DialMediaRouteProviderService,com.google.android.music:main,10073,0,57202,[],false,true,0,0,57212,
1431936846739,ch.unige.css.services.PingService,ch.unige.ping,10149,1632,60592578,[STARTED],false,true,0,0,60592588,
1431936846739,com.google.android.search.core.service.BroadcastListenerService,com.google.android.googlequicksearchbox:search,10026,31980,75471,[STARTED],false,true,0,0,60192131,
1431936846739,com.android.systemui.keyguard.KeyguardService,com.android.systemui,10014,930,44352,[PERSISTENT],false,false,2,2,68066,
1431936846739,openiab.StoreService,cm.aptoide.pt,10148,0,54787,[],false,true,0,0,54797,
1431936846739,ch.unige.css.services.main.CssRegistryService,ch.unige.ping:background,10149,31837,60171236,[STARTED],false,true,0,0,60171508,
1431936846739,org.cyanogenmod.audiofx.HeadsetService,org.cyanogenmod.audiofx,10000,1289,67364,"[PERSISTENT,STARTED]",false,true,0,0,67374,
1431936846739,com.whatsapp.messaging.MessageService,com.whatsapp,10110,13544,67811,[STARTED],false,true,1,1,60534622,
1431936906858,com.android.bluetooth.hid.HidService,com.android.bluetooth,1002,0,49150,[],false,true,0,0,49160,
1431936906858,com.cleanmaster.service.PermanentService,com.cleanmaster.mguard:service,10138,1271,94138,[STARTED],false,true,1,1,60164309,
1431936906858,com.google.android.music.dial.DialMediaRouteProviderService,com.google.android.music:main,10073,0,57202,[],false,true,0,0,57212,
1431936906858,ch.unige.css.services.PingService,ch.unige.ping,10149,1632,60652606,[STARTED],false,true,0,0,60652616,
1431936906858,com.google.android.search.core.service.BroadcastListenerService,com.google.android.googlequicksearchbox:search,10026,31980,75471,[STARTED],false,true,0,0,60192131,
1431936906858,com.android.systemui.keyguard.KeyguardService,com.android.systemui,10014,930,44352,[PERSISTENT],false,false,2,2,68066,
1431936906858,openiab.StoreService,cm.aptoide.pt,10148,0,54787,[],false,true,0,0,54797,
1431936906858,ch.unige.css.services.main.CssRegistryService,ch.unige.ping:background,10149,31837,60171236,[STARTED],false,true,0,0,60171508,
1431936906858,org.cyanogenmod.audiofx.HeadsetService,org.cyanogenmod.audiofx,10000,1289,67364,"[PERSISTENT,STARTED]",false,true,0,0,67374,
1431936906858,com.whatsapp.messaging.MessageService,com.whatsapp,10110,13544,67811,[STARTED],false,true,1,1,60608592,
1431936966910,com.android.bluetooth.hid.HidService,com.android.bluetooth,1002,0,49150,[],false,true,0,0,49160,
1431936966910,com.cleanmaster.service.PermanentService,com.cleanmaster.mguard:service,10138,1271,94138,[STARTED],false,true,1,1,60164309,
1431936966910,com.google.android.music.dial.DialMediaRouteProviderService,com.google.android.music:main,10073,0,57202,[],false,true,0,0,57212,
1431936966910,ch.unige.css.services.PingService,ch.unige.ping,10149,1632,60712715,[STARTED],false,true,0,0,60712725,
1431936966910,com.google.android.search.core.service.BroadcastListenerService,com.google.android.googlequicksearchbox:search,10026,31980,75471,[STARTED],false,true,0,0,60192131,
1431936966910,com.android.systemui.keyguard.KeyguardService,com.android.systemui,10014,930,44352,[PERSISTENT],false,false,2,2,68066,
1431936966910,openiab.StoreService,cm.aptoide.pt,10148,0,54787,[],false,true,0,0,54797,
1431936966910,ch.unige.css.services.main.CssRegistryService,ch.unige.ping:background,10149,31837,60171236,[STARTED],false,true,0,0,60171508,
1431936966910,org.cyanogenmod.audiofx.HeadsetService,org.cyanogenmod.audiofx,10000,1289,67364,"[PERSISTENT,STARTED]",false,true,0,0,67374,
1431936966910,com.whatsapp.messaging.MessageService,com.whatsapp,10110,13544,67811,[STARTED],false,true,1,1,60693225,
1431937031146,com.android.bluetooth.hid.HidService,com.android.bluetooth,1002,0,49150,[],false,true,0,0,49160,
1431937031146,com.cleanmaster.service.PermanentService,com.cleanmaster.mguard:service,10138,1271,94138,[STARTED],false,true,1,1,60164309,
1431937031146,com.google.android.music.dial.DialMediaRouteProviderService,com.google.android.music:main,10073,0,57202,[],false,true,0,0,57212,
1431937031146,ch.unige.css.services.PingService,ch.unige.ping,10149,1632,60776995,[STARTED],false,true,0,0,60777005,
1431937031146,com.google.android.search.core.service.BroadcastListenerService,com.google.android.googlequicksearchbox:search,10026,31980,75471,[STARTED],false,true,0,0,60192131,
1431937031146,com.android.systemui.keyguard.KeyguardService,com.android.systemui,10014,930,44352,[PERSISTENT],false,false,2,2,68066,
1431937031146,openiab.StoreService,cm.aptoide.pt,10148,0,54787,[],false,true,0,0,54797,
1431937031146,ch.unige.css.services.main.CssRegistryService,ch.unige.ping:background,10149,31837,60171236,[STARTED],false,true,0,0,60171508,
1431937031146,org.cyanogenmod.audiofx.HeadsetService,org.cyanogenmod.audiofx,10000,1289,67364,"[PERSISTENT,STARTED]",false,true,0,0,67374,
1431937031146,com.whatsapp.messaging.MessageService,com.whatsapp,10110,13544,67811,[STARTED],false,true,1,1,60693225,
1431937111385,com.android.bluetooth.hid.HidService,com.android.bluetooth,1002,0,49150,[],false,true,0,0,49160,
1431937111385,com.cleanmaster.service.PermanentService,com.cleanmaster.mguard:service,10138,1271,94138,[STARTED],false,true,1,1,60164309,
1431937111385,com.google.android.music.dial.DialMediaRouteProviderService,com.google.android.music:main,10073,0,57202,[],false,true,0,0,57212,
1431937111385,ch.unige.css.services.PingService,ch.unige.ping,10149,1632,60857222,[STARTED],false,true,0,0,60857232,
1431937111385,com.google.android.search.core.service.BroadcastListenerService,com.google.android.googlequicksearchbox:search,10026,31980,75471,[STARTED],false,true,0,0,60192131,
1431937111385,com.android.systemui.keyguard.KeyguardService,com.android.systemui,10014,930,44352,[PERSISTENT],false,false,2,2,68066,
1431937111385,openiab.StoreService,cm.aptoide.pt,10148,0,54787,[],false,true,0,0,54797,
1431937111385,ch.unige.css.services.main.CssRegistryService,ch.unige.ping:background,10149,31837,60171236,[STARTED],false,true,0,0,60171508,
1431937111385,org.cyanogenmod.audiofx.HeadsetService,org.cyanogenmod.audiofx,10000,1289,67364,"[PERSISTENT,STARTED]",false,true,0,0,67374,
1431937111385,com.whatsapp.messaging.MessageService,com.whatsapp,10110,13544,67811,[STARTED],false,true,1,1,60782782,
1431937171511,com.android.bluetooth.hid.HidService,com.android.bluetooth,1002,0,49150,[],false,true,0,0,49160,
1431937171511,com.cleanmaster.service.PermanentService,com.cleanmaster.mguard:service,10138,1271,94138,[STARTED],false,true,1,1,60164309,
1431937171511,com.google.android.music.dial.DialMediaRouteProviderService,com.google.android.music:main,10073,0,57202,[],false,true,0,0,57212,
1431937171511,ch.unige.css.services.PingService,ch.unige.ping,10149,1632,60917323,[STARTED],false,true,0,0,60917333,
1431937171511,com.google.android.search.core.service.BroadcastListenerService,com.google.android.googlequicksearchbox:search,10026,31980,75471,[STARTED],false,true,0,0,60192131,
1431937171511,com.android.systemui.keyguard.KeyguardService,com.android.systemui,10014,930,44352,[PERSISTENT],false,false,2,2,68066,
1431937171511,openiab.StoreService,cm.aptoide.pt,10148,0,54787,[],false,true,0,0,54797,
1431937171511,ch.unige.css.services.main.CssRegistryService,ch.unige.ping:background,10149,31837,60171236,[STARTED],false,true,0,0,60171508,
1431937171511,org.cyanogenmod.audiofx.HeadsetService,org.cyanogenmod.audiofx,10000,1289,67364,"[PERSISTENT,STARTED]",false,true,0,0,67374,
1431937171511,com.whatsapp.messaging.MessageService,com.whatsapp,10110,13544,67811,[STARTED],false,true,1,1,60782782,
1431937231679,com.android.bluetooth.hid.HidService,com.android.bluetooth,1002,0,49150,[],false,true,0,0,49160,
1431937231679,com.cleanmaster.service.PermanentService,com.cleanmaster.mguard:service,10138,1271,94138,[STARTED],false,true,1,1,60164309,
1431937231679,com.google.android.music.dial.DialMediaRouteProviderService,com.google.android.music:main,10073,0,57202,[],false,true,0,0,57212,
1431937231679,ch.unige.css.services.PingService,ch.unige.ping,10149,1632,60977519,[STARTED],false,true,0,0,60977529,
1431937231679,com.google.android.search.core.service.BroadcastListenerService,com.google.android.googlequicksearchbox:search,10026,31980,75471,[STARTED],false,true,0,0,60192131,
1431937231679,com.android.systemui.keyguard.KeyguardService,com.android.systemui,10014,930,44352,[PERSISTENT],false,false,2,2,68066,
1431937231679,openiab.StoreService,cm.aptoide.pt,10148,0,54787,[],false,true,0,0,54797,
1431937231679,ch.unige.css.services.main.CssRegistryService,ch.unige.ping:background,10149,31837,60171236,[STARTED],false,true,0,0,60171508,
1431937231679,org.cyanogenmod.audiofx.HeadsetService,org.cyanogenmod.audiofx,10000,1289,67364,"[PERSISTENT,STARTED]",false,true,0,0,67374,
1431937231679,com.whatsapp.messaging.MessageService,com.whatsapp,10110,13544,67811,[STARTED],false,true,1,1,60920595,
1431937291784,com.android.bluetooth.hid.HidService,com.android.bluetooth,1002,0,49150,[],false,true,0,0,49160,
1431937291784,com.cleanmaster.service.PermanentService,com.cleanmaster.mguard:service,10138,1271,94138,[STARTED],false,true,1,1,60164309,
1431937291784,com.google.android.music.dial.DialMediaRouteProviderService,com.google.android.music:main,10073,0,57202,[],false,true,0,0,57212,
1431937291784,ch.unige.css.services.PingService,ch.unige.ping,10149,1632,61037608,[STARTED],false,true,0,0,61037618,
1431937291784,com.google.android.search.core.service.BroadcastListenerService,com.google.android.googlequicksearchbox:search,10026,31980,75471,[STARTED],false,true,0,0,60192131,
1431937291784,com.android.systemui.keyguard.KeyguardService,com.android.systemui,10014,930,44352,[PERSISTENT],false,false,2,2,68066,
1431937291784,openiab.StoreService,cm.aptoide.pt,10148,0,54787,[],false,true,0,0,54797,
1431937291784,ch.unige.css.services.main.CssRegistryService,ch.unige.ping:background,10149,31837,60171236,[STARTED],false,true,0,0,60171508,
1431937291784,org.cyanogenmod.audiofx.HeadsetService,org.cyanogenmod.audiofx,10000,1289,67364,"[PERSISTENT,STARTED]",false,true,0,0,67374,
1431937291784,com.whatsapp.messaging.MessageService,com.whatsapp,10110,13544,67811,[STARTED],false,true,1,1,60920595,
1431937351875,com.android.bluetooth.hid.HidService,com.android.bluetooth,1002,0,49150,[],false,true,0,0,49160,
1431937351875,com.cleanmaster.service.PermanentService,com.cleanmaster.mguard:service,10138,1271,94138,[STARTED],false,true,1,1,60164309,
1431937351875,com.google.android.music.dial.DialMediaRouteProviderService,com.google.android.music:main,10073,0,57202,[],false,true,0,0,57212,
1431937351875,ch.unige.css.services.PingService,ch.unige.ping,10149,1632,61097707,[STARTED],false,true,0,0,61097717,
1431937351875,com.google.android.search.core.service.BroadcastListenerService,com.google.android.googlequicksearchbox:search,10026,31980,75471,[STARTED],false,true,0,0,60192131,
1431937351875,com.android.systemui.keyguard.KeyguardService,com.android.systemui,10014,930,44352,[PERSISTENT],false,false,2,2,68066,
1431937351875,openiab.StoreService,cm.aptoide.pt,10148,0,54787,[],false,true,0,0,54797,
1431937351875,ch.unige.css.services.main.CssRegistryService,ch.unige.ping:background,10149,31837,60171236,[STARTED],false,true,0,0,60171508,
1431937351875,org.cyanogenmod.audiofx.HeadsetService,org.cyanogenmod.audiofx,10000,1289,67364,"[PERSISTENT,STARTED]",false,true,0,0,67374,
1431937351875,com.whatsapp.messaging.MessageService,com.whatsapp,10110,13544,67811,[STARTED],false,true,1,1,60920595,
1431937411948,com.android.bluetooth.hid.HidService,com.android.bluetooth,1002,0,49150,[],false,true,0,0,49160,
1431937411948,com.cleanmaster.service.PermanentService,com.cleanmaster.mguard:service,10138,1271,94138,[STARTED],false,true,1,1,60164309,
1431937411948,com.google.android.music.dial.DialMediaRouteProviderService,com.google.android.music:main,10073,0,57202,[],false,true,0,0,57212,
1431937411948,ch.unige.css.services.PingService,ch.unige.ping,10149,1632,61157787,[STARTED],false,true,0,0,61157797,
1431937411948,com.google.android.search.core.service.BroadcastListenerService,com.google.android.googlequicksearchbox:search,10026,31980,75471,[STARTED],false,true,0,0,60192131,
1431937411948,com.android.systemui.keyguard.KeyguardService,com.android.systemui,10014,930,44352,[PERSISTENT],false,false,2,2,68066,
1431937411948,openiab.StoreService,cm.aptoide.pt,10148,0,54787,[],false,true,0,0,54797,
1431937411948,ch.unige.css.services.main.CssRegistryService,ch.unige.ping:background,10149,31837,60171236,[STARTED],false,true,0,0,60171508,
1431937411948,org.cyanogenmod.audiofx.HeadsetService,org.cyanogenmod.audiofx,10000,1289,67364,"[PERSISTENT,STARTED]",false,true,0,0,67374,
1431937411948,com.whatsapp.messaging.MessageService,com.whatsapp,10110,13544,67811,[STARTED],false,true,1,1,60920595,
1431937472004,com.android.bluetooth.hid.HidService,com.android.bluetooth,1002,0,49150,[],false,true,0,0,49160,
1431937472004,com.cleanmaster.service.PermanentService,com.cleanmaster.mguard:service,10138,1271,94138,[STARTED],false,true,1,1,60164309,
1431937472004,com.google.android.music.dial.DialMediaRouteProviderService,com.google.android.music:main,10073,0,57202,[],false,true,0,0,57212,
1431937472004,ch.unige.css.services.PingService,ch.unige.ping,10149,1632,61217867,[STARTED],false,true,0,0,61217877,
1431937472004,com.google.android.search.core.service.BroadcastListenerService,com.google.android.googlequicksearchbox:search,10026,31980,75471,[STARTED],false,true,0,0,60192131,
1431937472004,com.android.systemui.keyguard.KeyguardService,com.android.systemui,10014,930,44352,[PERSISTENT],false,false,2,2,68066,
1431937472004,openiab.StoreService,cm.aptoide.pt,10148,0,54787,[],false,true,0,0,54797,
1431937472004,ch.unige.css.services.main.CssRegistryService,ch.unige.ping:background,10149,31837,60171236,[STARTED],false,true,0,0,60171508,
1431937472004,org.cyanogenmod.audiofx.HeadsetService,org.cyanogenmod.audiofx,10000,1289,67364,"[PERSISTENT,STARTED]",false,true,0,0,67374,
1431937472004,com.whatsapp.messaging.MessageService,com.whatsapp,10110,13544,67811,[STARTED],false,true,1,1,60920595,
1431937534578,com.android.bluetooth.hid.HidService,com.android.bluetooth,1002,0,49150,[],false,true,0,0,49160,
1431937534578,com.cleanmaster.service.PermanentService,com.cleanmaster.mguard:service,10138,1271,94138,[STARTED],false,true,1,1,60164309,
1431937534578,com.google.android.music.dial.DialMediaRouteProviderService,com.google.android.music:main,10073,0,57202,[],false,true,0,0,57212,
1431937534578,ch.unige.css.services.PingService,ch.unige.ping,10149,1632,61280447,[STARTED],false,true,0,0,61280457,
1431937534578,com.google.android.search.core.service.BroadcastListenerService,com.google.android.googlequicksearchbox:search,10026,31980,75471,[STARTED],false,true,0,0,60192131,
1431937534578,com.android.systemui.keyguard.KeyguardService,com.android.systemui,10014,930,44352,[PERSISTENT],false,false,2,2,68066,
1431937534578,openiab.StoreService,cm.aptoide.pt,10148,0,54787,[],false,true,0,0,54797,
1431937534578,ch.unige.css.services.main.CssRegistryService,ch.unige.ping:background,10149,31837,60171236,[STARTED],false,true,0,0,60171508,
1431937534578,org.cyanogenmod.audiofx.HeadsetService,org.cyanogenmod.audiofx,10000,1289,67364,"[PERSISTENT,STARTED]",false,true,0,0,67374,
1431937534578,com.whatsapp.messaging.MessageService,com.whatsapp,10110,13544,67811,[STARTED],false,true,1,1,60920595,
1431937595508,com.android.bluetooth.hid.HidService,com.android.bluetooth,1002,0,49150,[],false,true,0,0,49160,
1431937595508,com.cleanmaster.service.PermanentService,com.cleanmaster.mguard:service,10138,1271,94138,[STARTED],false,true,1,1,60164309,
1431937595508,com.google.android.music.dial.DialMediaRouteProviderService,com.google.android.music:main,10073,0,57202,[],false,true,0,0,57212,
1431937595508,ch.unige.css.services.PingService,ch.unige.ping,10149,1632,61341292,[STARTED],false,true,0,0,61341302,
1431937595508,com.google.android.search.core.service.BroadcastListenerService,com.google.android.googlequicksearchbox:search,10026,31980,75471,[STARTED],false,true,0,0,60192131,
1431937595508,com.android.systemui.keyguard.KeyguardService,com.android.systemui,10014,930,44352,[PERSISTENT],false,false,2,2,68066,
1431937595508,openiab.StoreService,cm.aptoide.pt,10148,0,54787,[],false,true,0,0,54797,
1431937595508,ch.unige.css.services.main.CssRegistryService,ch.unige.ping:background,10149,31837,60171236,[STARTED],false,true,0,0,60171508,
1431937595508,com.google.android.finsky.billing.iab.InAppBillingService,com.android.vending,10024,1194,61281778,[],false,true,1,1,61281788,
1431937595508,org.cyanogenmod.audiofx.HeadsetService,org.cyanogenmod.audiofx,10000,1289,67364,"[PERSISTENT,STARTED]",false,true,0,0,67374,
1431937655561,com.android.bluetooth.hid.HidService,com.android.bluetooth,1002,0,49150,[],false,true,0,0,49160,
1431937655561,com.cleanmaster.service.PermanentService,com.cleanmaster.mguard:service,10138,1271,94138,[STARTED],false,true,1,1,60164309,
1431937655561,com.google.android.music.dial.DialMediaRouteProviderService,com.google.android.music:main,10073,0,57202,[],false,true,0,0,57212,
1431937655561,ch.unige.css.services.PingService,ch.unige.ping,10149,1632,61401409,[STARTED],false,true,0,0,61401419,
1431937655561,com.google.android.search.core.service.BroadcastListenerService,com.google.android.googlequicksearchbox:search,10026,31980,75471,[STARTED],false,true,0,0,60192131,
1431937655561,com.android.systemui.keyguard.KeyguardService,com.android.systemui,10014,930,44352,[PERSISTENT],false,false,2,2,68066,
1431937655561,openiab.StoreService,cm.aptoide.pt,10148,0,54787,[],false,true,0,0,54797,
1431937655561,ch.unige.css.services.main.CssRegistryService,ch.unige.ping:background,10149,31837,60171236,[STARTED],false,true,0,0,60171508,
1431937655561,com.google.android.finsky.billing.iab.InAppBillingService,com.android.vending,10024,1194,61281778,[],false,true,1,1,61281788,
1431937655561,org.cyanogenmod.audiofx.HeadsetService,org.cyanogenmod.audiofx,10000,1289,67364,"[PERSISTENT,STARTED]",false,true,0,0,67374,
1431937717976,com.android.bluetooth.hid.HidService,com.android.bluetooth,1002,0,49150,[],false,true,0,0,49160,
1431937717976,com.cleanmaster.service.PermanentService,com.cleanmaster.mguard:service,10138,1271,94138,[STARTED],false,true,1,1,60164309,
1431937717976,com.google.android.music.dial.DialMediaRouteProviderService,com.google.android.music:main,10073,0,57202,[],false,true,0,0,57212,
1431937717976,ch.unige.css.services.PingService,ch.unige.ping,10149,1632,61463796,[STARTED],false,true,0,0,61463806,
1431937717976,com.google.android.search.core.service.BroadcastListenerService,com.google.android.googlequicksearchbox:search,10026,31980,75471,[STARTED],false,true,0,0,60192131,
1431937717976,com.android.systemui.keyguard.KeyguardService,com.android.systemui,10014,930,44352,[PERSISTENT],false,false,2,2,68066,
1431937717976,openiab.StoreService,cm.aptoide.pt,10148,0,54787,[],false,true,0,0,54797,
1431937717976,ch.unige.css.services.main.CssRegistryService,ch.unige.ping:background,10149,31837,60171236,[STARTED],false,true,0,0,60171508,
1431937717976,com.google.android.finsky.billing.iab.InAppBillingService,com.android.vending,10024,1194,61281778,[],false,true,1,1,61281788,
1431937717976,org.cyanogenmod.audiofx.HeadsetService,org.cyanogenmod.audiofx,10000,1289,67364,"[PERSISTENT,STARTED]",false,true,0,0,67374,
1431937778219,com.android.bluetooth.hid.HidService,com.android.bluetooth,1002,0,49150,[],false,true,0,0,49160,
1431937778219,com.cleanmaster.service.PermanentService,com.cleanmaster.mguard:service,10138,1271,94138,[STARTED],false,true,1,1,60164309,
1431937778219,com.google.android.music.dial.DialMediaRouteProviderService,com.google.android.music:main,10073,0,57202,[],false,true,0,0,57212,
1431937778219,ch.unige.css.services.PingService,ch.unige.ping,10149,1632,61523946,[STARTED],false,true,0,0,61523956,
1431937778219,com.google.android.search.core.service.BroadcastListenerService,com.google.android.googlequicksearchbox:search,10026,31980,75471,[STARTED],false,true,0,0,60192131,
1431937778219,com.android.systemui.keyguard.KeyguardService,com.android.systemui,10014,930,44352,[PERSISTENT],false,false,2,2,68066,
1431937778219,openiab.StoreService,cm.aptoide.pt,10148,0,54787,[],false,true,0,0,54797,
1431937778219,ch.unige.css.services.main.CssRegistryService,ch.unige.ping:background,10149,31837,60171236,[STARTED],false,true,0,0,60171508,
1431937778219,com.google.android.finsky.billing.iab.InAppBillingService,com.android.vending,10024,1194,61281778,[],false,true,1,1,61281788,
1431937778219,org.cyanogenmod.audiofx.HeadsetService,org.cyanogenmod.audiofx,10000,1289,67364,"[PERSISTENT,STARTED]",false,true,0,0,67374,
1431937856481,com.android.bluetooth.hid.HidService,com.android.bluetooth,1002,0,49150,[],false,true,0,0,49160,
1431937856481,com.cleanmaster.service.PermanentService,com.cleanmaster.mguard:service,10138,1271,94138,[STARTED],false,true,1,1,60164309,
1431937856481,com.google.android.music.dial.DialMediaRouteProviderService,com.google.android.music:main,10073,0,57202,[],false,true,0,0,57212,
1431937856481,ch.unige.css.services.PingService,ch.unige.ping,10149,1632,61602328,[STARTED],false,true,0,0,61602338,
1431937856481,com.google.android.search.core.service.BroadcastListenerService,com.google.android.googlequicksearchbox:search,10026,31980,75471,[STARTED],false,true,0,0,60192131,
1431937856481,com.android.systemui.keyguard.KeyguardService,com.android.systemui,10014,930,44352,[PERSISTENT],false,false,2,2,68066,
1431937856481,openiab.StoreService,cm.aptoide.pt,10148,0,54787,[],false,true,0,0,54797,
1431937856481,ch.unige.css.services.main.CssRegistryService,ch.unige.ping:background,10149,31837,60171236,[STARTED],false,true,0,0,60171508,
1431937856481,com.google.android.finsky.billing.iab.InAppBillingService,com.android.vending,10024,1194,61281778,[],false,true,1,1,61281788,
1431937856481,org.cyanogenmod.audiofx.HeadsetService,org.cyanogenmod.audiofx,10000,1289,67364,"[PERSISTENT,STARTED]",false,true,0,0,67374,
1431937916615,com.android.bluetooth.hid.HidService,com.android.bluetooth,1002,0,49150,[],false,true,0,0,49160,
1431937916615,com.cleanmaster.service.PermanentService,com.cleanmaster.mguard:service,10138,1271,94138,[STARTED],false,true,1,1,60164309,
1431937916615,com.google.android.music.dial.DialMediaRouteProviderService,com.google.android.music:main,10073,0,57202,[],false,true,0,0,57212,
1431937916615,ch.unige.css.services.PingService,ch.unige.ping,10149,1632,61662422,[STARTED],false,true,0,0,61662432,
1431937916615,com.google.android.search.core.service.BroadcastListenerService,com.google.android.googlequicksearchbox:search,10026,31980,75471,[STARTED],false,true,0,0,60192131,
1431937916615,com.android.systemui.keyguard.KeyguardService,com.android.systemui,10014,930,44352,[PERSISTENT],false,false,2,2,68066,
1431937916615,openiab.StoreService,cm.aptoide.pt,10148,0,54787,[],false,true,0,0,54797,
1431937916615,ch.unige.css.services.main.CssRegistryService,ch.unige.ping:background,10149,31837,60171236,[STARTED],false,true,0,0,60171508,
1431937916615,com.google.android.finsky.billing.iab.InAppBillingService,com.android.vending,10024,1194,61281778,[],false,true,1,1,61281788,
1431937916615,org.cyanogenmod.audiofx.HeadsetService,org.cyanogenmod.audiofx,10000,1289,67364,"[PERSISTENT,STARTED]",false,true,0,0,67374,
1431937976808,com.android.bluetooth.hid.HidService,com.android.bluetooth,1002,0,49150,[],false,true,0,0,49160,
1431937976808,com.cleanmaster.service.PermanentService,com.cleanmaster.mguard:service,10138,1271,94138,[STARTED],false,true,1,1,60164309,
1431937976808,com.google.android.music.dial.DialMediaRouteProviderService,com.google.android.music:main,10073,0,57202,[],false,true,0,0,57212,
1431937976808,ch.unige.css.services.PingService,ch.unige.ping,10149,1632,61722640,[STARTED],false,true,0,0,61722650,
1431937976808,com.google.android.search.core.service.BroadcastListenerService,com.google.android.googlequicksearchbox:search,10026,31980,75471,[STARTED],false,true,0,0,60192131,
1431937976808,com.android.systemui.keyguard.KeyguardService,com.android.systemui,10014,930,44352,[PERSISTENT],false,false,2,2,68066,
1431937976808,openiab.StoreService,cm.aptoide.pt,10148,0,54787,[],false,true,0,0,54797,
1431937976808,ch.unige.css.services.main.CssRegistryService,ch.unige.ping:background,10149,31837,60171236,[STARTED],false,true,0,0,60171508,
1431937976808,com.google.android.finsky.billing.iab.InAppBillingService,com.android.vending,10024,1194,61281778,[],false,true,1,1,61281788,
1431937976808,org.cyanogenmod.audiofx.HeadsetService,org.cyanogenmod.audiofx,10000,1289,67364,"[PERSISTENT,STARTED]",false,true,0,0,67374,
1431938036946,com.android.bluetooth.hid.HidService,com.android.bluetooth,1002,0,49150,[],false,true,0,0,49160,
1431938036946,com.cleanmaster.service.PermanentService,com.cleanmaster.mguard:service,10138,1271,94138,[STARTED],false,true,1,1,60164309,
1431938036946,com.google.android.music.dial.DialMediaRouteProviderService,com.google.android.music:main,10073,0,57202,[],false,true,0,0,57212,
1431938036946,ch.unige.css.services.PingService,ch.unige.ping,10149,1632,61782776,[STARTED],false,true,0,0,61782786,
1431938036946,com.google.android.search.core.service.BroadcastListenerService,com.google.android.googlequicksearchbox:search,10026,31980,75471,[STARTED],false,true,0,0,60192131,
1431938036946,com.android.systemui.keyguard.KeyguardService,com.android.systemui,10014,930,44352,[PERSISTENT],false,false,2,2,68066,
1431938036946,openiab.StoreService,cm.aptoide.pt,10148,0,54787,[],false,true,0,0,54797,
1431938036946,ch.unige.css.services.main.CssRegistryService,ch.unige.ping:background,10149,31837,60171236,[STARTED],false,true,0,0,60171508,
1431938036946,com.google.android.finsky.billing.iab.InAppBillingService,com.android.vending,10024,1194,61281778,[],false,true,1,1,61281788,
1431938036946,org.cyanogenmod.audiofx.HeadsetService,org.cyanogenmod.audiofx,10000,1289,67364,"[PERSISTENT,STARTED]",false,true,0,0,67374,
1431938097108,com.android.bluetooth.hid.HidService,com.android.bluetooth,1002,0,49150,[],false,true,0,0,49160,
1431938097108,com.cleanmaster.service.PermanentService,com.cleanmaster.mguard:service,10138,1271,94138,[STARTED],false,true,1,1,60164309,
1431938097108,com.google.android.music.dial.DialMediaRouteProviderService,com.google.android.music:main,10073,0,57202,[],false,true,0,0,57212,
1431938097108,ch.unige.css.services.PingService,ch.unige.ping,10149,1632,61842942,[STARTED],false,true,0,0,61842952,
1431938097108,com.google.android.search.core.service.BroadcastListenerService,com.google.android.googlequicksearchbox:search,10026,31980,75471,[STARTED],false,true,0,0,60192131,
1431938097108,com.android.systemui.keyguard.KeyguardService,com.android.systemui,10014,930,44352,[PERSISTENT],false,false,2,2,68066,
1431938097108,openiab.StoreService,cm.aptoide.pt,10148,0,54787,[],false,true,0,0,54797,
1431938097108,ch.unige.css.services.main.CssRegistryService,ch.unige.ping:background,10149,31837,60171236,[STARTED],false,true,0,0,60171508,
1431938097108,com.google.android.finsky.billing.iab.InAppBillingService,com.android.vending,10024,1194,61281778,[],false,true,1,1,61281788,
1431938097108,org.cyanogenmod.audiofx.HeadsetService,org.cyanogenmod.audiofx,10000,1289,67364,"[PERSISTENT,STARTED]",false,true,0,0,67374,
1431938157391,com.android.bluetooth.hid.HidService,com.android.bluetooth,1002,0,49150,[],false,true,0,0,49160,
1431938157391,com.cleanmaster.service.PermanentService,com.cleanmaster.mguard:service,10138,1271,94138,[STARTED],false,true,1,1,60164309,
1431938157391,com.google.android.music.dial.DialMediaRouteProviderService,com.google.android.music:main,10073,0,57202,[],false,true,0,0,57212,
1431938157391,ch.unige.css.services.PingService,ch.unige.ping,10149,1632,61903213,[STARTED],false,true,0,0,61903223,
1431938157391,com.google.android.search.core.service.BroadcastListenerService,com.google.android.googlequicksearchbox:search,10026,31980,75471,[STARTED],false,true,0,0,60192131,
1431938157391,com.android.systemui.keyguard.KeyguardService,com.android.systemui,10014,930,44352,[PERSISTENT],false,false,2,2,68066,
1431938157391,openiab.StoreService,cm.aptoide.pt,10148,0,54787,[],false,true,0,0,54797,
1431938157391,ch.unige.css.services.main.CssRegistryService,ch.unige.ping:background,10149,31837,60171236,[STARTED],false,true,0,0,60171508,
1431938157391,com.google.android.finsky.billing.iab.InAppBillingService,com.android.vending,10024,1194,61281778,[],false,true,1,1,61281788,
1431938157391,org.cyanogenmod.audiofx.HeadsetService,org.cyanogenmod.audiofx,10000,1289,67364,"[PERSISTENT,STARTED]",false,true,0,0,67374,
1431938217971,com.android.bluetooth.hid.HidService,com.android.bluetooth,1002,0,49150,[],false,true,0,0,49160,
1431938217971,com.cleanmaster.service.PermanentService,com.cleanmaster.mguard:service,10138,1271,94138,[STARTED],false,true,1,1,60164309,
1431938217971,com.google.android.music.dial.DialMediaRouteProviderService,com.google.android.music:main,10073,0,57202,[],false,true,0,0,57212,
1431938217971,ch.unige.css.services.PingService,ch.unige.ping,10149,1632,61963748,[STARTED],false,true,0,0,61963758,
1431938217971,com.google.android.search.core.service.BroadcastListenerService,com.google.android.googlequicksearchbox:search,10026,31980,75471,[STARTED],false,true,0,0,60192131,
1431938217971,com.android.systemui.keyguard.KeyguardService,com.android.systemui,10014,930,44352,[PERSISTENT],false,false,2,2,68066,
1431938217971,openiab.StoreService,cm.aptoide.pt,10148,0,54787,[],false,true,0,0,54797,
1431938217971,ch.unige.css.services.main.CssRegistryService,ch.unige.ping:background,10149,31837,60171236,[STARTED],false,true,0,0,60171508,
1431938217971,com.google.android.finsky.billing.iab.InAppBillingService,com.android.vending,10024,1194,61281778,[],false,true,1,1,61281788,
1431938217971,org.cyanogenmod.audiofx.HeadsetService,org.cyanogenmod.audiofx,10000,1289,67364,"[PERSISTENT,STARTED]",false,true,0,0,67374,
1431938278749,com.android.bluetooth.hid.HidService,com.android.bluetooth,1002,0,49150,[],false,true,0,0,49160,
1431938278749,com.cleanmaster.service.PermanentService,com.cleanmaster.mguard:service,10138,1271,94138,[STARTED],false,true,1,1,60164309,
1431938278749,com.google.android.music.dial.DialMediaRouteProviderService,com.google.android.music:main,10073,0,57202,[],false,true,0,0,57212,
1431938278749,ch.unige.css.services.PingService,ch.unige.ping,10149,1632,62024585,[STARTED],false,true,0,0,62024595,
1431938278749,com.google.android.search.core.service.BroadcastListenerService,com.google.android.googlequicksearchbox:search,10026,31980,75471,[STARTED],false,true,0,0,60192131,
1431938278749,com.android.systemui.keyguard.KeyguardService,com.android.systemui,10014,930,44352,[PERSISTENT],false,false,2,2,68066,
1431938278749,openiab.StoreService,cm.aptoide.pt,10148,0,54787,[],false,true,0,0,54797,
1431938278749,ch.unige.css.services.main.CssRegistryService,ch.unige.ping:background,10149,31837,60171236,[STARTED],false,true,0,0,60171508,
1431938278749,com.google.android.finsky.billing.iab.InAppBillingService,com.android.vending,10024,1194,61281778,[],false,true,1,1,61281788,
1431938278749,org.cyanogenmod.audiofx.HeadsetService,org.cyanogenmod.audiofx,10000,1289,67364,"[PERSISTENT,STARTED]",false,true,0,0,67374,
1431938338858,com.android.bluetooth.hid.HidService,com.android.bluetooth,1002,0,49150,[],false,true,0,0,49160,
1431938338858,com.cleanmaster.service.PermanentService,com.cleanmaster.mguard:service,10138,1271,94138,[STARTED],false,true,1,1,60164309,
1431938338858,com.google.android.music.dial.DialMediaRouteProviderService,com.google.android.music:main,10073,0,57202,[],false,true,0,0,57212,
1431938338858,ch.unige.css.services.PingService,ch.unige.ping,10149,1632,62084683,[STARTED],false,true,0,0,62084693,
1431938338858,com.google.android.search.core.service.BroadcastListenerService,com.google.android.googlequicksearchbox:search,10026,31980,75471,[STARTED],false,true,0,0,60192131,
1431938338858,com.android.systemui.keyguard.KeyguardService,com.android.systemui,10014,930,44352,[PERSISTENT],false,false,2,2,68066,
1431938338858,openiab.StoreService,cm.aptoide.pt,10148,0,54787,[],false,true,0,0,54797,
1431938338858,ch.unige.css.services.main.CssRegistryService,ch.unige.ping:background,10149,31837,60171236,[STARTED],false,true,0,0,60171508,
1431938338858,com.google.android.finsky.billing.iab.InAppBillingService,com.android.vending,10024,1194,61281778,[],false,true,1,1,61281788,
1431938338858,org.cyanogenmod.audiofx.HeadsetService,org.cyanogenmod.audiofx,10000,1289,67364,"[PERSISTENT,STARTED]",false,true,0,0,67374,
1431938398980,com.android.bluetooth.hid.HidService,com.android.bluetooth,1002,0,49150,[],false,true,0,0,49160,
1431938398980,com.cleanmaster.service.PermanentService,com.cleanmaster.mguard:service,10138,1271,94138,[STARTED],false,true,1,1,60164309,
1431938398980,com.google.android.music.dial.DialMediaRouteProviderService,com.google.android.music:main,10073,0,57202,[],false,true,0,0,57212,
1431938398980,ch.unige.css.services.PingService,ch.unige.ping,10149,1632,62144782,[STARTED],false,true,0,0,62144792,
1431938398980,com.google.android.search.core.service.BroadcastListenerService,com.google.android.googlequicksearchbox:search,10026,31980,75471,[STARTED],false,true,0,0,60192131,
1431938398980,com.android.systemui.keyguard.KeyguardService,com.android.systemui,10014,930,44352,[PERSISTENT],false,false,2,2,68066,
1431938398980,openiab.StoreService,cm.aptoide.pt,10148,0,54787,[],false,true,0,0,54797,
1431938398980,ch.unige.css.services.main.CssRegistryService,ch.unige.ping:background,10149,31837,60171236,[STARTED],false,true,0,0,60171508,
1431938398980,com.google.android.finsky.billing.iab.InAppBillingService,com.android.vending,10024,1194,61281778,[],false,true,1,1,61281788,
1431938398980,org.cyanogenmod.audiofx.HeadsetService,org.cyanogenmod.audiofx,10000,1289,67364,"[PERSISTENT,STARTED]",false,true,0,0,67374,
1431938459164,com.android.bluetooth.hid.HidService,com.android.bluetooth,1002,0,49150,[],false,true,0,0,49160,
1431938459164,com.cleanmaster.service.PermanentService,com.cleanmaster.mguard:service,10138,1271,94138,[STARTED],false,true,1,1,60164309,
1431938459164,com.google.android.music.dial.DialMediaRouteProviderService,com.google.android.music:main,10073,0,57202,[],false,true,0,0,57212,
1431938459164,ch.unige.css.services.PingService,ch.unige.ping,10149,1632,62205034,[STARTED],false,true,0,0,62205044,
1431938459164,com.google.android.search.core.service.BroadcastListenerService,com.google.android.googlequicksearchbox:search,10026,31980,75471,[STARTED],false,true,0,0,60192131,
1431938459164,com.android.systemui.keyguard.KeyguardService,com.android.systemui,10014,930,44352,[PERSISTENT],false,false,2,2,68066,
1431938459164,openiab.StoreService,cm.aptoide.pt,10148,0,54787,[],false,true,0,0,54797,
1431938459164,ch.unige.css.services.main.CssRegistryService,ch.unige.ping:background,10149,31837,60171236,[STARTED],false,true,0,0,60171508,
1431938459164,com.google.android.finsky.billing.iab.InAppBillingService,com.android.vending,10024,1194,61281778,[],false,true,1,1,61281788,
1431938459164,org.cyanogenmod.audiofx.HeadsetService,org.cyanogenmod.audiofx,10000,1289,67364,"[PERSISTENT,STARTED]",false,true,0,0,67374,
1431938519320,com.android.bluetooth.hid.HidService,com.android.bluetooth,1002,0,49150,[],false,true,0,0,49160,
1431938519320,com.cleanmaster.service.PermanentService,com.cleanmaster.mguard:service,10138,1271,94138,[STARTED],false,true,1,1,60164309,
1431938519320,com.google.android.music.dial.DialMediaRouteProviderService,com.google.android.music:main,10073,0,57202,[],false,true,0,0,57212,
1431938519320,ch.unige.css.services.PingService,ch.unige.ping,10149,1632,62265125,[STARTED],false,true,0,0,62265135,
1431938519320,com.google.android.search.core.service.BroadcastListenerService,com.google.android.googlequicksearchbox:search,10026,31980,75471,[STARTED],false,true,0,0,60192131,
1431938519320,com.android.systemui.keyguard.KeyguardService,com.android.systemui,10014,930,44352,[PERSISTENT],false,false,2,2,68066,
1431938519320,openiab.StoreService,cm.aptoide.pt,10148,0,54787,[],false,true,0,0,54797,
1431938519320,ch.unige.css.services.main.CssRegistryService,ch.unige.ping:background,10149,31837,60171236,[STARTED],false,true,0,0,60171508,
1431938519320,com.google.android.finsky.billing.iab.InAppBillingService,com.android.vending,10024,1194,61281778,[],false,true,1,1,61281788,
1431938519320,org.cyanogenmod.audiofx.HeadsetService,org.cyanogenmod.audiofx,10000,1289,67364,"[PERSISTENT,STARTED]",false,true,0,0,67374,
1431938579418,com.android.bluetooth.hid.HidService,com.android.bluetooth,1002,0,49150,[],false,true,0,0,49160,
1431938579418,com.cleanmaster.service.PermanentService,com.cleanmaster.mguard:service,10138,1271,94138,[STARTED],false,true,1,1,60164309,
1431938579418,com.google.android.music.dial.DialMediaRouteProviderService,com.google.android.music:main,10073,0,57202,[],false,true,0,0,57212,
1431938579418,ch.unige.css.services.PingService,ch.unige.ping,10149,1632,62325250,[STARTED],false,true,0,0,62325260,
1431938579418,com.google.android.search.core.service.BroadcastListenerService,com.google.android.googlequicksearchbox:search,10026,31980,75471,[STARTED],false,true,0,0,60192131,
1431938579418,com.android.systemui.keyguard.KeyguardService,com.android.systemui,10014,930,44352,[PERSISTENT],false,false,2,2,68066,
1431938579418,openiab.StoreService,cm.aptoide.pt,10148,0,54787,[],false,true,0,0,54797,
1431938579418,ch.unige.css.services.main.CssRegistryService,ch.unige.ping:background,10149,31837,60171236,[STARTED],false,true,0,0,60171508,
1431938579418,com.google.android.finsky.billing.iab.InAppBillingService,com.android.vending,10024,1194,61281778,[],false,true,1,1,61281788,
1431938579418,org.cyanogenmod.audiofx.HeadsetService,org.cyanogenmod.audiofx,10000,1289,67364,"[PERSISTENT,STARTED]",false,true,0,0,67374,
1431938646071,com.android.bluetooth.hid.HidService,com.android.bluetooth,1002,0,49150,[],false,true,0,0,49160,
1431938646071,com.cleanmaster.service.PermanentService,com.cleanmaster.mguard:service,10138,1271,94138,[STARTED],false,true,1,1,60164309,
1431938646071,com.google.android.music.dial.DialMediaRouteProviderService,com.google.android.music:main,10073,0,57202,[],false,true,0,0,57212,
1431938646071,ch.unige.css.services.PingService,ch.unige.ping,10149,1632,62391893,[STARTED],false,true,0,0,62391903,
1431938646071,com.google.android.search.core.service.BroadcastListenerService,com.google.android.googlequicksearchbox:search,10026,31980,75471,[STARTED],false,true,0,0,60192131,
1431938646071,com.android.systemui.keyguard.KeyguardService,com.android.systemui,10014,930,44352,[PERSISTENT],false,false,2,2,68066,
1431938646071,openiab.StoreService,cm.aptoide.pt,10148,0,54787,[],false,true,0,0,54797,
1431938646071,ch.unige.css.services.main.CssRegistryService,ch.unige.ping:background,10149,31837,60171236,[STARTED],false,true,0,0,60171508,
1431938646071,com.google.android.finsky.billing.iab.InAppBillingService,com.android.vending,10024,1194,61281778,[],false,true,1,1,61281788,
1431938646071,org.cyanogenmod.audiofx.HeadsetService,org.cyanogenmod.audiofx,10000,1289,67364,"[PERSISTENT,STARTED]",false,true,0,0,67374,
1431938706129,com.android.bluetooth.hid.HidService,com.android.bluetooth,1002,0,49150,[],false,true,0,0,49160,
1431938706129,com.cleanmaster.service.PermanentService,com.cleanmaster.mguard:service,10138,1271,94138,[STARTED],false,true,1,1,60164309,
1431938706129,com.google.android.music.dial.DialMediaRouteProviderService,com.google.android.music:main,10073,0,57202,[],false,true,0,0,57212,
1431938706129,ch.unige.css.services.PingService,ch.unige.ping,10149,1632,62451978,[STARTED],false,true,0,0,62451988,
1431938706129,com.google.android.search.core.service.BroadcastListenerService,com.google.android.googlequicksearchbox:search,10026,31980,75471,[STARTED],false,true,0,0,60192131,
1431938706129,com.android.systemui.keyguard.KeyguardService,com.android.systemui,10014,930,44352,[PERSISTENT],false,false,2,2,68066,
1431938706129,openiab.StoreService,cm.aptoide.pt,10148,0,54787,[],false,true,0,0,54797,
1431938706129,ch.unige.css.services.main.CssRegistryService,ch.unige.ping:background,10149,31837,60171236,[STARTED],false,true,0,0,60171508,
1431938706129,com.google.android.finsky.billing.iab.InAppBillingService,com.android.vending,10024,1194,61281778,[],false,true,1,1,61281788,
1431938706129,org.cyanogenmod.audiofx.HeadsetService,org.cyanogenmod.audiofx,10000,1289,67364,"[PERSISTENT,STARTED]",false,true,0,0,67374,
1431938766370,com.android.bluetooth.hid.HidService,com.android.bluetooth,1002,0,49150,[],false,true,0,0,49160,
1431938766370,com.cleanmaster.service.PermanentService,com.cleanmaster.mguard:service,10138,1271,94138,[STARTED],false,true,1,1,60164309,
1431938766370,com.google.android.music.dial.DialMediaRouteProviderService,com.google.android.music:main,10073,0,57202,[],false,true,0,0,57212,
1431938766370,ch.unige.css.services.PingService,ch.unige.ping,10149,1632,62512197,[STARTED],false,true,0,0,62512207,
1431938766370,com.google.android.search.core.service.BroadcastListenerService,com.google.android.googlequicksearchbox:search,10026,31980,75471,[STARTED],false,true,0,0,60192131,
1431938766370,com.android.systemui.keyguard.KeyguardService,com.android.systemui,10014,930,44352,[PERSISTENT],false,false,2,2,68066,
1431938766370,openiab.StoreService,cm.aptoide.pt,10148,0,54787,[],false,true,0,0,54797,
1431938766370,ch.unige.css.services.main.CssRegistryService,ch.unige.ping:background,10149,31837,60171236,[STARTED],false,true,0,0,60171508,
1431938766370,com.google.android.finsky.billing.iab.InAppBillingService,com.android.vending,10024,1194,61281778,[],false,true,1,1,61281788,
1431938766370,org.cyanogenmod.audiofx.HeadsetService,org.cyanogenmod.audiofx,10000,1289,67364,"[PERSISTENT,STARTED]",false,true,0,0,67374,
1431938826468,com.android.bluetooth.hid.HidService,com.android.bluetooth,1002,0,49150,[],false,true,0,0,49160,
1431938826468,com.cleanmaster.service.PermanentService,com.cleanmaster.mguard:service,10138,1271,94138,[STARTED],false,true,1,1,60164309,
1431938826468,com.google.android.music.dial.DialMediaRouteProviderService,com.google.android.music:main,10073,0,57202,[],false,true,0,0,57212,
1431938826468,ch.unige.css.services.PingService,ch.unige.ping,10149,1632,62572300,[STARTED],false,true,0,0,62572310,
1431938826468,com.google.android.search.core.service.BroadcastListenerService,com.google.android.googlequicksearchbox:search,10026,31980,75471,[STARTED],false,true,0,0,60192131,
1431938826468,com.android.systemui.keyguard.KeyguardService,com.android.systemui,10014,930,44352,[PERSISTENT],false,false,2,2,68066,
1431938826468,openiab.StoreService,cm.aptoide.pt,10148,0,54787,[],false,true,0,0,54797,
1431938826468,ch.unige.css.services.main.CssRegistryService,ch.unige.ping:background,10149,31837,60171236,[STARTED],false,true,0,0,60171508,
1431938826468,com.google.android.finsky.billing.iab.InAppBillingService,com.android.vending,10024,1194,61281778,[],false,true,1,1,61281788,
1431938826468,org.cyanogenmod.audiofx.HeadsetService,org.cyanogenmod.audiofx,10000,1289,67364,"[PERSISTENT,STARTED]",false,true,0,0,67374,
1431938922607,com.android.bluetooth.hid.HidService,com.android.bluetooth,1002,0,49150,[],false,true,0,0,49160,
1431938922607,com.cleanmaster.service.PermanentService,com.cleanmaster.mguard:service,10138,1271,94138,[STARTED],false,true,1,1,60164309,
1431938922607,com.google.android.music.dial.DialMediaRouteProviderService,com.google.android.music:main,10073,0,57202,[],false,true,0,0,57212,
1431938922607,ch.unige.css.services.PingService,ch.unige.ping,10149,1632,62668461,[STARTED],false,true,0,0,62668471,
1431938922607,com.google.android.search.core.service.BroadcastListenerService,com.google.android.googlequicksearchbox:search,10026,31980,75471,[STARTED],false,true,0,0,60192131,
1431938922607,com.android.systemui.keyguard.KeyguardService,com.android.systemui,10014,930,44352,[PERSISTENT],false,false,2,2,68066,
1431938922607,openiab.StoreService,cm.aptoide.pt,10148,0,54787,[],false,true,0,0,54797,
1431938922607,ch.unige.css.services.main.CssRegistryService,ch.unige.ping:background,10149,31837,60171236,[STARTED],false,true,0,0,60171508,
1431938922607,com.google.android.finsky.billing.iab.InAppBillingService,com.android.vending,10024,1194,61281778,[],false,true,1,1,61281788,
1431938922607,org.cyanogenmod.audiofx.HeadsetService,org.cyanogenmod.audiofx,10000,1289,67364,"[PERSISTENT,STARTED]",false,true,0,0,67374,
1431938982724,com.android.bluetooth.hid.HidService,com.android.bluetooth,1002,0,49150,[],false,true,0,0,49160,
1431938982724,com.cleanmaster.service.PermanentService,com.cleanmaster.mguard:service,10138,1271,94138,[STARTED],false,true,1,1,60164309,
1431938982724,com.google.android.music.dial.DialMediaRouteProviderService,com.google.android.music:main,10073,0,57202,[],false,true,0,0,57212,
1431938982724,ch.unige.css.services.PingService,ch.unige.ping,10149,1632,62728556,[STARTED],false,true,0,0,62728566,
1431938982724,com.google.android.search.core.service.BroadcastListenerService,com.google.android.googlequicksearchbox:search,10026,31980,75471,[STARTED],false,true,0,0,60192131,
1431938982724,com.android.systemui.keyguard.KeyguardService,com.android.systemui,10014,930,44352,[PERSISTENT],false,false,2,2,68066,
1431938982724,openiab.StoreService,cm.aptoide.pt,10148,0,54787,[],false,true,0,0,54797,
1431938982724,ch.unige.css.services.main.CssRegistryService,ch.unige.ping:background,10149,31837,60171236,[STARTED],false,true,0,0,60171508,
1431938982724,com.google.android.finsky.billing.iab.InAppBillingService,com.android.vending,10024,1194,61281778,[],false,true,1,1,61281788,
1431938982724,org.cyanogenmod.audiofx.HeadsetService,org.cyanogenmod.audiofx,10000,1289,67364,"[PERSISTENT,STARTED]",false,true,0,0,67374,
1431939045138,com.android.bluetooth.hid.HidService,com.android.bluetooth,1002,0,49150,[],false,true,0,0,49160,
1431939045138,com.cleanmaster.service.PermanentService,com.cleanmaster.mguard:service,10138,1271,94138,[STARTED],false,true,1,1,60164309,
1431939045138,com.google.android.music.dial.DialMediaRouteProviderService,com.google.android.music:main,10073,0,57202,[],false,true,0,0,57212,
1431939045138,ch.unige.css.services.PingService,ch.unige.ping,10149,1632,62790974,[STARTED],false,true,0,0,62790984,
1431939045138,com.google.android.search.core.service.BroadcastListenerService,com.google.android.googlequicksearchbox:search,10026,31980,75471,[STARTED],false,true,0,0,60192131,
1431939045138,com.android.systemui.keyguard.KeyguardService,com.android.systemui,10014,930,44352,[PERSISTENT],false,false,2,2,68066,
1431939045138,openiab.StoreService,cm.aptoide.pt,10148,0,54787,[],false,true,0,0,54797,
1431939045138,ch.unige.css.services.main.CssRegistryService,ch.unige.ping:background,10149,31837,60171236,[STARTED],false,true,0,0,60171508,
1431939045138,com.google.android.finsky.billing.iab.InAppBillingService,com.android.vending,10024,1194,61281778,[],false,true,1,1,61281788,
1431939045138,org.cyanogenmod.audiofx.HeadsetService,org.cyanogenmod.audiofx,10000,1289,67364,"[PERSISTENT,STARTED]",false,true,0,0,67374,
1431939105247,com.android.bluetooth.hid.HidService,com.android.bluetooth,1002,0,49150,[],false,true,0,0,49160,
1431939105247,com.cleanmaster.service.PermanentService,com.cleanmaster.mguard:service,10138,1271,94138,[STARTED],false,true,1,1,60164309,
1431939105247,com.google.android.music.dial.DialMediaRouteProviderService,com.google.android.music:main,10073,0,57202,[],false,true,0,0,57212,
1431939105247,ch.unige.css.services.PingService,ch.unige.ping,10149,1632,62851072,[STARTED],false,true,0,0,62851083,
1431939105247,com.google.android.search.core.service.BroadcastListenerService,com.google.android.googlequicksearchbox:search,10026,31980,75471,[STARTED],false,true,0,0,60192131,
1431939105247,com.android.systemui.keyguard.KeyguardService,com.android.systemui,10014,930,44352,[PERSISTENT],false,false,2,2,68066,
1431939105247,openiab.StoreService,cm.aptoide.pt,10148,0,54787,[],false,true,0,0,54797,
1431939105247,ch.unige.css.services.main.CssRegistryService,ch.unige.ping:background,10149,31837,60171236,[STARTED],false,true,0,0,60171508,
1431939105247,com.google.android.finsky.billing.iab.InAppBillingService,com.android.vending,10024,1194,61281778,[],false,true,1,1,61281788,
1431939105247,org.cyanogenmod.audiofx.HeadsetService,org.cyanogenmod.audiofx,10000,1289,67364,"[PERSISTENT,STARTED]",false,true,0,0,67374,
1431939165388,com.android.bluetooth.hid.HidService,com.android.bluetooth,1002,0,49150,[],false,true,0,0,49160,
1431939165388,com.cleanmaster.service.PermanentService,com.cleanmaster.mguard:service,10138,1271,94138,[STARTED],false,true,1,1,62911172,
1431939165388,com.google.android.music.dial.DialMediaRouteProviderService,com.google.android.music:main,10073,0,57202,[],false,true,0,0,57212,
1431939165388,ch.unige.css.services.PingService,ch.unige.ping,10149,1632,62911215,[STARTED],false,true,0,0,62911225,
1431939165388,com.google.android.search.core.service.BroadcastListenerService,com.google.android.googlequicksearchbox:search,10026,31980,75471,[STARTED],false,true,0,0,60192131,
1431939165388,com.android.systemui.keyguard.KeyguardService,com.android.systemui,10014,930,44352,[PERSISTENT],false,false,2,2,68066,
1431939165388,openiab.StoreService,cm.aptoide.pt,10148,0,54787,[],false,true,0,0,54797,
1431939165388,ch.unige.css.services.main.CssRegistryService,ch.unige.ping:background,10149,31837,60171236,[STARTED],false,true,0,0,60171508,
1431939165388,com.google.android.finsky.billing.iab.InAppBillingService,com.android.vending,10024,1194,61281778,[],false,true,1,1,61281788,
1431939165388,org.cyanogenmod.audiofx.HeadsetService,org.cyanogenmod.audiofx,10000,1289,67364,"[PERSISTENT,STARTED]",false,true,0,0,67374,
1431939225567,com.android.bluetooth.hid.HidService,com.android.bluetooth,1002,0,49150,[],false,true,0,0,49160,
1431939225567,com.cleanmaster.service.PermanentService,com.cleanmaster.mguard:service,10138,1271,94138,[STARTED],false,true,1,1,62911172,
1431939225567,com.google.android.music.dial.DialMediaRouteProviderService,com.google.android.music:main,10073,0,57202,[],false,true,0,0,57212,
1431939225567,ch.unige.css.services.PingService,ch.unige.ping,10149,1632,62971375,[STARTED],false,true,0,0,62971385,
1431939225567,com.google.android.search.core.service.BroadcastListenerService,com.google.android.googlequicksearchbox:search,10026,31980,75471,[STARTED],false,true,0,0,60192131,
1431939225567,com.android.systemui.keyguard.KeyguardService,com.android.systemui,10014,930,44352,[PERSISTENT],false,false,2,2,68066,
1431939225567,openiab.StoreService,cm.aptoide.pt,10148,0,54787,[],false,true,0,0,54797,
1431939225567,ch.unige.css.services.main.CssRegistryService,ch.unige.ping:background,10149,31837,60171236,[STARTED],false,true,0,0,60171508,
1431939225567,com.google.android.finsky.billing.iab.InAppBillingService,com.android.vending,10024,1194,61281778,[],false,true,1,1,61281788,
1431939225567,org.cyanogenmod.audiofx.HeadsetService,org.cyanogenmod.audiofx,10000,1289,67364,"[PERSISTENT,STARTED]",false,true,0,0,67374,
1431939294655,com.android.bluetooth.hid.HidService,com.android.bluetooth,1002,0,49150,[],false,true,0,0,49160,
1431939294655,com.cleanmaster.service.PermanentService,com.cleanmaster.mguard:service,10138,1271,94138,[STARTED],false,true,1,1,62911172,
1431939294655,com.google.android.music.dial.DialMediaRouteProviderService,com.google.android.music:main,10073,0,57202,[],false,true,0,0,57212,
1431939294655,ch.unige.css.services.PingService,ch.unige.ping,10149,1632,63040498,[STARTED],false,true,0,0,63040508,
1431939294655,com.google.android.search.core.service.BroadcastListenerService,com.google.android.googlequicksearchbox:search,10026,31980,75471,[STARTED],false,true,0,0,60192131,
1431939294655,com.android.systemui.keyguard.KeyguardService,com.android.systemui,10014,930,44352,[PERSISTENT],false,false,2,2,68066,
1431939294655,openiab.StoreService,cm.aptoide.pt,10148,0,54787,[],false,true,0,0,54797,
1431939294655,ch.unige.css.services.main.CssRegistryService,ch.unige.ping:background,10149,31837,60171236,[STARTED],false,true,0,0,60171508,
1431939294655,com.google.android.finsky.billing.iab.InAppBillingService,com.android.vending,10024,1194,61281778,[],false,true,1,1,61281788,
1431939294655,org.cyanogenmod.audiofx.HeadsetService,org.cyanogenmod.audiofx,10000,1289,67364,"[PERSISTENT,STARTED]",false,true,0,0,67374,
1431939366192,com.android.bluetooth.hid.HidService,com.android.bluetooth,1002,0,49150,[],false,true,0,0,49160,
1431939366192,com.cleanmaster.service.PermanentService,com.cleanmaster.mguard:service,10138,1271,94138,[STARTED],false,true,1,1,62911172,
1431939366192,com.google.android.music.dial.DialMediaRouteProviderService,com.google.android.music:main,10073,0,57202,[],false,true,0,0,57212,
1431939366192,ch.unige.css.services.PingService,ch.unige.ping,10149,1632,63112024,[STARTED],false,true,0,0,63112034,
1431939366192,com.google.android.search.core.service.BroadcastListenerService,com.google.android.googlequicksearchbox:search,10026,31980,75471,[STARTED],false,true,0,0,60192131,
1431939366192,com.android.systemui.keyguard.KeyguardService,com.android.systemui,10014,930,44352,[PERSISTENT],false,false,2,2,68066,
1431939366192,openiab.StoreService,cm.aptoide.pt,10148,0,54787,[],false,true,0,0,54797,
1431939366192,ch.unige.css.services.main.CssRegistryService,ch.unige.ping:background,10149,31837,60171236,[STARTED],false,true,0,0,60171508,
1431939366192,com.google.android.finsky.billing.iab.InAppBillingService,com.android.vending,10024,1194,61281778,[],false,true,1,1,61281788,
1431939366192,org.cyanogenmod.audiofx.HeadsetService,org.cyanogenmod.audiofx,10000,1289,67364,"[PERSISTENT,STARTED]",false,true,0,0,67374,
1431939426292,com.android.bluetooth.hid.HidService,com.android.bluetooth,1002,0,49150,[],false,true,0,0,49160,
1431939426292,com.cleanmaster.service.PermanentService,com.cleanmaster.mguard:service,10138,1271,94138,[STARTED],false,true,1,1,62911172,
1431939426292,com.google.android.music.dial.DialMediaRouteProviderService,com.google.android.music:main,10073,0,57202,[],false,true,0,0,57212,
1431939426292,ch.unige.css.services.PingService,ch.unige.ping,10149,1632,63172140,[STARTED],false,true,0,0,63172150,
1431939426292,com.google.android.search.core.service.BroadcastListenerService,com.google.android.googlequicksearchbox:search,10026,31980,75471,[STARTED],false,true,0,0,60192131,
1431939426292,com.android.systemui.keyguard.KeyguardService,com.android.systemui,10014,930,44352,[PERSISTENT],false,false,2,2,68066,
1431939426292,openiab.StoreService,cm.aptoide.pt,10148,0,54787,[],false,true,0,0,54797,
1431939426292,ch.unige.css.services.main.CssRegistryService,ch.unige.ping:background,10149,31837,60171236,[STARTED],false,true,0,0,60171508,
1431939426292,com.google.android.finsky.billing.iab.InAppBillingService,com.android.vending,10024,1194,61281778,[],false,true,1,1,61281788,
1431939426292,org.cyanogenmod.audiofx.HeadsetService,org.cyanogenmod.audiofx,10000,1289,67364,"[PERSISTENT,STARTED]",false,true,0,0,67374,
1431939486445,com.android.bluetooth.hid.HidService,com.android.bluetooth,1002,0,49150,[],false,true,0,0,49160,
1431939486445,com.cleanmaster.service.PermanentService,com.cleanmaster.mguard:service,10138,1271,94138,[STARTED],false,true,1,1,62911172,
1431939486445,com.google.android.music.dial.DialMediaRouteProviderService,com.google.android.music:main,10073,0,57202,[],false,true,0,0,57212,
1431939486445,ch.unige.css.services.PingService,ch.unige.ping,10149,1632,63232246,[STARTED],false,true,0,0,63232256,
1431939486445,com.google.android.search.core.service.BroadcastListenerService,com.google.android.googlequicksearchbox:search,10026,31980,75471,[STARTED],false,true,0,0,60192131,
1431939486445,com.android.systemui.keyguard.KeyguardService,com.android.systemui,10014,930,44352,[PERSISTENT],false,false,2,2,68066,
1431939486445,openiab.StoreService,cm.aptoide.pt,10148,0,54787,[],false,true,0,0,54797,
1431939486445,ch.unige.css.services.main.CssRegistryService,ch.unige.ping:background,10149,31837,60171236,[STARTED],false,true,0,0,60171508,
1431939486445,com.google.android.finsky.billing.iab.InAppBillingService,com.android.vending,10024,1194,61281778,[],false,true,1,1,61281788,
1431939486445,org.cyanogenmod.audiofx.HeadsetService,org.cyanogenmod.audiofx,10000,1289,67364,"[PERSISTENT,STARTED]",false,true,0,0,67374,
1431939546646,com.android.bluetooth.hid.HidService,com.android.bluetooth,1002,0,49150,[],false,true,0,0,49160,
1431939546646,com.cleanmaster.service.PermanentService,com.cleanmaster.mguard:service,10138,1271,94138,[STARTED],false,true,1,1,62911172,
1431939546646,com.google.android.music.dial.DialMediaRouteProviderService,com.google.android.music:main,10073,0,57202,[],false,true,0,0,57212,
1431939546646,ch.unige.css.services.PingService,ch.unige.ping,10149,1632,63292497,[STARTED],false,true,0,0,63292507,
1431939546646,com.google.android.search.core.service.BroadcastListenerService,com.google.android.googlequicksearchbox:search,10026,31980,75471,[STARTED],false,true,0,0,60192131,
1431939546646,com.android.systemui.keyguard.KeyguardService,com.android.systemui,10014,930,44352,[PERSISTENT],false,false,2,2,68066,
1431939546646,openiab.StoreService,cm.aptoide.pt,10148,0,54787,[],false,true,0,0,54797,
1431939546646,ch.unige.css.services.main.CssRegistryService,ch.unige.ping:background,10149,31837,60171236,[STARTED],false,true,0,0,60171508,
1431939546646,com.google.android.finsky.billing.iab.InAppBillingService,com.android.vending,10024,1194,61281778,[],false,true,1,1,61281788,
1431939546646,org.cyanogenmod.audiofx.HeadsetService,org.cyanogenmod.audiofx,10000,1289,67364,"[PERSISTENT,STARTED]",false,true,0,0,67374,
1431939585918,com.android.bluetooth.hid.HidService,com.android.bluetooth,1002,0,49150,[],false,true,0,0,49160,
1431939585918,com.cleanmaster.service.PermanentService,com.cleanmaster.mguard:service,10138,1271,94138,[STARTED],false,true,1,1,62911172,
1431939585918,com.google.android.music.dial.DialMediaRouteProviderService,com.google.android.music:main,10073,0,57202,[],false,true,0,0,57212,
1431939585918,ch.unige.css.services.PingService,ch.unige.ping,10149,1632,63331728,[STARTED],false,true,0,0,63331738,
1431939585918,com.google.android.search.core.service.BroadcastListenerService,com.google.android.googlequicksearchbox:search,10026,31980,75471,[STARTED],false,true,0,0,60192131,
1431939585918,com.android.systemui.keyguard.KeyguardService,com.android.systemui,10014,930,44352,[PERSISTENT],false,false,2,2,68066,
1431939585918,openiab.StoreService,cm.aptoide.pt,10148,0,54787,[],false,true,0,0,54797,
1431939585918,ch.unige.css.services.main.CssRegistryService,ch.unige.ping:background,10149,31837,60171236,[STARTED],false,true,0,0,60171508,
1431939585918,com.google.android.finsky.billing.iab.InAppBillingService,com.android.vending,10024,1194,61281778,[],false,true,1,1,61281788,
1431939585918,org.cyanogenmod.audiofx.HeadsetService,org.cyanogenmod.audiofx,10000,1289,67364,"[PERSISTENT,STARTED]",false,true,0,0,67374,
1431939646041,com.android.bluetooth.hid.HidService,com.android.bluetooth,1002,0,49150,[],false,true,0,0,49160,
1431939646041,com.cleanmaster.service.PermanentService,com.cleanmaster.mguard:service,10138,1271,94138,[STARTED],false,true,1,1,63342620,
1431939646041,com.google.android.music.dial.DialMediaRouteProviderService,com.google.android.music:main,10073,0,57202,[],false,true,0,0,57212,
1431939646041,ch.unige.css.services.PingService,ch.unige.ping,10149,1632,63391793,[STARTED],false,true,0,0,63391803,
1431939646041,com.google.android.search.core.service.BroadcastListenerService,com.google.android.googlequicksearchbox:search,10026,31980,75471,[STARTED],false,true,0,0,60192131,
1431939646041,com.android.systemui.keyguard.KeyguardService,com.android.systemui,10014,930,44352,[PERSISTENT],false,false,2,2,68066,
1431939646041,openiab.StoreService,cm.aptoide.pt,10148,0,54787,[],false,true,0,0,54797,
1431939646041,ch.unige.css.services.main.CssRegistryService,ch.unige.ping:background,10149,31837,60171236,[STARTED],false,true,0,0,60171508,
1431939646041,com.google.android.finsky.billing.iab.InAppBillingService,com.android.vending,10024,1194,61281778,[],false,true,1,1,61281788,
1431939646041,org.cyanogenmod.audiofx.HeadsetService,org.cyanogenmod.audiofx,10000,1289,67364,"[PERSISTENT,STARTED]",false,true,0,0,67374,
1431939706129,com.android.bluetooth.hid.HidService,com.android.bluetooth,1002,0,49150,[],false,true,0,0,49160,
1431939706129,com.cleanmaster.service.PermanentService,com.cleanmaster.mguard:service,10138,1271,94138,[STARTED],false,true,1,1,63342620,
1431939706129,com.google.android.music.dial.DialMediaRouteProviderService,com.google.android.music:main,10073,0,57202,[],false,true,0,0,57212,
1431939706129,ch.unige.css.services.PingService,ch.unige.ping,10149,1632,63451931,[STARTED],false,true,0,0,63451941,
1431939706129,com.google.android.search.core.service.BroadcastListenerService,com.google.android.googlequicksearchbox:search,10026,31980,75471,[STARTED],false,true,0,0,60192131,
1431939706129,com.android.systemui.keyguard.KeyguardService,com.android.systemui,10014,930,44352,[PERSISTENT],false,false,2,2,68066,
1431939706129,com.android.calendar.alerts.AlertService,com.android.calendar,10033,4581,63451616,[STARTED],false,true,0,0,63451626,
1431939706129,openiab.StoreService,cm.aptoide.pt,10148,0,54787,[],false,true,0,0,54797,
1431939706129,ch.unige.css.services.main.CssRegistryService,ch.unige.ping:background,10149,31837,60171236,[STARTED],false,true,0,0,60171508,
1431939706129,com.google.android.finsky.billing.iab.InAppBillingService,com.android.vending,10024,1194,61281778,[],false,true,1,1,61281788,
1431939766545,com.android.bluetooth.hid.HidService,com.android.bluetooth,1002,0,49150,[],false,true,0,0,49160,
1431939766545,com.cleanmaster.service.PermanentService,com.cleanmaster.mguard:service,10138,1271,94138,[STARTED],false,true,1,1,63342620,
1431939766545,com.google.android.music.dial.DialMediaRouteProviderService,com.google.android.music:main,10073,0,57202,[],false,true,0,0,57212,
1431939766545,ch.unige.css.services.PingService,ch.unige.ping,10149,1632,63511997,[STARTED],false,true,0,0,63512007,
1431939766545,com.google.android.search.core.service.BroadcastListenerService,com.google.android.googlequicksearchbox:search,10026,31980,75471,[STARTED],false,true,0,0,60192131,
1431939766545,com.android.systemui.keyguard.KeyguardService,com.android.systemui,10014,930,44352,[PERSISTENT],false,false,2,2,68066,
1431939766545,openiab.StoreService,cm.aptoide.pt,10148,0,54787,[],false,true,0,0,54797,
1431939766545,ch.unige.css.services.main.CssRegistryService,ch.unige.ping:background,10149,31837,60171236,[STARTED],false,true,0,0,60171508,
1431939766545,org.cyanogenmod.audiofx.HeadsetService,org.cyanogenmod.audiofx,10000,1289,67364,"[PERSISTENT,STARTED]",false,true,0,0,67374,
1431939766545,com.whatsapp.messaging.MessageService,com.whatsapp,10110,13544,67811,[STARTED],false,true,1,1,63232897,
1431939837288,com.android.bluetooth.hid.HidService,com.android.bluetooth,1002,0,49150,[],false,true,0,0,49160,
1431939837288,com.cleanmaster.service.PermanentService,com.cleanmaster.mguard:service,10138,1271,94138,[STARTED],false,true,1,1,63342620,
1431939837288,com.google.android.music.dial.DialMediaRouteProviderService,com.google.android.music:main,10073,0,57202,[],false,true,0,0,57212,
1431939837288,ch.unige.css.services.PingService,ch.unige.ping,10149,1632,63582725,[STARTED],false,true,0,0,63582735,
1431939837288,com.google.android.search.core.service.BroadcastListenerService,com.google.android.googlequicksearchbox:search,10026,31980,75471,[STARTED],false,true,0,0,60192131,
1431939837288,com.android.systemui.keyguard.KeyguardService,com.android.systemui,10014,930,44352,[PERSISTENT],false,false,2,2,68066,
1431939837288,openiab.StoreService,cm.aptoide.pt,10148,0,54787,[],false,true,0,0,54797,
1431939837288,ch.unige.css.services.main.CssRegistryService,ch.unige.ping:background,10149,31837,60171236,[STARTED],false,true,0,0,60171508,
1431939837288,org.cyanogenmod.audiofx.HeadsetService,org.cyanogenmod.audiofx,10000,1289,67364,"[PERSISTENT,STARTED]",false,true,0,0,67374,
1431939837288,com.whatsapp.messaging.MessageService,com.whatsapp,10110,13544,67811,[STARTED],false,true,1,1,63232897,
1431939898276,com.android.bluetooth.hid.HidService,com.android.bluetooth,1002,0,49150,[],false,true,0,0,49160,
1431939898276,com.cleanmaster.service.PermanentService,com.cleanmaster.mguard:service,10138,1271,94138,[STARTED],false,true,1,1,63342620,
1431939898276,com.google.android.music.dial.DialMediaRouteProviderService,com.google.android.music:main,10073,0,57202,[],false,true,0,0,57212,
1431939898276,ch.unige.css.services.PingService,ch.unige.ping,10149,1632,63643581,[STARTED],false,true,0,0,63643591,
1431939898276,com.google.android.search.core.service.BroadcastListenerService,com.google.android.googlequicksearchbox:search,10026,31980,75471,[STARTED],false,true,0,0,60192131,
1431939898276,com.android.systemui.keyguard.KeyguardService,com.android.systemui,10014,930,44352,[PERSISTENT],false,false,2,2,68066,
1431939898276,openiab.StoreService,cm.aptoide.pt,10148,0,54787,[],false,true,0,0,54797,
1431939898276,ch.unige.css.services.main.CssRegistryService,ch.unige.ping:background,10149,31837,60171236,[STARTED],false,true,0,0,60171508,
1431939898276,org.cyanogenmod.audiofx.HeadsetService,org.cyanogenmod.audiofx,10000,1289,67364,"[PERSISTENT,STARTED]",false,true,0,0,67374,
1431939898276,com.whatsapp.messaging.MessageService,com.whatsapp,10110,13544,67811,[STARTED],false,true,1,1,63232897,
1431939982686,com.android.bluetooth.hid.HidService,com.android.bluetooth,1002,0,49150,[],false,true,0,0,49160,
1431939982686,com.cleanmaster.service.PermanentService,com.cleanmaster.mguard:service,10138,1271,94138,[STARTED],false,true,1,1,63342620,
1431939982686,com.google.android.music.dial.DialMediaRouteProviderService,com.google.android.music:main,10073,0,57202,[],false,true,0,0,57212,
1431939982686,ch.unige.css.services.PingService,ch.unige.ping,10149,1632,63727976,[STARTED],false,true,0,0,63727986,
1431939982686,com.google.android.search.core.service.BroadcastListenerService,com.google.android.googlequicksearchbox:search,10026,31980,75471,[STARTED],false,true,0,0,60192131,
1431939982686,com.android.systemui.keyguard.KeyguardService,com.android.systemui,10014,930,44352,[PERSISTENT],false,false,2,2,68066,
1431939982686,openiab.StoreService,cm.aptoide.pt,10148,0,54787,[],false,true,0,0,54797,
1431939982686,ch.unige.css.services.main.CssRegistryService,ch.unige.ping:background,10149,31837,60171236,[STARTED],false,true,0,0,60171508,
1431939982686,org.cyanogenmod.audiofx.HeadsetService,org.cyanogenmod.audiofx,10000,1289,67364,"[PERSISTENT,STARTED]",false,true,0,0,67374,
1431939982686,com.whatsapp.messaging.MessageService,com.whatsapp,10110,13544,67811,[STARTED],false,true,1,1,63232897,
1431940042746,com.android.bluetooth.hid.HidService,com.android.bluetooth,1002,0,49150,[],false,true,0,0,49160,
1431940042746,com.cleanmaster.service.PermanentService,com.cleanmaster.mguard:service,10138,1271,94138,[STARTED],false,true,1,1,63342620,
1431940042746,com.google.android.music.dial.DialMediaRouteProviderService,com.google.android.music:main,10073,0,57202,[],false,true,0,0,57212,
1431940042746,ch.unige.css.services.PingService,ch.unige.ping,10149,1632,63788038,[STARTED],false,true,0,0,63788048,
1431940042746,com.google.android.search.core.service.BroadcastListenerService,com.google.android.googlequicksearchbox:search,10026,31980,75471,[STARTED],false,true,0,0,60192131,
1431940042746,com.android.systemui.keyguard.KeyguardService,com.android.systemui,10014,930,44352,[PERSISTENT],false,false,2,2,68066,
1431940042746,openiab.StoreService,cm.aptoide.pt,10148,0,54787,[],false,true,0,0,54797,
1431940042746,ch.unige.css.services.main.CssRegistryService,ch.unige.ping:background,10149,31837,60171236,[STARTED],false,true,0,0,60171508,
1431940042746,org.cyanogenmod.audiofx.HeadsetService,org.cyanogenmod.audiofx,10000,1289,67364,"[PERSISTENT,STARTED]",false,true,0,0,67374,
1431940042746,com.whatsapp.messaging.MessageService,com.whatsapp,10110,13544,67811,[STARTED],false,true,1,1,63232897,
1431940102714,com.android.bluetooth.hid.HidService,com.android.bluetooth,1002,0,49150,[],false,true,0,0,49160,
1431940102714,com.cleanmaster.service.PermanentService,com.cleanmaster.mguard:service,10138,1271,94138,[STARTED],false,true,1,1,63844889,
1431940102714,com.google.android.music.dial.DialMediaRouteProviderService,com.google.android.music:main,10073,0,57202,[],false,true,0,0,57212,
1431940102714,ch.unige.css.services.PingService,ch.unige.ping,10149,1632,63848050,[STARTED],false,true,0,0,63848060,
1431940102714,com.google.android.gms.car.CarService,com.google.android.gms:car,10020,6083,63846472,[],false,true,1,1,63846567,
1431940102714,com.google.android.search.core.service.BroadcastListenerService,com.google.android.googlequicksearchbox:search,10026,31980,75471,[STARTED],false,true,0,0,60192131,
1431940102714,com.android.systemui.keyguard.KeyguardService,com.android.systemui,10014,930,44352,[PERSISTENT],false,false,2,2,68066,
1431940102714,openiab.StoreService,cm.aptoide.pt,10148,0,54787,[],false,true,0,0,54797,
1431940102714,ch.unige.css.services.main.CssRegistryService,ch.unige.ping:background,10149,31837,60171236,[STARTED],false,true,0,0,60171508,
1431940102714,com.google.android.finsky.billing.iab.InAppBillingService,com.android.vending,10024,5998,63847489,[],false,true,1,1,63847499,
1431940162726,com.android.bluetooth.hid.HidService,com.android.bluetooth,1002,0,49150,[],false,true,0,0,49160,
1431940162726,com.cleanmaster.service.PermanentService,com.cleanmaster.mguard:service,10138,1271,94138,[STARTED],false,true,1,1,63904311,
1431940162726,com.google.android.music.dial.DialMediaRouteProviderService,com.google.android.music:main,10073,0,57202,[],false,true,0,0,57212,
1431940162726,ch.unige.css.services.PingService,ch.unige.ping,10149,1632,63908062,[STARTED],false,true,0,0,63908072,
1431940162726,com.google.android.search.core.service.BroadcastListenerService,com.google.android.googlequicksearchbox:search,10026,31980,75471,[STARTED],false,true,0,0,60192131,
1431940162726,com.android.systemui.keyguard.KeyguardService,com.android.systemui,10014,930,44352,[PERSISTENT],false,false,2,2,68066,
1431940162726,openiab.StoreService,cm.aptoide.pt,10148,0,54787,[],false,true,0,0,54797,
1431940162726,ch.unige.css.services.main.CssRegistryService,ch.unige.ping:background,10149,31837,60171236,[STARTED],false,true,0,0,60171508,
1431940162726,com.google.android.finsky.billing.iab.InAppBillingService,com.android.vending,10024,5998,63847489,[],false,true,1,1,63847499,
1431940162726,org.cyanogenmod.audiofx.HeadsetService,org.cyanogenmod.audiofx,10000,1289,67364,"[PERSISTENT,STARTED]",false,true,0,0,67374,
1431940222797,com.android.bluetooth.hid.HidService,com.android.bluetooth,1002,0,49150,[],false,true,0,0,49160,
1431940222797,com.cleanmaster.service.PermanentService,com.cleanmaster.mguard:service,10138,1271,94138,[STARTED],false,true,1,1,63953336,
1431940222797,com.google.android.music.dial.DialMediaRouteProviderService,com.google.android.music:main,10073,0,57202,[],false,true,0,0,57212,
1431940222797,ch.unige.css.services.PingService,ch.unige.ping,10149,1632,63968099,[STARTED],false,true,0,0,63968109,
1431940222797,com.google.android.search.core.service.BroadcastListenerService,com.google.android.googlequicksearchbox:search,10026,7423,75471,[STARTED],false,true,0,0,63951390,
1431940222797,com.android.systemui.keyguard.KeyguardService,com.android.systemui,10014,930,44352,[PERSISTENT],false,false,2,2,68066,
1431940222797,openiab.StoreService,cm.aptoide.pt,10148,0,54787,[],false,true,0,0,54797,
1431940222797,ch.unige.css.services.main.CssRegistryService,ch.unige.ping:background,10149,31837,60171236,[STARTED],false,true,0,0,60171508,
1431940222797,com.google.android.finsky.billing.iab.InAppBillingService,com.android.vending,10024,5998,63847489,[],false,true,1,1,63962573,
1431940222797,org.cyanogenmod.audiofx.HeadsetService,org.cyanogenmod.audiofx,10000,1289,67364,"[PERSISTENT,STARTED]",false,true,0,0,67374,
1431940282840,com.android.bluetooth.hid.HidService,com.android.bluetooth,1002,0,49150,[],false,true,0,0,49160,
1431940282840,com.cleanmaster.service.PermanentService,com.cleanmaster.mguard:service,10138,1271,94138,[STARTED],false,true,1,1,64026100,
1431940282840,com.google.android.music.dial.DialMediaRouteProviderService,com.google.android.music:main,10073,0,57202,[],false,true,0,0,57212,
1431940282840,ch.unige.css.services.PingService,ch.unige.ping,10149,1632,64028137,[STARTED],false,true,0,0,64028147,
1431940282840,com.google.android.search.core.service.BroadcastListenerService,com.google.android.googlequicksearchbox:search,10026,7423,75471,[STARTED],false,true,0,0,63951390,
1431940282840,com.android.systemui.keyguard.KeyguardService,com.android.systemui,10014,930,44352,[PERSISTENT],false,false,2,2,68066,
1431940282840,openiab.StoreService,cm.aptoide.pt,10148,0,54787,[],false,true,0,0,54797,
1431940282840,ch.unige.css.services.main.CssRegistryService,ch.unige.ping:background,10149,31837,60171236,[STARTED],false,true,0,0,60171508,
1431940282840,com.google.android.finsky.billing.iab.InAppBillingService,com.android.vending,10024,5998,63847489,[],false,true,1,1,63962573,
1431940282840,org.cyanogenmod.audiofx.HeadsetService,org.cyanogenmod.audiofx,10000,1289,67364,"[PERSISTENT,STARTED]",false,true,0,0,67374,
1431940342916,com.android.bluetooth.hid.HidService,com.android.bluetooth,1002,0,49150,[],false,true,0,0,49160,
1431940342916,com.cleanmaster.service.PermanentService,com.cleanmaster.mguard:service,10138,1271,94138,[STARTED],false,true,1,1,64026100,
1431940342916,com.google.android.music.dial.DialMediaRouteProviderService,com.google.android.music:main,10073,0,57202,[],false,true,0,0,57212,
1431940342916,ch.unige.css.services.PingService,ch.unige.ping,10149,1632,64088198,[STARTED],false,true,0,0,64088208,
1431940342916,com.google.android.search.core.service.BroadcastListenerService,com.google.android.googlequicksearchbox:search,10026,7423,75471,[STARTED],false,true,0,0,63951390,
1431940342916,com.android.systemui.keyguard.KeyguardService,com.android.systemui,10014,930,44352,[PERSISTENT],false,false,2,2,68066,
1431940342916,openiab.StoreService,cm.aptoide.pt,10148,0,54787,[],false,true,0,0,54797,
1431940342916,ch.unige.css.services.main.CssRegistryService,ch.unige.ping:background,10149,31837,60171236,[STARTED],false,true,0,0,60171508,
1431940342916,com.google.android.finsky.billing.iab.InAppBillingService,com.android.vending,10024,5998,63847489,[],false,true,1,1,63962573,
1431940342916,org.cyanogenmod.audiofx.HeadsetService,org.cyanogenmod.audiofx,10000,1289,67364,"[PERSISTENT,STARTED]",false,true,0,0,67374,
1431940402975,com.android.bluetooth.hid.HidService,com.android.bluetooth,1002,0,49150,[],false,true,0,0,49160,
1431940402975,com.cleanmaster.service.PermanentService,com.cleanmaster.mguard:service,10138,1271,94138,[STARTED],false,true,1,1,64026100,
1431940402975,com.google.android.music.dial.DialMediaRouteProviderService,com.google.android.music:main,10073,0,57202,[],false,true,0,0,57212,
1431940402975,ch.unige.css.services.PingService,ch.unige.ping,10149,1632,64148275,[STARTED],false,true,0,0,64148285,
1431940402975,com.google.android.search.core.service.BroadcastListenerService,com.google.android.googlequicksearchbox:search,10026,7423,75471,[STARTED],false,true,0,0,63951390,
1431940402975,com.android.systemui.keyguard.KeyguardService,com.android.systemui,10014,930,44352,[PERSISTENT],false,false,2,2,68066,
1431940402975,openiab.StoreService,cm.aptoide.pt,10148,0,54787,[],false,true,0,0,54797,
1431940402975,ch.unige.css.services.main.CssRegistryService,ch.unige.ping:background,10149,31837,60171236,[STARTED],false,true,0,0,60171508,
1431940402975,com.google.android.finsky.billing.iab.InAppBillingService,com.android.vending,10024,5998,63847489,[],false,true,1,1,63962573,
1431940402975,org.cyanogenmod.audiofx.HeadsetService,org.cyanogenmod.audiofx,10000,1289,67364,"[PERSISTENT,STARTED]",false,true,0,0,67374,
1431940463196,com.android.bluetooth.hid.HidService,com.android.bluetooth,1002,0,49150,[],false,true,0,0,49160,
1431940463196,com.cleanmaster.service.PermanentService,com.cleanmaster.mguard:service,10138,1271,94138,[STARTED],false,true,1,1,64026100,
1431940463196,com.google.android.music.dial.DialMediaRouteProviderService,com.google.android.music:main,10073,0,57202,[],false,true,0,0,57212,
1431940463196,ch.unige.css.services.PingService,ch.unige.ping,10149,1632,64208494,[STARTED],false,true,0,0,64208504,
1431940463196,com.google.android.search.core.service.BroadcastListenerService,com.google.android.googlequicksearchbox:search,10026,7423,75471,[STARTED],false,true,0,0,63951390,
1431940463196,com.android.systemui.keyguard.KeyguardService,com.android.systemui,10014,930,44352,[PERSISTENT],false,false,2,2,68066,
1431940463196,openiab.StoreService,cm.aptoide.pt,10148,0,54787,[],false,true,0,0,54797,
1431940463196,ch.unige.css.services.main.CssRegistryService,ch.unige.ping:background,10149,31837,60171236,[STARTED],false,true,0,0,60171508,
1431940463196,com.google.android.finsky.billing.iab.InAppBillingService,com.android.vending,10024,5998,63847489,[],false,true,1,1,63962573,
1431940463196,org.cyanogenmod.audiofx.HeadsetService,org.cyanogenmod.audiofx,10000,1289,67364,"[PERSISTENT,STARTED]",false,true,0,0,67374,
1431940523418,com.android.bluetooth.hid.HidService,com.android.bluetooth,1002,0,49150,[],false,true,0,0,49160,
1431940523418,com.cleanmaster.service.PermanentService,com.cleanmaster.mguard:service,10138,1271,94138,[STARTED],false,true,1,1,64261728,
1431940523418,com.google.android.music.dial.DialMediaRouteProviderService,com.google.android.music:main,10073,0,57202,[],false,true,0,0,57212,
1431940523418,ch.unige.css.services.PingService,ch.unige.ping,10149,1632,64268606,[STARTED],false,true,0,0,64268616,
1431940523418,com.google.android.search.core.service.BroadcastListenerService,com.google.android.googlequicksearchbox:search,10026,7423,75471,[STARTED],false,true,0,0,63951390,
1431940523418,com.android.systemui.keyguard.KeyguardService,com.android.systemui,10014,930,44352,[PERSISTENT],false,false,2,2,68066,
1431940523418,openiab.StoreService,cm.aptoide.pt,10148,0,54787,[],false,true,0,0,54797,
1431940523418,ch.unige.css.services.main.CssRegistryService,ch.unige.ping:background,10149,31837,60171236,[STARTED],false,true,0,0,60171508,
1431940523418,com.google.android.finsky.billing.iab.InAppBillingService,com.android.vending,10024,5998,63847489,[],false,true,1,1,63962573,
1431940523418,org.cyanogenmod.audiofx.HeadsetService,org.cyanogenmod.audiofx,10000,1289,67364,"[PERSISTENT,STARTED]",false,true,0,0,67374,
1431940583451,com.android.bluetooth.hid.HidService,com.android.bluetooth,1002,0,49150,[],false,true,0,0,49160,
1431940583451,com.cleanmaster.service.PermanentService,com.cleanmaster.mguard:service,10138,1271,94138,[STARTED],false,true,1,1,64261728,
1431940583451,com.google.android.music.dial.DialMediaRouteProviderService,com.google.android.music:main,10073,0,57202,[],false,true,0,0,57212,
1431940583451,ch.unige.css.services.PingService,ch.unige.ping,10149,1632,64328736,[STARTED],false,true,0,0,64328746,
1431940583451,com.google.android.search.core.service.BroadcastListenerService,com.google.android.googlequicksearchbox:search,10026,7423,75471,[STARTED],false,true,0,0,63951390,
1431940583451,com.android.systemui.keyguard.KeyguardService,com.android.systemui,10014,930,44352,[PERSISTENT],false,false,2,2,68066,
1431940583451,openiab.StoreService,cm.aptoide.pt,10148,0,54787,[],false,true,0,0,54797,
1431940583451,ch.unige.css.services.main.CssRegistryService,ch.unige.ping:background,10149,31837,60171236,[STARTED],false,true,0,0,60171508,
1431940583451,com.google.android.finsky.billing.iab.InAppBillingService,com.android.vending,10024,5998,63847489,[],false,true,1,1,63962573,
1431940583451,org.cyanogenmod.audiofx.HeadsetService,org.cyanogenmod.audiofx,10000,1289,67364,"[PERSISTENT,STARTED]",false,true,0,0,67374,
1431940643508,com.android.bluetooth.hid.HidService,com.android.bluetooth,1002,0,49150,[],false,true,0,0,49160,
1431940643508,com.cleanmaster.service.PermanentService,com.cleanmaster.mguard:service,10138,1271,94138,[STARTED],false,true,1,1,64261728,
1431940643508,com.google.android.music.dial.DialMediaRouteProviderService,com.google.android.music:main,10073,0,57202,[],false,true,0,0,57212,
1431940643508,ch.unige.css.services.PingService,ch.unige.ping,10149,1632,64388803,[STARTED],false,true,0,0,64388813,
1431940643508,com.google.android.search.core.service.BroadcastListenerService,com.google.android.googlequicksearchbox:search,10026,7423,75471,[STARTED],false,true,0,0,63951390,
1431940643508,com.android.systemui.keyguard.KeyguardService,com.android.systemui,10014,930,44352,[PERSISTENT],false,false,2,2,68066,
1431940643508,openiab.StoreService,cm.aptoide.pt,10148,0,54787,[],false,true,0,0,54797,
1431940643508,ch.unige.css.services.main.CssRegistryService,ch.unige.ping:background,10149,31837,60171236,[STARTED],false,true,0,0,60171508,
1431940643508,com.google.android.finsky.billing.iab.InAppBillingService,com.android.vending,10024,5998,63847489,[],false,true,1,1,63962573,
1431940643508,org.cyanogenmod.audiofx.HeadsetService,org.cyanogenmod.audiofx,10000,1289,67364,"[PERSISTENT,STARTED]",false,true,0,0,67374,
1431940703623,com.android.bluetooth.hid.HidService,com.android.bluetooth,1002,0,49150,[],false,true,0,0,49160,
1431940703623,com.cleanmaster.service.PermanentService,com.cleanmaster.mguard:service,10138,1271,94138,[STARTED],false,true,1,1,64261728,
1431940703623,com.google.android.music.dial.DialMediaRouteProviderService,com.google.android.music:main,10073,0,57202,[],false,true,0,0,57212,
1431940703623,ch.unige.css.services.PingService,ch.unige.ping,10149,1632,64448899,[STARTED],false,true,0,0,64448909,
1431940703623,com.google.android.search.core.service.BroadcastListenerService,com.google.android.googlequicksearchbox:search,10026,7423,75471,[STARTED],false,true,0,0,63951390,
1431940703623,com.android.systemui.keyguard.KeyguardService,com.android.systemui,10014,930,44352,[PERSISTENT],false,false,2,2,68066,
1431940703623,openiab.StoreService,cm.aptoide.pt,10148,0,54787,[],false,true,0,0,54797,
1431940703623,ch.unige.css.services.main.CssRegistryService,ch.unige.ping:background,10149,31837,60171236,[STARTED],false,true,0,0,60171508,
1431940703623,com.google.android.finsky.billing.iab.InAppBillingService,com.android.vending,10024,5998,63847489,[],false,true,1,1,63962573,
1431940703623,org.cyanogenmod.audiofx.HeadsetService,org.cyanogenmod.audiofx,10000,1289,67364,"[PERSISTENT,STARTED]",false,true,0,0,67374,
1431940763748,com.android.bluetooth.hid.HidService,com.android.bluetooth,1002,0,49150,[],false,true,0,0,49160,
1431940763748,com.cleanmaster.service.PermanentService,com.cleanmaster.mguard:service,10138,1271,94138,[STARTED],false,true,1,1,64261728,
1431940763748,com.google.android.music.dial.DialMediaRouteProviderService,com.google.android.music:main,10073,0,57202,[],false,true,0,0,57212,
1431940763748,ch.unige.css.services.PingService,ch.unige.ping,10149,1632,64509021,[STARTED],false,true,0,0,64509031,
1431940763748,com.google.android.search.core.service.BroadcastListenerService,com.google.android.googlequicksearchbox:search,10026,7423,75471,[STARTED],false,true,0,0,63951390,
1431940763748,com.android.systemui.keyguard.KeyguardService,com.android.systemui,10014,930,44352,[PERSISTENT],false,false,2,2,68066,
1431940763748,openiab.StoreService,cm.aptoide.pt,10148,0,54787,[],false,true,0,0,54797,
1431940763748,ch.unige.css.services.main.CssRegistryService,ch.unige.ping:background,10149,31837,60171236,[STARTED],false,true,0,0,60171508,
1431940763748,com.google.android.finsky.billing.iab.InAppBillingService,com.android.vending,10024,5998,63847489,[],false,true,1,1,63962573,
1431940763748,org.cyanogenmod.audiofx.HeadsetService,org.cyanogenmod.audiofx,10000,1289,67364,"[PERSISTENT,STARTED]",false,true,0,0,67374,
1431940823844,com.android.bluetooth.hid.HidService,com.android.bluetooth,1002,0,49150,[],false,true,0,0,49160,
1431940823844,com.cleanmaster.service.PermanentService,com.cleanmaster.mguard:service,10138,1271,94138,[STARTED],false,true,1,1,64261728,
1431940823844,com.google.android.music.dial.DialMediaRouteProviderService,com.google.android.music:main,10073,0,57202,[],false,true,0,0,57212,
1431940823844,ch.unige.css.services.PingService,ch.unige.ping,10149,1632,64569106,[STARTED],false,true,0,0,64569116,
1431940823844,com.google.android.search.core.service.BroadcastListenerService,com.google.android.googlequicksearchbox:search,10026,7423,75471,[STARTED],false,true,0,0,63951390,
1431940823844,com.android.systemui.keyguard.KeyguardService,com.android.systemui,10014,930,44352,[PERSISTENT],false,false,2,2,68066,
1431940823844,openiab.StoreService,cm.aptoide.pt,10148,0,54787,[],false,true,0,0,54797,
1431940823844,ch.unige.css.services.main.CssRegistryService,ch.unige.ping:background,10149,31837,60171236,[STARTED],false,true,0,0,60171508,
1431940823844,com.google.android.finsky.billing.iab.InAppBillingService,com.android.vending,10024,5998,63847489,[],false,true,1,1,63962573,
1431940823844,org.cyanogenmod.audiofx.HeadsetService,org.cyanogenmod.audiofx,10000,1289,67364,"[PERSISTENT,STARTED]",false,true,0,0,67374,
1431940883919,com.android.bluetooth.hid.HidService,com.android.bluetooth,1002,0,49150,[],false,true,0,0,49160,
1431940883919,com.cleanmaster.service.PermanentService,com.cleanmaster.mguard:service,10138,1271,94138,[STARTED],false,true,1,1,64261728,
1431940883919,com.google.android.music.dial.DialMediaRouteProviderService,com.google.android.music:main,10073,0,57202,[],false,true,0,0,57212,
1431940883919,ch.unige.css.services.PingService,ch.unige.ping,10149,1632,64629201,[STARTED],false,true,0,0,64629211,
1431940883919,com.google.android.search.core.service.BroadcastListenerService,com.google.android.googlequicksearchbox:search,10026,7423,75471,[STARTED],false,true,0,0,63951390,
1431940883919,com.android.systemui.keyguard.KeyguardService,com.android.systemui,10014,930,44352,[PERSISTENT],false,false,2,2,68066,
1431940883919,openiab.StoreService,cm.aptoide.pt,10148,0,54787,[],false,true,0,0,54797,
1431940883919,ch.unige.css.services.main.CssRegistryService,ch.unige.ping:background,10149,31837,60171236,[STARTED],false,true,0,0,60171508,
1431940883919,com.google.android.finsky.billing.iab.InAppBillingService,com.android.vending,10024,5998,63847489,[],false,true,1,1,63962573,
1431940883919,org.cyanogenmod.audiofx.HeadsetService,org.cyanogenmod.audiofx,10000,1289,67364,"[PERSISTENT,STARTED]",false,true,0,0,67374,
1431940944034,com.android.bluetooth.hid.HidService,com.android.bluetooth,1002,0,49150,[],false,true,0,0,49160,
1431940944034,com.cleanmaster.service.PermanentService,com.cleanmaster.mguard:service,10138,1271,94138,[STARTED],false,true,1,1,64261728,
1431940944034,com.google.android.music.dial.DialMediaRouteProviderService,com.google.android.music:main,10073,0,57202,[],false,true,0,0,57212,
1431940944034,ch.unige.css.services.PingService,ch.unige.ping,10149,1632,64689314,[STARTED],false,true,0,0,64689324,
1431940944034,com.google.android.search.core.service.BroadcastListenerService,com.google.android.googlequicksearchbox:search,10026,7423,75471,[STARTED],false,true,0,0,63951390,
1431940944034,com.android.systemui.keyguard.KeyguardService,com.android.systemui,10014,930,44352,[PERSISTENT],false,false,2,2,68066,
1431940944034,openiab.StoreService,cm.aptoide.pt,10148,0,54787,[],false,true,0,0,54797,
1431940944034,ch.unige.css.services.main.CssRegistryService,ch.unige.ping:background,10149,31837,60171236,[STARTED],false,true,0,0,60171508,
1431940944034,com.google.android.finsky.billing.iab.InAppBillingService,com.android.vending,10024,5998,63847489,[],false,true,1,1,63962573,
1431940944034,org.cyanogenmod.audiofx.HeadsetService,org.cyanogenmod.audiofx,10000,1289,67364,"[PERSISTENT,STARTED]",false,true,0,0,67374,
1431941004017,com.android.bluetooth.hid.HidService,com.android.bluetooth,1002,0,49150,[],false,true,0,0,49160,
1431941004017,com.cleanmaster.service.PermanentService,com.cleanmaster.mguard:service,10138,1271,94138,[STARTED],false,true,1,1,64746059,
1431941004017,com.google.android.music.dial.DialMediaRouteProviderService,com.google.android.music:main,10073,0,57202,[],false,true,0,0,57212,
1431941004017,ch.unige.css.services.PingService,ch.unige.ping,10149,1632,64749347,[STARTED],false,true,0,0,64749357,
1431941004017,com.google.android.search.core.service.BroadcastListenerService,com.google.android.googlequicksearchbox:search,10026,7423,75471,[STARTED],false,true,0,0,63951390,
1431941004017,com.android.systemui.keyguard.KeyguardService,com.android.systemui,10014,930,44352,[PERSISTENT],false,false,2,2,68066,
1431941004017,openiab.StoreService,cm.aptoide.pt,10148,0,54787,[],false,true,0,0,54797,
1431941004017,ch.unige.css.services.main.CssRegistryService,ch.unige.ping:background,10149,31837,60171236,[STARTED],false,true,0,0,60171508,
1431941004017,com.google.android.finsky.billing.iab.InAppBillingService,com.android.vending,10024,5998,63847489,[],false,true,1,1,63962573,
1431941004017,org.cyanogenmod.audiofx.HeadsetService,org.cyanogenmod.audiofx,10000,1289,67364,"[PERSISTENT,STARTED]",false,true,0,0,67374,
1431941063029,com.android.bluetooth.hid.HidService,com.android.bluetooth,1002,0,49150,[],false,true,0,0,49160,
1431941063029,com.cleanmaster.service.PermanentService,com.cleanmaster.mguard:service,10138,1271,94138,[STARTED],false,true,1,1,64775068,
1431941063029,com.google.android.music.dial.DialMediaRouteProviderService,com.google.android.music:main,10073,0,57202,[],false,true,0,0,57212,
1431941063029,ch.unige.css.services.PingService,ch.unige.ping,10149,1632,64809438,[STARTED],false,true,0,0,64809448,
1431941063029,com.google.android.search.core.service.BroadcastListenerService,com.google.android.googlequicksearchbox:search,10026,7423,75471,[STARTED],false,true,0,0,63951390,
1431941063029,com.google.android.gms.car.InCallServiceImpl,com.google.android.gms:car,10020,11333,64776194,[],false,true,2,2,64776814,
1431941063029,com.android.systemui.keyguard.KeyguardService,com.android.systemui,10014,930,44352,[PERSISTENT],false,false,2,2,68066,
1431941063029,openiab.StoreService,cm.aptoide.pt,10148,0,54787,[],false,true,0,0,54797,
1431941063029,ch.unige.css.services.main.CssRegistryService,ch.unige.ping:background,10149,31837,60171236,[STARTED],false,true,0,0,60171508,
1431941063029,org.cyanogenmod.audiofx.HeadsetService,org.cyanogenmod.audiofx,10000,1289,67364,"[PERSISTENT,STARTED]",false,true,0,0,67374,
1431941124172,com.android.bluetooth.hid.HidService,com.android.bluetooth,1002,0,49150,[],false,true,0,0,49160,
1431941124172,com.cleanmaster.service.PermanentService,com.cleanmaster.mguard:service,10138,1271,94138,[STARTED],false,true,1,1,64775068,
1431941124172,com.google.android.music.dial.DialMediaRouteProviderService,com.google.android.music:main,10073,0,57202,[],false,true,0,0,57212,
1431941124172,ch.unige.css.services.PingService,ch.unige.ping,10149,1632,64869485,[STARTED],false,true,0,0,64869495,
1431941124172,com.google.android.search.core.service.BroadcastListenerService,com.google.android.googlequicksearchbox:search,10026,7423,75471,[STARTED],false,true,0,0,63951390,
1431941124172,com.android.systemui.keyguard.KeyguardService,com.android.systemui,10014,930,44352,[PERSISTENT],false,false,2,2,68066,
1431941124172,openiab.StoreService,cm.aptoide.pt,10148,0,54787,[],false,true,0,0,54797,
1431941124172,ch.unige.css.services.main.CssRegistryService,ch.unige.ping:background,10149,31837,60171236,[STARTED],false,true,0,0,60171508,
1431941124172,com.google.android.finsky.billing.iab.InAppBillingService,com.android.vending,10024,12486,64861700,[],false,true,1,1,64861710,
1431941124172,org.cyanogenmod.audiofx.HeadsetService,org.cyanogenmod.audiofx,10000,1289,67364,"[PERSISTENT,STARTED]",false,true,0,0,67374,
1431941183247,com.android.bluetooth.hid.HidService,com.android.bluetooth,1002,0,49150,[],false,true,0,0,49160,
1431941183247,com.cleanmaster.service.PermanentService,com.cleanmaster.mguard:service,10138,1271,94138,[STARTED],false,true,1,1,64775068,
1431941183247,com.google.android.music.dial.DialMediaRouteProviderService,com.google.android.music:main,10073,0,57202,[],false,true,0,0,57212,
1431941183247,ch.unige.css.services.PingService,ch.unige.ping,10149,1632,64929683,[STARTED],false,true,0,0,64929693,
1431941183247,com.google.android.search.core.service.BroadcastListenerService,com.google.android.googlequicksearchbox:search,10026,13698,75471,[STARTED],false,true,0,0,64920810,
1431941183247,com.google.android.gms.car.InCallServiceImpl,com.google.android.gms:car,10020,13836,64925116,[],false,true,2,2,64925453,
1431941183247,com.android.systemui.keyguard.KeyguardService,com.android.systemui,10014,930,44352,[PERSISTENT],false,false,2,2,68066,
1431941183247,openiab.StoreService,cm.aptoide.pt,10148,0,54787,[],false,true,0,0,54797,
1431941183247,ch.unige.css.services.main.CssRegistryService,ch.unige.ping:background,10149,31837,60171236,[STARTED],false,true,0,0,60171508,
1431941183247,com.google.android.finsky.billing.iab.InAppBillingService,com.android.vending,10024,12486,64861700,[],false,true,1,1,64861710,
1431941243842,com.android.bluetooth.hid.HidService,com.android.bluetooth,1002,0,49150,[],false,true,0,0,49160,
1431941243842,com.cleanmaster.service.PermanentService,com.cleanmaster.mguard:service,10138,1271,94138,[STARTED],false,true,1,1,64775068,
1431941243842,com.google.android.music.dial.DialMediaRouteProviderService,com.google.android.music:main,10073,0,57202,[],false,true,0,0,57212,
1431941243842,ch.unige.css.services.PingService,ch.unige.ping,10149,1632,64989700,[STARTED],false,true,0,0,64989710,
1431941243842,com.google.android.search.core.service.BroadcastListenerService,com.google.android.googlequicksearchbox:search,10026,13698,75471,[STARTED],false,true,0,0,64920810,
1431941243842,com.google.android.gms.car.InCallServiceImpl,com.google.android.gms:car,10020,13836,64925116,[],false,true,1,1,64925453,
1431941243842,com.android.systemui.keyguard.KeyguardService,com.android.systemui,10014,930,44352,[PERSISTENT],false,false,2,2,68066,
1431941243842,openiab.StoreService,cm.aptoide.pt,10148,0,54787,[],false,true,0,0,54797,
1431941243842,ch.unige.css.services.main.CssRegistryService,ch.unige.ping:background,10149,31837,60171236,[STARTED],false,true,0,0,60171508,
1431941243842,org.cyanogenmod.audiofx.HeadsetService,org.cyanogenmod.audiofx,10000,1289,67364,"[PERSISTENT,STARTED]",false,true,0,0,67374,
1431941303870,com.android.bluetooth.hid.HidService,com.android.bluetooth,1002,0,49150,[],false,true,0,0,49160,
1431941303870,com.cleanmaster.service.PermanentService,com.cleanmaster.mguard:service,10138,1271,94138,[STARTED],false,true,1,1,64775068,
1431941303870,com.google.android.music.dial.DialMediaRouteProviderService,com.google.android.music:main,10073,0,57202,[],false,true,0,0,57212,
1431941303870,ch.unige.css.services.PingService,ch.unige.ping,10149,1632,65049728,[STARTED],false,true,0,0,65049738,
1431941303870,com.google.android.search.core.service.BroadcastListenerService,com.google.android.googlequicksearchbox:search,10026,13698,75471,[STARTED],false,true,0,0,64920810,
1431941303870,com.android.systemui.keyguard.KeyguardService,com.android.systemui,10014,930,44352,[PERSISTENT],false,false,2,2,68066,
1431941303870,openiab.StoreService,cm.aptoide.pt,10148,0,54787,[],false,true,0,0,54797,
1431941303870,ch.unige.css.services.main.CssRegistryService,ch.unige.ping:background,10149,31837,60171236,[STARTED],false,true,0,0,60171508,
1431941303870,com.google.android.finsky.billing.iab.InAppBillingService,com.android.vending,10024,16421,65049622,[],false,true,1,1,65049704,
1431941303870,org.cyanogenmod.audiofx.HeadsetService,org.cyanogenmod.audiofx,10000,1289,67364,"[PERSISTENT,STARTED]",false,true,0,0,67374,
1431941363975,com.android.bluetooth.hid.HidService,com.android.bluetooth,1002,0,49150,[],false,true,0,0,49160,
1431941363975,com.cleanmaster.service.PermanentService,com.cleanmaster.mguard:service,10138,1271,94138,[STARTED],false,true,1,1,64775068,
1431941363975,com.google.android.music.dial.DialMediaRouteProviderService,com.google.android.music:main,10073,0,57202,[],false,true,0,0,57212,
1431941363975,ch.unige.css.services.PingService,ch.unige.ping,10149,1632,65109758,[STARTED],false,true,0,0,65109769,
1431941363975,com.android.calendar.widget.CalendarAppWidgetService,com.google.android.calendar,10069,17978,65108337,[],false,true,1,1,65108348,
1431941363975,com.google.android.search.core.service.BroadcastListenerService,com.google.android.googlequicksearchbox:search,10026,17342,75471,[STARTED],false,true,0,0,65091728,
1431941363975,com.google.android.gms.car.InCallServiceImpl,com.google.android.gms:car,10020,17632,65102153,[],false,true,2,2,65102479,
1431941363975,com.android.systemui.keyguard.KeyguardService,com.android.systemui,10014,930,44352,[PERSISTENT],false,false,2,2,68066,
1431941363975,com.android.calendar.alerts.AlertService,com.android.calendar,10033,17826,65107587,[STARTED],false,true,0,0,65107598,
1431941363975,openiab.StoreService,cm.aptoide.pt,10148,0,54787,[],false,true,0,0,54797,
1431941424096,com.android.bluetooth.hid.HidService,com.android.bluetooth,1002,0,49150,[],false,true,0,0,49160,
1431941424096,com.cleanmaster.service.PermanentService,com.cleanmaster.mguard:service,10138,1271,94138,[STARTED],false,true,1,1,64775068,
1431941424096,com.google.android.music.dial.DialMediaRouteProviderService,com.google.android.music:main,10073,0,57202,[],false,true,0,0,57212,
1431941424096,ch.unige.css.services.PingService,ch.unige.ping,10149,1632,65169861,[STARTED],false,true,0,0,65169872,
1431941424096,com.google.android.search.core.service.BroadcastListenerService,com.google.android.googlequicksearchbox:search,10026,17342,75471,[STARTED],false,true,0,0,65091728,
1431941424096,com.google.android.gms.car.InCallServiceImpl,com.google.android.gms:car,10020,17632,65102153,[],false,true,2,2,65102479,
1431941424096,com.android.systemui.keyguard.KeyguardService,com.android.systemui,10014,930,44352,[PERSISTENT],false,false,2,2,68066,
1431941424096,openiab.StoreService,cm.aptoide.pt,10148,0,54787,[],false,true,0,0,54797,
1431941424096,ch.unige.css.services.main.CssRegistryService,ch.unige.ping:background,10149,31837,60171236,[STARTED],false,true,0,0,60171508,
1431941424096,org.cyanogenmod.audiofx.HeadsetService,org.cyanogenmod.audiofx,10000,1289,67364,"[PERSISTENT,STARTED]",false,true,0,0,67374,
1431941484160,com.android.bluetooth.hid.HidService,com.android.bluetooth,1002,0,49150,[],false,true,0,0,49160,
1431941484160,com.cleanmaster.service.PermanentService,com.cleanmaster.mguard:service,10138,1271,94138,[STARTED],false,true,1,1,64775068,
1431941484160,com.google.android.music.dial.DialMediaRouteProviderService,com.google.android.music:main,10073,0,57202,[],false,true,0,0,57212,
1431941484160,ch.unige.css.services.PingService,ch.unige.ping,10149,1632,65229920,[STARTED],false,true,0,0,65229931,
1431941484160,com.google.android.search.core.service.BroadcastListenerService,com.google.android.googlequicksearchbox:search,10026,17342,75471,[STARTED],false,true,0,0,65091728,
1431941484160,com.google.android.gms.car.InCallServiceImpl,com.google.android.gms:car,10020,17632,65102153,[],false,true,2,2,65102479,
1431941484160,com.android.systemui.keyguard.KeyguardService,com.android.systemui,10014,930,44352,[PERSISTENT],false,false,2,2,68066,
1431941484160,openiab.StoreService,cm.aptoide.pt,10148,0,54787,[],false,true,0,0,54797,
1431941484160,ch.unige.css.services.main.CssRegistryService,ch.unige.ping:background,10149,31837,60171236,[STARTED],false,true,0,0,60171508,
1431941484160,org.cyanogenmod.audiofx.HeadsetService,org.cyanogenmod.audiofx,10000,1289,67364,"[PERSISTENT,STARTED]",false,true,0,0,67374,
1431941560412,com.android.bluetooth.hid.HidService,com.android.bluetooth,1002,0,49150,[],false,true,0,0,49160,
1431941560412,com.cleanmaster.service.PermanentService,com.cleanmaster.mguard:service,10138,1271,94138,[STARTED],false,true,1,1,64775068,
1431941560412,com.google.android.music.dial.DialMediaRouteProviderService,com.google.android.music:main,10073,0,57202,[],false,true,0,0,57212,
1431941560412,ch.unige.css.services.PingService,ch.unige.ping,10149,1632,65306167,[STARTED],false,true,0,0,65306178,
1431941560412,com.google.android.search.core.service.BroadcastListenerService,com.google.android.googlequicksearchbox:search,10026,17342,75471,[STARTED],false,true,0,0,65091728,
1431941560412,com.google.android.gms.car.InCallServiceImpl,com.google.android.gms:car,10020,17632,65102153,[],false,true,2,2,65102479,
1431941560412,com.android.systemui.keyguard.KeyguardService,com.android.systemui,10014,930,44352,[PERSISTENT],false,false,2,2,68066,
1431941560412,openiab.StoreService,cm.aptoide.pt,10148,0,54787,[],false,true,0,0,54797,
1431941560412,ch.unige.css.services.main.CssRegistryService,ch.unige.ping:background,10149,31837,60171236,[STARTED],false,true,0,0,60171508,
1431941560412,org.cyanogenmod.audiofx.HeadsetService,org.cyanogenmod.audiofx,10000,1289,67364,"[PERSISTENT,STARTED]",false,true,0,0,67374,
1431941657321,com.android.bluetooth.hid.HidService,com.android.bluetooth,1002,0,49150,[],false,true,0,0,49160,
1431941657321,com.cleanmaster.service.PermanentService,com.cleanmaster.mguard:service,10138,1271,94138,[STARTED],false,true,1,1,64775068,
1431941657321,com.google.android.music.dial.DialMediaRouteProviderService,com.google.android.music:main,10073,0,57202,[],false,true,0,0,57212,
1431941657321,ch.unige.css.services.PingService,ch.unige.ping,10149,1632,65403071,[STARTED],false,true,0,0,65403082,
1431941657321,com.google.android.search.core.service.BroadcastListenerService,com.google.android.googlequicksearchbox:search,10026,17342,75471,[STARTED],false,true,0,0,65091728,
1431941657321,com.google.android.gms.car.InCallServiceImpl,com.google.android.gms:car,10020,17632,65102153,[],false,true,2,2,65102479,
1431941657321,com.android.systemui.keyguard.KeyguardService,com.android.systemui,10014,930,44352,[PERSISTENT],false,false,2,2,68066,
1431941657321,openiab.StoreService,cm.aptoide.pt,10148,0,54787,[],false,true,0,0,54797,
1431941657321,ch.unige.css.services.main.CssRegistryService,ch.unige.ping:background,10149,31837,60171236,[STARTED],false,true,0,0,60171508,
1431941657321,org.cyanogenmod.audiofx.HeadsetService,org.cyanogenmod.audiofx,10000,1289,67364,"[PERSISTENT,STARTED]",false,true,0,0,67374,
1431941717824,com.android.bluetooth.hid.HidService,com.android.bluetooth,1002,0,49150,[],false,true,0,0,49160,
1431941717824,com.cleanmaster.service.PermanentService,com.cleanmaster.mguard:service,10138,1271,94138,[STARTED],false,true,1,1,64775068,
1431941717824,com.google.android.music.dial.DialMediaRouteProviderService,com.google.android.music:main,10073,0,57202,[],false,true,0,0,57212,
1431941717824,ch.unige.css.services.PingService,ch.unige.ping,10149,1632,65463096,[STARTED],false,true,0,0,65463107,
1431941717824,com.android.calendar.widget.CalendarAppWidgetService,com.google.android.calendar,10069,17978,65462957,[],false,true,1,1,65462967,
1431941717824,com.google.android.search.core.service.BroadcastListenerService,com.google.android.googlequicksearchbox:search,10026,17342,75471,[STARTED],false,true,0,0,65091728,
1431941717824,com.google.android.gms.car.InCallServiceImpl,com.google.android.gms:car,10020,17632,65102153,[],false,true,1,1,65102479,
1431941717824,com.android.systemui.keyguard.KeyguardService,com.android.systemui,10014,930,44352,[PERSISTENT],false,false,2,2,68066,
1431941717824,openiab.StoreService,cm.aptoide.pt,10148,0,54787,[],false,true,0,0,54797,
1431941717824,ch.unige.css.services.main.CssRegistryService,ch.unige.ping:background,10149,31837,60171236,[STARTED],false,true,0,0,60171508,
1431941777932,com.android.bluetooth.hid.HidService,com.android.bluetooth,1002,0,49150,[],false,true,0,0,49160,
1431941777932,com.cleanmaster.service.PermanentService,com.cleanmaster.mguard:service,10138,1271,94138,[STARTED],false,true,1,1,65519068,
1431941777932,com.google.android.music.dial.DialMediaRouteProviderService,com.google.android.music:main,10073,0,57202,[],false,true,0,0,57212,
1431941777932,ch.unige.css.services.PingService,ch.unige.ping,10149,1632,65523183,[STARTED],false,true,0,0,65523194,
1431941777932,com.google.android.search.core.service.BroadcastListenerService,com.google.android.googlequicksearchbox:search,10026,17342,75471,[STARTED],false,true,0,0,65091728,
1431941777932,com.google.android.gms.car.InCallServiceImpl,com.google.android.gms:car,10020,17632,65102153,[],false,true,1,1,65102479,
1431941777932,com.android.systemui.keyguard.KeyguardService,com.android.systemui,10014,930,44352,[PERSISTENT],false,false,2,2,68066,
1431941777932,openiab.StoreService,cm.aptoide.pt,10148,0,54787,[],false,true,0,0,54797,
1431941777932,ch.unige.css.services.main.CssRegistryService,ch.unige.ping:background,10149,31837,60171236,[STARTED],false,true,0,0,60171508,
1431941777932,org.cyanogenmod.audiofx.HeadsetService,org.cyanogenmod.audiofx,10000,1289,67364,"[PERSISTENT,STARTED]",false,true,0,0,67374,
1431941837981,com.android.bluetooth.hid.HidService,com.android.bluetooth,1002,0,49150,[],false,true,0,0,49160,
1431941837981,com.cleanmaster.service.PermanentService,com.cleanmaster.mguard:service,10138,1271,94138,[STARTED],false,true,1,1,65519068,
1431941837981,com.google.android.music.dial.DialMediaRouteProviderService,com.google.android.music:main,10073,0,57202,[],false,true,0,0,57212,
1431941837981,ch.unige.css.services.PingService,ch.unige.ping,10149,1632,65583240,[STARTED],false,true,0,0,65583251,
1431941837981,com.google.android.search.core.service.BroadcastListenerService,com.google.android.googlequicksearchbox:search,10026,17342,75471,[STARTED],false,true,0,0,65091728,
1431941837981,com.google.android.gms.car.InCallServiceImpl,com.google.android.gms:car,10020,17632,65102153,[],false,true,1,1,65102479,
1431941837981,com.android.systemui.keyguard.KeyguardService,com.android.systemui,10014,930,44352,[PERSISTENT],false,false,2,2,68066,
1431941837981,openiab.StoreService,cm.aptoide.pt,10148,0,54787,[],false,true,0,0,54797,
1431941837981,ch.unige.css.services.main.CssRegistryService,ch.unige.ping:background,10149,31837,60171236,[STARTED],false,true,0,0,60171508,
1431941837981,org.cyanogenmod.audiofx.HeadsetService,org.cyanogenmod.audiofx,10000,1289,67364,"[PERSISTENT,STARTED]",false,true,0,0,67374,
1431941898033,com.android.bluetooth.hid.HidService,com.android.bluetooth,1002,0,49150,[],false,true,0,0,49160,
1431941898033,com.cleanmaster.service.PermanentService,com.cleanmaster.mguard:service,10138,1271,94138,[STARTED],false,true,1,1,65519068,
1431941898033,com.google.android.music.dial.DialMediaRouteProviderService,com.google.android.music:main,10073,0,57202,[],false,true,0,0,57212,
1431941898033,ch.unige.css.services.PingService,ch.unige.ping,10149,1632,65643283,[STARTED],false,true,0,0,65643294,
1431941898033,com.google.android.search.core.service.BroadcastListenerService,com.google.android.googlequicksearchbox:search,10026,17342,75471,[STARTED],false,true,0,0,65091728,
1431941898033,com.google.android.gms.car.InCallServiceImpl,com.google.android.gms:car,10020,17632,65102153,[],false,true,1,1,65102479,
1431941898033,com.android.systemui.keyguard.KeyguardService,com.android.systemui,10014,930,44352,[PERSISTENT],false,false,2,2,68066,
1431941898033,openiab.StoreService,cm.aptoide.pt,10148,0,54787,[],false,true,0,0,54797,
1431941898033,ch.unige.css.services.main.CssRegistryService,ch.unige.ping:background,10149,31837,60171236,[STARTED],false,true,0,0,60171508,
1431941898033,org.cyanogenmod.audiofx.HeadsetService,org.cyanogenmod.audiofx,10000,1289,67364,"[PERSISTENT,STARTED]",false,true,0,0,67374,
1431941959295,com.android.bluetooth.hid.HidService,com.android.bluetooth,1002,0,49150,[],false,true,0,0,49160,
1431941959295,com.cleanmaster.service.PermanentService,com.cleanmaster.mguard:service,10138,1271,94138,[STARTED],false,true,1,1,65519068,
1431941959295,com.google.android.music.dial.DialMediaRouteProviderService,com.google.android.music:main,10073,0,57202,[],false,true,0,0,57212,
1431941959295,ch.unige.css.services.PingService,ch.unige.ping,10149,1632,65704527,[STARTED],false,true,0,0,65704538,
1431941959295,com.google.android.search.core.service.BroadcastListenerService,com.google.android.googlequicksearchbox:search,10026,17342,75471,[STARTED],false,true,0,0,65091728,
1431941959295,com.google.android.gms.car.InCallServiceImpl,com.google.android.gms:car,10020,17632,65102153,[],false,true,1,1,65102479,
1431941959295,com.android.systemui.keyguard.KeyguardService,com.android.systemui,10014,930,44352,[PERSISTENT],false,false,2,2,68066,
1431941959295,openiab.StoreService,cm.aptoide.pt,10148,0,54787,[],false,true,0,0,54797,
1431941959295,ch.unige.css.services.main.CssRegistryService,ch.unige.ping:background,10149,31837,60171236,[STARTED],false,true,0,0,60171508,
1431941959295,org.cyanogenmod.audiofx.HeadsetService,org.cyanogenmod.audiofx,10000,1289,67364,"[PERSISTENT,STARTED]",false,true,0,0,67374,
1431942021871,com.android.bluetooth.hid.HidService,com.android.bluetooth,1002,0,49150,[],false,true,0,0,49160,
1431942021871,com.cleanmaster.service.PermanentService,com.cleanmaster.mguard:service,10138,1271,94138,[STARTED],false,true,1,1,65519068,
1431942021871,com.google.android.music.dial.DialMediaRouteProviderService,com.google.android.music:main,10073,0,57202,[],false,true,0,0,57212,
1431942021871,ch.unige.css.services.PingService,ch.unige.ping,10149,1632,65766878,[STARTED],false,true,0,0,65766889,
1431942021871,com.google.android.search.core.service.BroadcastListenerService,com.google.android.googlequicksearchbox:search,10026,17342,75471,[STARTED],false,true,0,0,65091728,
1431942021871,ch.unige.css.services.UserActivityService,ch.unige.ping,10149,1632,65767122,[STARTED],false,true,0,0,65767133,
1431942021871,com.google.android.gms.car.InCallServiceImpl,com.google.android.gms:car,10020,17632,65102153,[],false,true,1,1,65102479,
1431942021871,com.android.systemui.keyguard.KeyguardService,com.android.systemui,10014,930,44352,[PERSISTENT],false,false,2,2,68066,
1431942021871,openiab.StoreService,cm.aptoide.pt,10148,0,54787,[],false,true,0,0,54797,
1431942021871,ch.unige.css.services.main.CssRegistryService,ch.unige.ping:background,10149,31837,60171236,[STARTED],false,true,0,0,60171508,
1431942082091,com.android.bluetooth.hid.HidService,com.android.bluetooth,1002,0,49150,[],false,true,0,0,49160,
1431942082091,com.cleanmaster.service.PermanentService,com.cleanmaster.mguard:service,10138,1271,94138,[STARTED],false,true,1,1,65818111,
1431942082091,com.google.android.music.dial.DialMediaRouteProviderService,com.google.android.music:main,10073,0,57202,[],false,true,0,0,57212,
1431942082091,ch.unige.css.services.PingService,ch.unige.ping,10149,1632,65827198,[STARTED],false,true,0,0,65827208,
1431942082091,com.google.android.search.core.service.BroadcastListenerService,com.google.android.googlequicksearchbox:search,10026,17342,75471,[STARTED],false,true,0,0,65091728,
1431942082091,com.android.systemui.keyguard.KeyguardService,com.android.systemui,10014,930,44352,[PERSISTENT],false,false,2,2,68066,
1431942082091,openiab.StoreService,cm.aptoide.pt,10148,0,54787,[],false,true,0,0,54797,
1431942082091,ch.unige.css.services.main.CssRegistryService,ch.unige.ping:background,10149,31837,60171236,[STARTED],false,true,0,0,60171508,
1431942082091,com.google.android.finsky.billing.iab.InAppBillingService,com.android.vending,10024,16421,65792536,[],false,true,1,1,65792547,
1431942082091,org.cyanogenmod.audiofx.HeadsetService,org.cyanogenmod.audiofx,10000,1289,67364,"[PERSISTENT,STARTED]",false,true,0,0,67374,
1431942141981,com.android.bluetooth.hid.HidService,com.android.bluetooth,1002,0,49150,[],false,true,0,0,49160,
1431942141981,com.cleanmaster.service.PermanentService,com.cleanmaster.mguard:service,10138,1271,94138,[STARTED],false,true,1,1,65851066,
1431942141981,com.google.android.music.dial.DialMediaRouteProviderService,com.google.android.music:main,10073,0,57202,[],false,true,0,0,57212,
1431942141981,ch.unige.css.services.PingService,ch.unige.ping,10149,1632,65887222,[STARTED],false,true,0,0,65887233,
1431942141981,com.google.android.search.core.service.BroadcastListenerService,com.google.android.googlequicksearchbox:search,10026,17342,75471,[STARTED],false,true,0,0,65091728,
1431942141981,com.android.systemui.keyguard.KeyguardService,com.android.systemui,10014,930,44352,[PERSISTENT],false,false,2,2,68066,
1431942141981,openiab.StoreService,cm.aptoide.pt,10148,0,54787,[],false,true,0,0,54797,
1431942141981,ch.unige.css.services.main.CssRegistryService,ch.unige.ping:background,10149,31837,60171236,[STARTED],false,true,0,0,60171508,
1431942141981,com.google.android.finsky.billing.iab.InAppBillingService,com.android.vending,10024,16421,65792536,[],false,true,1,1,65792547,
1431942141981,org.cyanogenmod.audiofx.HeadsetService,org.cyanogenmod.audiofx,10000,1289,67364,"[PERSISTENT,STARTED]",false,true,0,0,67374,
1431942202002,com.android.bluetooth.hid.HidService,com.android.bluetooth,1002,0,49150,[],false,true,0,0,49160,
1431942202002,com.cleanmaster.service.PermanentService,com.cleanmaster.mguard:service,10138,1271,94138,[STARTED],false,true,1,1,65851066,
1431942202002,com.google.android.music.dial.DialMediaRouteProviderService,com.google.android.music:main,10073,0,57202,[],false,true,0,0,57212,
1431942202002,ch.unige.css.services.PingService,ch.unige.ping,10149,1632,65947254,[STARTED],false,true,0,0,65947264,
1431942202002,com.google.android.search.core.service.BroadcastListenerService,com.google.android.googlequicksearchbox:search,10026,17342,75471,[STARTED],false,true,0,0,65091728,
1431942202002,com.android.systemui.keyguard.KeyguardService,com.android.systemui,10014,930,44352,[PERSISTENT],false,false,2,2,68066,
1431942202002,openiab.StoreService,cm.aptoide.pt,10148,0,54787,[],false,true,0,0,54797,
1431942202002,ch.unige.css.services.main.CssRegistryService,ch.unige.ping:background,10149,31837,60171236,[STARTED],false,true,0,0,60171508,
1431942202002,com.google.android.finsky.billing.iab.InAppBillingService,com.android.vending,10024,16421,65792536,[],false,true,1,1,65792547,
1431942202002,org.cyanogenmod.audiofx.HeadsetService,org.cyanogenmod.audiofx,10000,1289,67364,"[PERSISTENT,STARTED]",false,true,0,0,67374,
1431942262020,com.android.bluetooth.hid.HidService,com.android.bluetooth,1002,0,49150,[],false,true,0,0,49160,
1431942262020,com.cleanmaster.service.PermanentService,com.cleanmaster.mguard:service,10138,1271,94138,[STARTED],false,true,1,1,65851066,
1431942262020,com.google.android.music.dial.DialMediaRouteProviderService,com.google.android.music:main,10073,0,57202,[],false,true,0,0,57212,
1431942262020,ch.unige.css.services.PingService,ch.unige.ping,10149,1632,66007272,[STARTED],false,true,0,0,66007283,
1431942262020,com.google.android.search.core.service.BroadcastListenerService,com.google.android.googlequicksearchbox:search,10026,17342,75471,[STARTED],false,true,0,0,65091728,
1431942262020,com.android.systemui.keyguard.KeyguardService,com.android.systemui,10014,930,44352,[PERSISTENT],false,false,2,2,68066,
1431942262020,openiab.StoreService,cm.aptoide.pt,10148,0,54787,[],false,true,0,0,54797,
1431942262020,ch.unige.css.services.main.CssRegistryService,ch.unige.ping:background,10149,31837,60171236,[STARTED],false,true,0,0,60171508,
1431942262020,com.google.android.finsky.billing.iab.InAppBillingService,com.android.vending,10024,16421,65792536,[],false,true,1,1,65792547,
1431942262020,org.cyanogenmod.audiofx.HeadsetService,org.cyanogenmod.audiofx,10000,1289,67364,"[PERSISTENT,STARTED]",false,true,0,0,67374,
1431942325295,com.android.bluetooth.hid.HidService,com.android.bluetooth,1002,0,49150,[],false,true,0,0,49160,
1431942325295,com.cleanmaster.service.PermanentService,com.cleanmaster.mguard:service,10138,1271,94138,[STARTED],false,true,1,1,66044100,
1431942325295,com.google.android.music.dial.DialMediaRouteProviderService,com.google.android.music:main,10073,0,57202,[],false,true,0,0,57212,
1431942325295,ch.unige.css.services.PingService,ch.unige.ping,10149,1632,66070565,[STARTED],false,true,0,0,66070575,
1431942325295,com.google.android.search.core.service.BroadcastListenerService,com.google.android.googlequicksearchbox:search,10026,22719,75471,[STARTED],false,true,0,0,66044360,
1431942325295,com.android.systemui.keyguard.KeyguardService,com.android.systemui,10014,930,44352,[PERSISTENT],false,false,2,2,68066,
1431942325295,openiab.StoreService,cm.aptoide.pt,10148,0,54787,[],false,true,0,0,54797,
1431942325295,ch.unige.css.services.main.CssRegistryService,ch.unige.ping:background,10149,31837,60171236,[STARTED],false,true,0,0,60171508,
1431942325295,com.google.android.finsky.billing.iab.InAppBillingService,com.android.vending,10024,16421,65792536,[],false,true,1,1,65792547,
1431942325295,org.cyanogenmod.audiofx.HeadsetService,org.cyanogenmod.audiofx,10000,1289,67364,"[PERSISTENT,STARTED]",false,true,0,0,67374,
1431942385399,com.android.bluetooth.hid.HidService,com.android.bluetooth,1002,0,49150,[],false,true,0,0,49160,
1431942385399,com.cleanmaster.service.PermanentService,com.cleanmaster.mguard:service,10138,1271,94138,[STARTED],false,true,1,1,66118278,
1431942385399,com.google.android.music.dial.DialMediaRouteProviderService,com.google.android.music:main,10073,0,57202,[],false,true,0,0,57212,
1431942385399,ch.unige.css.services.PingService,ch.unige.ping,10149,1632,66130636,[STARTED],false,true,0,0,66130647,
1431942385399,com.google.android.search.core.service.BroadcastListenerService,com.google.android.googlequicksearchbox:search,10026,22719,75471,[STARTED],false,true,0,0,66044360,
1431942385399,com.android.systemui.keyguard.KeyguardService,com.android.systemui,10014,930,44352,[PERSISTENT],false,false,2,2,68066,
1431942385399,openiab.StoreService,cm.aptoide.pt,10148,0,54787,[],false,true,0,0,54797,
1431942385399,ch.unige.css.services.main.CssRegistryService,ch.unige.ping:background,10149,31837,60171236,[STARTED],false,true,0,0,60171508,
1431942385399,com.google.android.finsky.billing.iab.InAppBillingService,com.android.vending,10024,16421,65792536,[],false,true,1,1,65792547,
1431942385399,org.cyanogenmod.audiofx.HeadsetService,org.cyanogenmod.audiofx,10000,1289,67364,"[PERSISTENT,STARTED]",false,true,0,0,67374,
1431942445380,com.android.bluetooth.hid.HidService,com.android.bluetooth,1002,0,49150,[],false,true,0,0,49160,
1431942445380,com.cleanmaster.service.PermanentService,com.cleanmaster.mguard:service,10138,1271,94138,[STARTED],false,true,1,1,66162888,
1431942445380,com.google.android.music.dial.DialMediaRouteProviderService,com.google.android.music:main,10073,0,57202,[],false,true,0,0,57212,
1431942445380,ch.unige.css.services.PingService,ch.unige.ping,10149,1632,66190652,[STARTED],false,true,0,0,66190662,
1431942445380,com.google.android.search.core.service.BroadcastListenerService,com.google.android.googlequicksearchbox:search,10026,22719,75471,[STARTED],false,true,0,0,66044360,
1431942445380,com.android.systemui.keyguard.KeyguardService,com.android.systemui,10014,930,44352,[PERSISTENT],false,false,2,2,68066,
1431942445380,openiab.StoreService,cm.aptoide.pt,10148,0,54787,[],false,true,0,0,54797,
1431942445380,ch.unige.css.services.main.CssRegistryService,ch.unige.ping:background,10149,31837,60171236,[STARTED],false,true,0,0,60171508,
1431942445380,com.google.android.finsky.billing.iab.InAppBillingService,com.android.vending,10024,16421,65792536,[],false,true,1,1,65792547,
1431942445380,org.cyanogenmod.audiofx.HeadsetService,org.cyanogenmod.audiofx,10000,1289,67364,"[PERSISTENT,STARTED]",false,true,0,0,67374,
1431942507946,com.android.bluetooth.hid.HidService,com.android.bluetooth,1002,0,49150,[],false,true,0,0,49160,
1431942507946,com.cleanmaster.service.PermanentService,com.cleanmaster.mguard:service,10138,1271,94138,[STARTED],false,true,1,1,66162888,
1431942507946,com.google.android.music.dial.DialMediaRouteProviderService,com.google.android.music:main,10073,0,57202,[],false,true,0,0,57212,
1431942507946,ch.unige.css.services.PingService,ch.unige.ping,10149,1632,66253184,[STARTED],false,true,0,0,66253195,
1431942507946,com.google.android.search.core.service.BroadcastListenerService,com.google.android.googlequicksearchbox:search,10026,22719,75471,[STARTED],false,true,0,0,66044360,
1431942507946,com.android.systemui.keyguard.KeyguardService,com.android.systemui,10014,930,44352,[PERSISTENT],false,false,2,2,68066,
1431942507946,openiab.StoreService,cm.aptoide.pt,10148,0,54787,[],false,true,0,0,54797,
1431942507946,ch.unige.css.services.main.CssRegistryService,ch.unige.ping:background,10149,31837,60171236,[STARTED],false,true,0,0,60171508,
1431942507946,com.google.android.finsky.billing.iab.InAppBillingService,com.android.vending,10024,16421,65792536,[],false,true,1,1,65792547,
1431942507946,org.cyanogenmod.audiofx.HeadsetService,org.cyanogenmod.audiofx,10000,1289,67364,"[PERSISTENT,STARTED]",false,true,0,0,67374,
1431942568152,com.android.bluetooth.hid.HidService,com.android.bluetooth,1002,0,49150,[],false,true,0,0,49160,
1431942568152,com.cleanmaster.service.PermanentService,com.cleanmaster.mguard:service,10138,1271,94138,[STARTED],false,true,1,1,66162888,
1431942568152,com.google.android.music.dial.DialMediaRouteProviderService,com.google.android.music:main,10073,0,57202,[],false,true,0,0,57212,
1431942568152,ch.unige.css.services.PingService,ch.unige.ping,10149,1632,66313412,[STARTED],false,true,0,0,66313423,
1431942568152,com.google.android.search.core.service.BroadcastListenerService,com.google.android.googlequicksearchbox:search,10026,22719,75471,[STARTED],false,true,0,0,66044360,
1431942568152,com.android.systemui.keyguard.KeyguardService,com.android.systemui,10014,930,44352,[PERSISTENT],false,false,2,2,68066,
1431942568152,openiab.StoreService,cm.aptoide.pt,10148,0,54787,[],false,true,0,0,54797,
1431942568152,ch.unige.css.services.main.CssRegistryService,ch.unige.ping:background,10149,31837,60171236,[STARTED],false,true,0,0,60171508,
1431942568152,com.google.android.finsky.billing.iab.InAppBillingService,com.android.vending,10024,16421,65792536,[],false,true,1,1,65792547,
1431942568152,org.cyanogenmod.audiofx.HeadsetService,org.cyanogenmod.audiofx,10000,1289,67364,"[PERSISTENT,STARTED]",false,true,0,0,67374,
1431942628495,com.android.bluetooth.hid.HidService,com.android.bluetooth,1002,0,49150,[],false,true,0,0,49160,
1431942628495,com.cleanmaster.service.PermanentService,com.cleanmaster.mguard:service,10138,1271,94138,[STARTED],false,true,1,1,66162888,
1431942628495,com.google.android.music.dial.DialMediaRouteProviderService,com.google.android.music:main,10073,0,57202,[],false,true,0,0,57212,
1431942628495,ch.unige.css.services.PingService,ch.unige.ping,10149,1632,66373675,[STARTED],false,true,0,0,66373686,
1431942628495,com.google.android.search.core.service.BroadcastListenerService,com.google.android.googlequicksearchbox:search,10026,22719,75471,[STARTED],false,true,0,0,66044360,
1431942628495,com.android.systemui.keyguard.KeyguardService,com.android.systemui,10014,930,44352,[PERSISTENT],false,false,2,2,68066,
1431942628495,openiab.StoreService,cm.aptoide.pt,10148,0,54787,[],false,true,0,0,54797,
1431942628495,ch.unige.css.services.main.CssRegistryService,ch.unige.ping:background,10149,31837,60171236,[STARTED],false,true,0,0,60171508,
1431942628495,com.google.android.finsky.billing.iab.InAppBillingService,com.android.vending,10024,16421,65792536,[],false,true,1,1,65792547,
1431942628495,org.cyanogenmod.audiofx.HeadsetService,org.cyanogenmod.audiofx,10000,1289,67364,"[PERSISTENT,STARTED]",false,true,0,0,67374,
1431942688480,com.android.bluetooth.hid.HidService,com.android.bluetooth,1002,0,49150,[],false,true,0,0,49160,
1431942688480,com.cleanmaster.service.PermanentService,com.cleanmaster.mguard:service,10138,1271,94138,[STARTED],false,true,1,1,66409439,
1431942688480,com.google.android.music.dial.DialMediaRouteProviderService,com.google.android.music:main,10073,0,57202,[],false,true,0,0,57212,
1431942688480,ch.unige.css.services.PingService,ch.unige.ping,10149,1632,66433722,[STARTED],false,true,0,0,66433733,
1431942688480,com.google.android.search.core.service.BroadcastListenerService,com.google.android.googlequicksearchbox:search,10026,22719,75471,[STARTED],false,true,0,0,66044360,
1431942688480,com.android.systemui.keyguard.KeyguardService,com.android.systemui,10014,930,44352,[PERSISTENT],false,false,2,2,68066,
1431942688480,openiab.StoreService,cm.aptoide.pt,10148,0,54787,[],false,true,0,0,54797,
1431942688480,ch.unige.css.services.main.CssRegistryService,ch.unige.ping:background,10149,31837,60171236,[STARTED],false,true,0,0,60171508,
1431942688480,com.google.android.finsky.billing.iab.InAppBillingService,com.android.vending,10024,16421,65792536,[],false,true,1,1,65792547,
1431942688480,org.cyanogenmod.audiofx.HeadsetService,org.cyanogenmod.audiofx,10000,1289,67364,"[PERSISTENT,STARTED]",false,true,0,0,67374,
1431942755055,com.android.bluetooth.hid.HidService,com.android.bluetooth,1002,0,49150,[],false,true,0,0,49160,
1431942755055,com.cleanmaster.service.PermanentService,com.cleanmaster.mguard:service,10138,1271,94138,[STARTED],false,true,1,1,66471104,
1431942755055,com.google.android.music.dial.DialMediaRouteProviderService,com.google.android.music:main,10073,0,57202,[],false,true,0,0,57212,
1431942755055,ch.unige.css.services.PingService,ch.unige.ping,10149,1632,66500275,[STARTED],false,true,0,0,66500286,
1431942755055,com.google.android.search.core.service.BroadcastListenerService,com.google.android.googlequicksearchbox:search,10026,22719,75471,[STARTED],false,true,0,0,66044360,
1431942755055,com.android.systemui.keyguard.KeyguardService,com.android.systemui,10014,930,44352,[PERSISTENT],false,false,2,2,68066,
1431942755055,openiab.StoreService,cm.aptoide.pt,10148,0,54787,[],false,true,0,0,54797,
1431942755055,ch.unige.css.services.main.CssRegistryService,ch.unige.ping:background,10149,31837,60171236,[STARTED],false,true,0,0,60171508,
1431942755055,com.google.android.finsky.billing.iab.InAppBillingService,com.android.vending,10024,16421,65792536,[],false,true,1,1,65792547,
1431942755055,org.cyanogenmod.audiofx.HeadsetService,org.cyanogenmod.audiofx,10000,1289,67364,"[PERSISTENT,STARTED]",false,true,0,0,67374,
1431942816104,com.android.bluetooth.hid.HidService,com.android.bluetooth,1002,0,49150,[],false,true,0,0,49160,
1431942816104,com.cleanmaster.service.PermanentService,com.cleanmaster.mguard:service,10138,1271,94138,[STARTED],false,true,1,1,66511490,
1431942816104,com.google.android.music.dial.DialMediaRouteProviderService,com.google.android.music:main,10073,0,57202,[],false,true,0,0,57212,
1431942816104,ch.unige.css.services.PingService,ch.unige.ping,10149,1632,66561344,[STARTED],false,true,0,0,66561354,
1431942816104,com.google.android.search.core.service.BroadcastListenerService,com.google.android.googlequicksearchbox:search,10026,22719,75471,[STARTED],false,true,0,0,66044360,
1431942816104,com.android.systemui.keyguard.KeyguardService,com.android.systemui,10014,930,44352,[PERSISTENT],false,false,2,2,68066,
1431942816104,openiab.StoreService,cm.aptoide.pt,10148,0,54787,[],false,true,0,0,54797,
1431942816104,ch.unige.css.services.main.CssRegistryService,ch.unige.ping:background,10149,31837,60171236,[STARTED],false,true,0,0,60171508,
1431942816104,com.google.android.finsky.billing.iab.InAppBillingService,com.android.vending,10024,16421,65792536,[],false,true,1,1,65792547,
1431942816104,org.cyanogenmod.audiofx.HeadsetService,org.cyanogenmod.audiofx,10000,1289,67364,"[PERSISTENT,STARTED]",false,true,0,0,67374,
1431942876346,com.android.bluetooth.hid.HidService,com.android.bluetooth,1002,0,49150,[],false,true,0,0,49160,
1431942876346,com.cleanmaster.service.PermanentService,com.cleanmaster.mguard:service,10138,1271,94138,[STARTED],false,true,1,1,66511490,
1431942876346,com.google.android.music.dial.DialMediaRouteProviderService,com.google.android.music:main,10073,0,57202,[],false,true,0,0,57212,
1431942876346,ch.unige.css.services.PingService,ch.unige.ping,10149,1632,66621599,[STARTED],false,true,0,0,66621609,
1431942876346,com.google.android.search.core.service.BroadcastListenerService,com.google.android.googlequicksearchbox:search,10026,22719,75471,[STARTED],false,true,0,0,66044360,
1431942876346,com.android.systemui.keyguard.KeyguardService,com.android.systemui,10014,930,44352,[PERSISTENT],false,false,2,2,68066,
1431942876346,openiab.StoreService,cm.aptoide.pt,10148,0,54787,[],false,true,0,0,54797,
1431942876346,ch.unige.css.services.main.CssRegistryService,ch.unige.ping:background,10149,31837,60171236,[STARTED],false,true,0,0,60171508,
1431942876346,com.google.android.finsky.billing.iab.InAppBillingService,com.android.vending,10024,16421,65792536,[],false,true,1,1,65792547,
1431942876346,org.cyanogenmod.audiofx.HeadsetService,org.cyanogenmod.audiofx,10000,1289,67364,"[PERSISTENT,STARTED]",false,true,0,0,67374,
1431942935582,com.android.bluetooth.hid.HidService,com.android.bluetooth,1002,0,49150,[],false,true,0,0,49160,
1431942935582,com.cleanmaster.service.PermanentService,com.cleanmaster.mguard:service,10138,1271,94138,[STARTED],false,true,1,1,66511490,
1431942935582,com.google.android.music.dial.DialMediaRouteProviderService,com.google.android.music:main,10073,0,57202,[],false,true,0,0,57212,
1431942935582,ch.unige.css.services.PingService,ch.unige.ping,10149,1632,66681624,[STARTED],false,true,0,0,66681635,
1431942935582,com.android.calendar.widget.CalendarAppWidgetService,com.google.android.calendar,10069,26096,66679778,[],false,true,1,1,66679789,
1431942935582,com.google.android.search.core.service.BroadcastListenerService,com.google.android.googlequicksearchbox:search,10026,22719,75471,[STARTED],false,true,0,0,66044360,
1431942935582,com.android.systemui.keyguard.KeyguardService,com.android.systemui,10014,930,44352,[PERSISTENT],false,false,2,2,68066,
1431942935582,openiab.StoreService,cm.aptoide.pt,10148,0,54787,[],false,true,0,0,54797,
1431942935582,ch.unige.css.services.main.CssRegistryService,ch.unige.ping:background,10149,31837,60171236,[STARTED],false,true,0,0,60171508,
1431942935582,com.google.android.finsky.billing.iab.InAppBillingService,com.android.vending,10024,26272,66642184,[],false,true,1,1,66642195,
1431942995844,com.android.bluetooth.hid.HidService,com.android.bluetooth,1002,0,49150,[],false,true,0,0,49160,
1431942995844,com.cleanmaster.service.PermanentService,com.cleanmaster.mguard:service,10138,1271,94138,[STARTED],false,true,1,1,66511490,
1431942995844,com.google.android.music.dial.DialMediaRouteProviderService,com.google.android.music:main,10073,0,57202,[],false,true,0,0,57212,
1431942995844,ch.unige.css.services.PingService,ch.unige.ping,10149,1632,66741836,[STARTED],false,true,0,0,66741847,
1431942995844,com.google.android.search.core.service.BroadcastListenerService,com.google.android.googlequicksearchbox:search,10026,22719,75471,[STARTED],false,true,0,0,66044360,
1431942995844,com.android.systemui.keyguard.KeyguardService,com.android.systemui,10014,930,44352,[PERSISTENT],false,false,2,2,68066,
1431942995844,openiab.StoreService,cm.aptoide.pt,10148,0,54787,[],false,true,0,0,54797,
1431942995844,ch.unige.css.services.main.CssRegistryService,ch.unige.ping:background,10149,31837,60171236,[STARTED],false,true,0,0,60171508,
1431942995844,com.google.android.finsky.billing.iab.InAppBillingService,com.android.vending,10024,26272,66642184,[],false,true,1,1,66642195,
1431942995844,org.cyanogenmod.audiofx.HeadsetService,org.cyanogenmod.audiofx,10000,1289,67364,"[PERSISTENT,STARTED]",false,true,0,0,67374,
1431943056238,com.android.bluetooth.hid.HidService,com.android.bluetooth,1002,0,49150,[],false,true,0,0,49160,
1431943056238,com.cleanmaster.service.PermanentService,com.cleanmaster.mguard:service,10138,1271,94138,[STARTED],false,true,1,1,66511490,
1431943056238,com.google.android.music.dial.DialMediaRouteProviderService,com.google.android.music:main,10073,0,57202,[],false,true,0,0,57212,
1431943056238,ch.unige.css.services.PingService,ch.unige.ping,10149,1632,66802118,[STARTED],false,true,0,0,66802128,
1431943056238,com.google.android.search.core.service.BroadcastListenerService,com.google.android.googlequicksearchbox:search,10026,22719,75471,[STARTED],false,true,0,0,66044360,
1431943056238,ch.unige.css.services.UserActivityService,ch.unige.ping,10149,1632,66802287,[STARTED],false,true,0,0,66802298,
1431943056238,com.android.systemui.keyguard.KeyguardService,com.android.systemui,10014,930,44352,[PERSISTENT],false,false,2,2,68066,
1431943056238,openiab.StoreService,cm.aptoide.pt,10148,0,54787,[],false,true,0,0,54797,
1431943056238,ch.unige.css.services.main.CssRegistryService,ch.unige.ping:background,10149,31837,60171236,[STARTED],false,true,0,0,60171508,
1431943056238,com.google.android.finsky.billing.iab.InAppBillingService,com.android.vending,10024,26272,66642184,[],false,true,1,1,66642195,
1431943116438,com.android.bluetooth.hid.HidService,com.android.bluetooth,1002,0,49150,[],false,true,0,0,49160,
1431943116438,com.cleanmaster.service.PermanentService,com.cleanmaster.mguard:service,10138,1271,94138,[STARTED],false,true,1,1,66850719,
1431943116438,com.google.android.music.dial.DialMediaRouteProviderService,com.google.android.music:main,10073,0,57202,[],false,true,0,0,57212,
1431943116438,ch.unige.css.services.PingService,ch.unige.ping,10149,1632,66862377,[STARTED],false,true,0,0,66862388,
1431943116438,com.google.android.search.core.service.BroadcastListenerService,com.google.android.googlequicksearchbox:search,10026,22719,75471,[STARTED],false,true,0,0,66044360,
1431943116438,com.android.systemui.keyguard.KeyguardService,com.android.systemui,10014,930,44352,[PERSISTENT],false,false,2,2,68066,
1431943116438,openiab.StoreService,cm.aptoide.pt,10148,0,54787,[],false,true,0,0,54797,
1431943116438,ch.unige.css.services.main.CssRegistryService,ch.unige.ping:background,10149,31837,60171236,[STARTED],false,true,0,0,60171508,
1431943116438,com.google.android.finsky.billing.iab.InAppBillingService,com.android.vending,10024,26272,66642184,[],false,true,1,1,66642195,
1431943116438,org.cyanogenmod.audiofx.HeadsetService,org.cyanogenmod.audiofx,10000,1289,67364,"[PERSISTENT,STARTED]",false,true,0,0,67374,
1431943176442,com.android.bluetooth.hid.HidService,com.android.bluetooth,1002,0,49150,[],false,true,0,0,49160,
1431943176442,com.cleanmaster.service.PermanentService,com.cleanmaster.mguard:service,10138,1271,94138,[STARTED],false,true,1,1,66850719,
1431943176442,com.google.android.music.dial.DialMediaRouteProviderService,com.google.android.music:main,10073,0,57202,[],false,true,0,0,57212,
1431943176442,ch.unige.css.services.PingService,ch.unige.ping,10149,1632,66922450,[STARTED],false,true,0,0,66922461,
1431943176442,com.google.android.search.core.service.BroadcastListenerService,com.google.android.googlequicksearchbox:search,10026,22719,75471,[STARTED],false,true,0,0,66044360,
1431943176442,com.android.systemui.keyguard.KeyguardService,com.android.systemui,10014,930,44352,[PERSISTENT],false,false,2,2,68066,
1431943176442,openiab.StoreService,cm.aptoide.pt,10148,0,54787,[],false,true,0,0,54797,
1431943176442,ch.unige.css.services.main.CssRegistryService,ch.unige.ping:background,10149,31837,60171236,[STARTED],false,true,0,0,60171508,
1431943176442,com.google.android.finsky.billing.iab.InAppBillingService,com.android.vending,10024,26272,66642184,[],false,true,1,1,66642195,
1431943176442,org.cyanogenmod.audiofx.HeadsetService,org.cyanogenmod.audiofx,10000,1289,67364,"[PERSISTENT,STARTED]",false,true,0,0,67374,
1431943236476,com.android.bluetooth.hid.HidService,com.android.bluetooth,1002,0,49150,[],false,true,0,0,49160,
1431943236476,com.cleanmaster.service.PermanentService,com.cleanmaster.mguard:service,10138,1271,94138,[STARTED],false,true,1,1,66960094,
1431943236476,com.google.android.music.dial.DialMediaRouteProviderService,com.google.android.music:main,10073,0,57202,[],false,true,0,0,57212,
1431943236476,ch.unige.css.services.PingService,ch.unige.ping,10149,1632,66982499,[STARTED],false,true,0,0,66982510,
1431943236476,com.google.android.search.core.service.BroadcastListenerService,com.google.android.googlequicksearchbox:search,10026,22719,75471,[STARTED],false,true,0,0,66044360,
1431943236476,com.android.systemui.keyguard.KeyguardService,com.android.systemui,10014,930,44352,[PERSISTENT],false,false,2,2,68066,
1431943236476,openiab.StoreService,cm.aptoide.pt,10148,0,54787,[],false,true,0,0,54797,
1431943236476,ch.unige.css.services.main.CssRegistryService,ch.unige.ping:background,10149,31837,60171236,[STARTED],false,true,0,0,60171508,
1431943236476,com.google.android.finsky.billing.iab.InAppBillingService,com.android.vending,10024,26272,66642184,[],false,true,1,1,66642195,
1431943236476,org.cyanogenmod.audiofx.HeadsetService,org.cyanogenmod.audiofx,10000,1289,67364,"[PERSISTENT,STARTED]",false,true,0,0,67374,
1431943296900,com.android.bluetooth.hid.HidService,com.android.bluetooth,1002,0,49150,[],false,true,0,0,49160,
1431943296900,com.cleanmaster.service.PermanentService,com.cleanmaster.mguard:service,10138,1271,94138,[STARTED],false,true,1,1,66960094,
1431943296900,com.google.android.music.dial.DialMediaRouteProviderService,com.google.android.music:main,10073,0,57202,[],false,true,0,0,57212,
1431943296900,ch.unige.css.services.PingService,ch.unige.ping,10149,1632,67042900,[STARTED],false,true,0,0,67042910,
1431943296900,com.google.android.search.core.service.BroadcastListenerService,com.google.android.googlequicksearchbox:search,10026,22719,75471,[STARTED],false,true,0,0,66044360,
1431943296900,com.android.systemui.keyguard.KeyguardService,com.android.systemui,10014,930,44352,[PERSISTENT],false,false,2,2,68066,
1431943296900,openiab.StoreService,cm.aptoide.pt,10148,0,54787,[],false,true,0,0,54797,
1431943296900,ch.unige.css.services.main.CssRegistryService,ch.unige.ping:background,10149,31837,60171236,[STARTED],false,true,0,0,60171508,
1431943296900,com.google.android.finsky.billing.iab.InAppBillingService,com.android.vending,10024,26272,66642184,[],false,true,1,1,66642195,
1431943296900,org.cyanogenmod.audiofx.HeadsetService,org.cyanogenmod.audiofx,10000,1289,67364,"[PERSISTENT,STARTED]",false,true,0,0,67374,
1431943357217,com.android.bluetooth.hid.HidService,com.android.bluetooth,1002,0,49150,[],false,true,0,0,49160,
1431943357217,com.cleanmaster.service.PermanentService,com.cleanmaster.mguard:service,10138,1271,94138,[STARTED],false,true,1,1,66960094,
1431943357217,com.google.android.music.dial.DialMediaRouteProviderService,com.google.android.music:main,10073,0,57202,[],false,true,0,0,57212,
1431943357217,ch.unige.css.services.PingService,ch.unige.ping,10149,1632,67103155,[STARTED],false,true,0,0,67103166,
1431943357217,com.google.android.search.core.service.BroadcastListenerService,com.google.android.googlequicksearchbox:search,10026,22719,75471,[STARTED],false,true,0,0,66044360,
1431943357217,com.android.systemui.keyguard.KeyguardService,com.android.systemui,10014,930,44352,[PERSISTENT],false,false,2,2,68066,
1431943357217,openiab.StoreService,cm.aptoide.pt,10148,0,54787,[],false,true,0,0,54797,
1431943357217,ch.unige.css.services.main.CssRegistryService,ch.unige.ping:background,10149,31837,60171236,[STARTED],false,true,0,0,60171508,
1431943357217,com.google.android.finsky.billing.iab.InAppBillingService,com.android.vending,10024,26272,66642184,[],false,true,1,1,66642195,
1431943357217,org.cyanogenmod.audiofx.HeadsetService,org.cyanogenmod.audiofx,10000,1289,67364,"[PERSISTENT,STARTED]",false,true,0,0,67374,
1431943417203,com.android.bluetooth.hid.HidService,com.android.bluetooth,1002,0,49150,[],false,true,0,0,49160,
1431943417203,com.cleanmaster.service.PermanentService,com.cleanmaster.mguard:service,10138,1271,94138,[STARTED],false,true,1,1,66960094,
1431943417203,com.google.android.music.dial.DialMediaRouteProviderService,com.google.android.music:main,10073,0,57202,[],false,true,0,0,57212,
1431943417203,ch.unige.css.services.PingService,ch.unige.ping,10149,1632,67163206,[STARTED],false,true,0,0,67163217,
1431943417203,com.google.android.search.core.service.BroadcastListenerService,com.google.android.googlequicksearchbox:search,10026,22719,75471,[STARTED],false,true,0,0,66044360,
1431943417203,com.android.systemui.keyguard.KeyguardService,com.android.systemui,10014,930,44352,[PERSISTENT],false,false,2,2,68066,
1431943417203,openiab.StoreService,cm.aptoide.pt,10148,0,54787,[],false,true,0,0,54797,
1431943417203,ch.unige.css.services.main.CssRegistryService,ch.unige.ping:background,10149,31837,60171236,[STARTED],false,true,0,0,60171508,
1431943417203,com.google.android.finsky.billing.iab.InAppBillingService,com.android.vending,10024,26272,66642184,[],false,true,1,1,66642195,
1431943417203,org.cyanogenmod.audiofx.HeadsetService,org.cyanogenmod.audiofx,10000,1289,67364,"[PERSISTENT,STARTED]",false,true,0,0,67374,
1431943477361,com.android.bluetooth.hid.HidService,com.android.bluetooth,1002,0,49150,[],false,true,0,0,49160,
1431943477361,com.cleanmaster.service.PermanentService,com.cleanmaster.mguard:service,10138,1271,94138,[STARTED],false,true,1,1,67164784,
1431943477361,com.google.android.music.dial.DialMediaRouteProviderService,com.google.android.music:main,10073,0,57202,[],false,true,0,0,57212,
1431943477361,ch.unige.css.services.PingService,ch.unige.ping,10149,1632,67223463,[STARTED],false,true,0,0,67223474,
1431943477361,com.google.android.search.core.service.BroadcastListenerService,com.google.android.googlequicksearchbox:search,10026,22719,75471,[STARTED],false,true,0,0,66044360,
1431943477361,ch.unige.css.services.UserActivityService,ch.unige.ping,10149,1632,67223651,[STARTED],false,true,0,0,67223662,
1431943477361,com.google.android.gms.car.InCallServiceImpl,com.google.android.gms:car,10020,28565,67178154,[],false,true,1,1,67178676,
1431943477361,com.android.systemui.keyguard.KeyguardService,com.android.systemui,10014,930,44352,[PERSISTENT],false,false,2,2,68066,
1431943477361,openiab.StoreService,cm.aptoide.pt,10148,0,54787,[],false,true,0,0,54797,
1431943477361,ch.unige.css.services.main.CssRegistryService,ch.unige.ping:background,10149,31837,60171236,[STARTED],false,true,0,0,60171508,
1431943538066,com.android.bluetooth.hid.HidService,com.android.bluetooth,1002,0,49150,[],false,true,0,0,49160,
1431943538066,com.cleanmaster.service.PermanentService,com.cleanmaster.mguard:service,10138,1271,94138,[STARTED],false,true,1,1,67270917,
1431943538066,com.google.android.music.dial.DialMediaRouteProviderService,com.google.android.music:main,10073,0,57202,[],false,true,0,0,57212,
1431943538066,ch.unige.css.services.PingService,ch.unige.ping,10149,1632,67283611,[STARTED],false,true,0,0,67283622,
1431943538066,com.google.android.search.core.service.BroadcastListenerService,com.google.android.googlequicksearchbox:search,10026,22719,75471,[STARTED],false,true,0,0,66044360,
1431943538066,com.google.android.gms.car.InCallServiceImpl,com.google.android.gms:car,10020,28565,67178154,[],false,true,1,1,67236358,
1431943538066,com.android.systemui.keyguard.KeyguardService,com.android.systemui,10014,930,44352,[PERSISTENT],false,false,2,2,68066,
1431943538066,openiab.StoreService,cm.aptoide.pt,10148,0,54787,[],false,true,0,0,54797,
1431943538066,ch.unige.css.services.main.CssRegistryService,ch.unige.ping:background,10149,31837,60171236,[STARTED],false,true,0,0,60171508,
1431943538066,com.google.android.finsky.billing.iab.InAppBillingService,com.android.vending,10024,26272,66642184,[],false,true,1,1,66642195,
1431943598497,com.android.bluetooth.hid.HidService,com.android.bluetooth,1002,0,49150,[],false,true,0,0,49160,
1431943598497,com.cleanmaster.service.PermanentService,com.cleanmaster.mguard:service,10138,1271,94138,[STARTED],false,true,1,1,67270917,
1431943598497,com.google.android.music.dial.DialMediaRouteProviderService,com.google.android.music:main,10073,0,57202,[],false,true,0,0,57212,
1431943598497,ch.unige.css.services.PingService,ch.unige.ping,10149,1632,67343967,[STARTED],false,true,0,0,67343978,
1431943598497,com.google.android.search.core.service.BroadcastListenerService,com.google.android.googlequicksearchbox:search,10026,22719,75471,[STARTED],false,true,0,0,66044360,
1431943598497,com.android.systemui.keyguard.KeyguardService,com.android.systemui,10014,930,44352,[PERSISTENT],false,false,2,2,68066,
1431943598497,openiab.StoreService,cm.aptoide.pt,10148,0,54787,[],false,true,0,0,54797,
1431943598497,ch.unige.css.services.main.CssRegistryService,ch.unige.ping:background,10149,31837,60171236,[STARTED],false,true,0,0,60171508,
1431943598497,org.cyanogenmod.audiofx.HeadsetService,org.cyanogenmod.audiofx,10000,1289,67364,"[PERSISTENT,STARTED]",false,true,0,0,67374,
1431943598497,com.whatsapp.messaging.MessageService,com.whatsapp,10110,16333,67811,[STARTED],false,true,1,1,65049564,
1431943658598,com.android.bluetooth.hid.HidService,com.android.bluetooth,1002,0,49150,[],false,true,0,0,49160,
1431943658598,com.cleanmaster.service.PermanentService,com.cleanmaster.mguard:service,10138,1271,94138,[STARTED],false,true,1,1,67270917,
1431943658598,com.google.android.music.dial.DialMediaRouteProviderService,com.google.android.music:main,10073,0,57202,[],false,true,0,0,57212,
1431943658598,ch.unige.css.services.PingService,ch.unige.ping,10149,1632,67404053,[STARTED],false,true,0,0,67404064,
1431943658598,com.google.android.search.core.service.BroadcastListenerService,com.google.android.googlequicksearchbox:search,10026,22719,75471,[STARTED],false,true,0,0,66044360,
1431943658598,com.android.systemui.keyguard.KeyguardService,com.android.systemui,10014,930,44352,[PERSISTENT],false,false,2,2,68066,
1431943658598,openiab.StoreService,cm.aptoide.pt,10148,0,54787,[],false,true,0,0,54797,
1431943658598,ch.unige.css.services.main.CssRegistryService,ch.unige.ping:background,10149,31837,60171236,[STARTED],false,true,0,0,60171508,
1431943658598,org.cyanogenmod.audiofx.HeadsetService,org.cyanogenmod.audiofx,10000,1289,67364,"[PERSISTENT,STARTED]",false,true,0,0,67374,
1431943658598,com.whatsapp.messaging.MessageService,com.whatsapp,10110,16333,67811,[STARTED],false,true,1,1,65049564,
1431943719035,com.android.bluetooth.hid.HidService,com.android.bluetooth,1002,0,49150,[],false,true,0,0,49160,
1431943719035,com.cleanmaster.service.PermanentService,com.cleanmaster.mguard:service,10138,1271,94138,[STARTED],false,true,1,1,67270917,
1431943719035,com.google.android.music.dial.DialMediaRouteProviderService,com.google.android.music:main,10073,0,57202,[],false,true,0,0,57212,
1431943719035,ch.unige.css.services.PingService,ch.unige.ping,10149,1632,67464494,[STARTED],false,true,0,0,67464505,
1431943719035,com.google.android.search.core.service.BroadcastListenerService,com.google.android.googlequicksearchbox:search,10026,22719,75471,[STARTED],false,true,0,0,66044360,
1431943719035,com.android.systemui.keyguard.KeyguardService,com.android.systemui,10014,930,44352,[PERSISTENT],false,false,2,2,68066,
1431943719035,openiab.StoreService,cm.aptoide.pt,10148,0,54787,[],false,true,0,0,54797,
1431943719035,ch.unige.css.services.main.CssRegistryService,ch.unige.ping:background,10149,31837,60171236,[STARTED],false,true,0,0,60171508,
1431943719035,org.cyanogenmod.audiofx.HeadsetService,org.cyanogenmod.audiofx,10000,1289,67364,"[PERSISTENT,STARTED]",false,true,0,0,67374,
1431943719035,com.whatsapp.messaging.MessageService,com.whatsapp,10110,16333,67811,[STARTED],false,true,1,1,65049564,
1431943779127,com.android.bluetooth.hid.HidService,com.android.bluetooth,1002,0,49150,[],false,true,0,0,49160,
1431943779127,com.cleanmaster.service.PermanentService,com.cleanmaster.mguard:service,10138,1271,94138,[STARTED],false,true,1,1,67270917,
1431943779127,com.google.android.music.dial.DialMediaRouteProviderService,com.google.android.music:main,10073,0,57202,[],false,true,0,0,57212,
1431943779127,ch.unige.css.services.PingService,ch.unige.ping,10149,1632,67524604,[STARTED],false,true,0,0,67524615,
1431943779127,com.google.android.search.core.service.BroadcastListenerService,com.google.android.googlequicksearchbox:search,10026,22719,75471,[STARTED],false,true,0,0,66044360,
1431943779127,com.android.systemui.keyguard.KeyguardService,com.android.systemui,10014,930,44352,[PERSISTENT],false,false,2,2,68066,
1431943779127,openiab.StoreService,cm.aptoide.pt,10148,0,54787,[],false,true,0,0,54797,
1431943779127,ch.unige.css.services.main.CssRegistryService,ch.unige.ping:background,10149,31837,60171236,[STARTED],false,true,0,0,60171508,
1431943779127,org.cyanogenmod.audiofx.HeadsetService,org.cyanogenmod.audiofx,10000,1289,67364,"[PERSISTENT,STARTED]",false,true,0,0,67374,
1431943779127,com.whatsapp.messaging.MessageService,com.whatsapp,10110,16333,67811,[STARTED],false,true,1,1,65049564,
1431943839592,com.android.bluetooth.hid.HidService,com.android.bluetooth,1002,0,49150,[],false,true,0,0,49160,
1431943839592,com.cleanmaster.service.PermanentService,com.cleanmaster.mguard:service,10138,1271,94138,[STARTED],false,true,1,1,67270917,
1431943839592,com.google.android.music.dial.DialMediaRouteProviderService,com.google.android.music:main,10073,0,57202,[],false,true,0,0,57212,
1431943839592,ch.unige.css.services.PingService,ch.unige.ping,10149,1632,67585069,[STARTED],false,true,0,0,67585080,
1431943839592,com.google.android.search.core.service.BroadcastListenerService,com.google.android.googlequicksearchbox:search,10026,22719,75471,[STARTED],false,true,0,0,66044360,
1431943839592,com.android.systemui.keyguard.KeyguardService,com.android.systemui,10014,930,44352,[PERSISTENT],false,false,2,2,68066,
1431943839592,openiab.StoreService,cm.aptoide.pt,10148,0,54787,[],false,true,0,0,54797,
1431943839592,ch.unige.css.services.main.CssRegistryService,ch.unige.ping:background,10149,31837,60171236,[STARTED],false,true,0,0,60171508,
1431943839592,org.cyanogenmod.audiofx.HeadsetService,org.cyanogenmod.audiofx,10000,1289,67364,"[PERSISTENT,STARTED]",false,true,0,0,67374,
1431943839592,com.whatsapp.messaging.MessageService,com.whatsapp,10110,16333,67811,[STARTED],false,true,1,1,65049564,
1431943899881,com.android.bluetooth.hid.HidService,com.android.bluetooth,1002,0,49150,[],false,true,0,0,49160,
1431943899881,com.cleanmaster.service.PermanentService,com.cleanmaster.mguard:service,10138,1271,94138,[STARTED],false,true,1,1,67270917,
1431943899881,com.google.android.music.dial.DialMediaRouteProviderService,com.google.android.music:main,10073,0,57202,[],false,true,0,0,57212,
1431943899881,ch.unige.css.services.PingService,ch.unige.ping,10149,1632,67645303,[STARTED],false,true,0,0,67645313,
1431943899881,com.google.android.search.core.service.BroadcastListenerService,com.google.android.googlequicksearchbox:search,10026,22719,75471,[STARTED],false,true,0,0,66044360,
1431943899881,com.android.systemui.keyguard.KeyguardService,com.android.systemui,10014,930,44352,[PERSISTENT],false,false,2,2,68066,
1431943899881,openiab.StoreService,cm.aptoide.pt,10148,0,54787,[],false,true,0,0,54797,
1431943899881,ch.unige.css.services.main.CssRegistryService,ch.unige.ping:background,10149,31837,60171236,[STARTED],false,true,0,0,60171508,
1431943899881,org.cyanogenmod.audiofx.HeadsetService,org.cyanogenmod.audiofx,10000,1289,67364,"[PERSISTENT,STARTED]",false,true,0,0,67374,
1431943899881,com.whatsapp.messaging.MessageService,com.whatsapp,10110,16333,67811,[STARTED],false,true,1,1,65049564,
1431943959721,com.android.bluetooth.hid.HidService,com.android.bluetooth,1002,0,49150,[],false,true,0,0,49160,
1431943959721,com.cleanmaster.service.PermanentService,com.cleanmaster.mguard:service,10138,1271,94138,[STARTED],false,true,1,1,67270917,
1431943959721,com.google.android.music.dial.DialMediaRouteProviderService,com.google.android.music:main,10073,0,57202,[],false,true,0,0,57212,
1431943959721,ch.unige.css.services.PingService,ch.unige.ping,10149,1632,67705344,[STARTED],false,true,0,0,67705355,
1431943959721,com.android.calendar.widget.CalendarAppWidgetService,com.google.android.calendar,10069,26096,67702843,[],false,true,1,1,67702854,
1431943959721,com.google.android.search.core.service.BroadcastListenerService,com.google.android.googlequicksearchbox:search,10026,22719,75471,[STARTED],false,true,0,0,66044360,
1431943959721,com.android.systemui.keyguard.KeyguardService,com.android.systemui,10014,930,44352,[PERSISTENT],false,false,2,2,68066,
1431943959721,openiab.StoreService,cm.aptoide.pt,10148,0,54787,[],false,true,0,0,54797,
1431943959721,ch.unige.css.services.main.CssRegistryService,ch.unige.ping:background,10149,31837,60171236,[STARTED],false,true,0,0,60171508,
1431943959721,org.cyanogenmod.audiofx.HeadsetService,org.cyanogenmod.audiofx,10000,1289,67364,"[PERSISTENT,STARTED]",false,true,0,0,67374,
1431944022102,com.android.bluetooth.hid.HidService,com.android.bluetooth,1002,0,49150,[],false,true,0,0,49160,
1431944022102,com.cleanmaster.service.PermanentService,com.cleanmaster.mguard:service,10138,1271,94138,[STARTED],false,true,1,1,67270917,
1431944022102,com.google.android.music.dial.DialMediaRouteProviderService,com.google.android.music:main,10073,0,57202,[],false,true,0,0,57212,
1431944022102,ch.unige.css.services.PingService,ch.unige.ping,10149,1632,67767687,[STARTED],false,true,0,0,67767698,
1431944022102,com.google.android.search.core.service.BroadcastListenerService,com.google.android.googlequicksearchbox:search,10026,22719,75471,[STARTED],false,true,0,0,66044360,
1431944022102,com.android.systemui.keyguard.KeyguardService,com.android.systemui,10014,930,44352,[PERSISTENT],false,false,2,2,68066,
1431944022102,openiab.StoreService,cm.aptoide.pt,10148,0,54787,[],false,true,0,0,54797,
1431944022102,ch.unige.css.services.main.CssRegistryService,ch.unige.ping:background,10149,31837,60171236,[STARTED],false,true,0,0,60171508,
1431944022102,org.cyanogenmod.audiofx.HeadsetService,org.cyanogenmod.audiofx,10000,1289,67364,"[PERSISTENT,STARTED]",false,true,0,0,67374,
1431944022102,com.whatsapp.messaging.MessageService,com.whatsapp,10110,16333,67811,[STARTED],false,true,1,1,65049564,
1431944082462,com.android.bluetooth.hid.HidService,com.android.bluetooth,1002,0,49150,[],false,true,0,0,49160,
1431944082462,com.cleanmaster.service.PermanentService,com.cleanmaster.mguard:service,10138,1271,94138,[STARTED],false,true,1,1,67270917,
1431944082462,com.google.android.music.dial.DialMediaRouteProviderService,com.google.android.music:main,10073,0,57202,[],false,true,0,0,57212,
1431944082462,ch.unige.css.services.PingService,ch.unige.ping,10149,1632,67827962,[STARTED],false,true,0,0,67827973,
1431944082462,com.google.android.search.core.service.BroadcastListenerService,com.google.android.googlequicksearchbox:search,10026,22719,75471,[STARTED],false,true,0,0,66044360,
1431944082462,com.android.systemui.keyguard.KeyguardService,com.android.systemui,10014,930,44352,[PERSISTENT],false,false,2,2,68066,
1431944082462,openiab.StoreService,cm.aptoide.pt,10148,0,54787,[],false,true,0,0,54797,
1431944082462,ch.unige.css.services.main.CssRegistryService,ch.unige.ping:background,10149,31837,60171236,[STARTED],false,true,0,0,60171508,
1431944082462,org.cyanogenmod.audiofx.HeadsetService,org.cyanogenmod.audiofx,10000,1289,67364,"[PERSISTENT,STARTED]",false,true,0,0,67374,
1431944082462,com.whatsapp.messaging.MessageService,com.whatsapp,10110,16333,67811,[STARTED],false,true,1,1,65049564,
1431944142742,com.android.bluetooth.hid.HidService,com.android.bluetooth,1002,0,49150,[],false,true,0,0,49160,
1431944142742,com.cleanmaster.service.PermanentService,com.cleanmaster.mguard:service,10138,1271,94138,[STARTED],false,true,1,1,67270917,
1431944142742,com.google.android.music.dial.DialMediaRouteProviderService,com.google.android.music:main,10073,0,57202,[],false,true,0,0,57212,
1431944142742,ch.unige.css.services.PingService,ch.unige.ping,10149,1632,67888245,[STARTED],false,true,0,0,67888256,
1431944142742,com.google.android.search.core.service.BroadcastListenerService,com.google.android.googlequicksearchbox:search,10026,22719,75471,[STARTED],false,true,0,0,66044360,
1431944142742,com.android.systemui.keyguard.KeyguardService,com.android.systemui,10014,930,44352,[PERSISTENT],false,false,2,2,68066,
1431944142742,openiab.StoreService,cm.aptoide.pt,10148,0,54787,[],false,true,0,0,54797,
1431944142742,ch.unige.css.services.main.CssRegistryService,ch.unige.ping:background,10149,31837,60171236,[STARTED],false,true,0,0,60171508,
1431944142742,org.cyanogenmod.audiofx.HeadsetService,org.cyanogenmod.audiofx,10000,1289,67364,"[PERSISTENT,STARTED]",false,true,0,0,67374,
1431944142742,com.whatsapp.messaging.MessageService,com.whatsapp,10110,16333,67811,[STARTED],false,true,1,1,65049564,
1431944203074,com.android.bluetooth.hid.HidService,com.android.bluetooth,1002,0,49150,[],false,true,0,0,49160,
1431944203074,com.cleanmaster.service.PermanentService,com.cleanmaster.mguard:service,10138,1271,94138,[STARTED],false,true,1,1,67270917,
1431944203074,com.google.android.music.dial.DialMediaRouteProviderService,com.google.android.music:main,10073,0,57202,[],false,true,0,0,57212,
1431944203074,ch.unige.css.services.PingService,ch.unige.ping,10149,1632,67948504,[STARTED],false,true,0,0,67948515,
1431944203074,com.google.android.search.core.service.BroadcastListenerService,com.google.android.googlequicksearchbox:search,10026,22719,75471,[STARTED],false,true,0,0,66044360,
1431944203074,com.android.systemui.keyguard.KeyguardService,com.android.systemui,10014,930,44352,[PERSISTENT],false,false,2,2,68066,
1431944203074,openiab.StoreService,cm.aptoide.pt,10148,0,54787,[],false,true,0,0,54797,
1431944203074,ch.unige.css.services.main.CssRegistryService,ch.unige.ping:background,10149,31837,60171236,[STARTED],false,true,0,0,60171508,
1431944203074,org.cyanogenmod.audiofx.HeadsetService,org.cyanogenmod.audiofx,10000,1289,67364,"[PERSISTENT,STARTED]",false,true,0,0,67374,
1431944203074,com.whatsapp.messaging.MessageService,com.whatsapp,10110,16333,67811,[STARTED],false,true,1,1,65049564,
1431944263276,com.android.bluetooth.hid.HidService,com.android.bluetooth,1002,0,49150,[],false,true,0,0,49160,
1431944263276,com.cleanmaster.service.PermanentService,com.cleanmaster.mguard:service,10138,1271,94138,[STARTED],false,true,1,1,67270917,
1431944263276,com.google.android.music.dial.DialMediaRouteProviderService,com.google.android.music:main,10073,0,57202,[],false,true,0,0,57212,
1431944263276,ch.unige.css.services.PingService,ch.unige.ping,10149,1632,68008750,[STARTED],false,true,0,0,68008761,
1431944263276,com.google.android.search.core.service.BroadcastListenerService,com.google.android.googlequicksearchbox:search,10026,22719,75471,[STARTED],false,true,0,0,66044360,
1431944263276,ch.unige.css.services.UserActivityService,ch.unige.ping,10149,1632,68008945,[STARTED],false,true,0,0,68008956,
1431944263276,com.android.systemui.keyguard.KeyguardService,com.android.systemui,10014,930,44352,[PERSISTENT],false,false,2,2,68066,
1431944263276,openiab.StoreService,cm.aptoide.pt,10148,0,54787,[],false,true,0,0,54797,
1431944263276,ch.unige.css.services.main.CssRegistryService,ch.unige.ping:background,10149,31837,60171236,[STARTED],false,true,0,0,60171508,
1431944263276,org.cyanogenmod.audiofx.HeadsetService,org.cyanogenmod.audiofx,10000,1289,67364,"[PERSISTENT,STARTED]",false,true,0,0,67374,
1431944323533,com.android.bluetooth.hid.HidService,com.android.bluetooth,1002,0,49150,[],false,true,0,0,49160,
1431944323533,com.cleanmaster.service.PermanentService,com.cleanmaster.mguard:service,10138,1271,94138,[STARTED],false,true,1,1,67270917,
1431944323533,com.google.android.music.dial.DialMediaRouteProviderService,com.google.android.music:main,10073,0,57202,[],false,true,0,0,57212,
1431944323533,ch.unige.css.services.PingService,ch.unige.ping,10149,1632,68069011,[STARTED],false,true,0,0,68069022,
1431944323533,com.google.android.search.core.service.BroadcastListenerService,com.google.android.googlequicksearchbox:search,10026,22719,75471,[STARTED],false,true,0,0,66044360,
1431944323533,com.android.systemui.keyguard.KeyguardService,com.android.systemui,10014,930,44352,[PERSISTENT],false,false,2,2,68066,
1431944323533,openiab.StoreService,cm.aptoide.pt,10148,0,54787,[],false,true,0,0,54797,
1431944323533,ch.unige.css.services.main.CssRegistryService,ch.unige.ping:background,10149,31837,60171236,[STARTED],false,true,0,0,60171508,
1431944323533,org.cyanogenmod.audiofx.HeadsetService,org.cyanogenmod.audiofx,10000,1289,67364,"[PERSISTENT,STARTED]",false,true,0,0,67374,
1431944323533,com.whatsapp.messaging.MessageService,com.whatsapp,10110,16333,67811,[STARTED],false,true,1,1,65049564,
1431944383777,com.android.bluetooth.hid.HidService,com.android.bluetooth,1002,0,49150,[],false,true,0,0,49160,
1431944383777,com.cleanmaster.service.PermanentService,com.cleanmaster.mguard:service,10138,1271,94138,[STARTED],false,true,1,1,67270917,
1431944383777,com.google.android.music.dial.DialMediaRouteProviderService,com.google.android.music:main,10073,0,57202,[],false,true,0,0,57212,
1431944383777,ch.unige.css.services.PingService,ch.unige.ping,10149,1632,68129087,[STARTED],false,true,0,0,68129098,
1431944383777,com.google.android.search.core.service.BroadcastListenerService,com.google.android.googlequicksearchbox:search,10026,22719,75471,[STARTED],false,true,0,0,66044360,
1431944383777,com.android.systemui.keyguard.KeyguardService,com.android.systemui,10014,930,44352,[PERSISTENT],false,false,2,2,68066,
1431944383777,openiab.StoreService,cm.aptoide.pt,10148,0,54787,[],false,true,0,0,54797,
1431944383777,ch.unige.css.services.main.CssRegistryService,ch.unige.ping:background,10149,31837,60171236,[STARTED],false,true,0,0,60171508,
1431944383777,org.cyanogenmod.audiofx.HeadsetService,org.cyanogenmod.audiofx,10000,1289,67364,"[PERSISTENT,STARTED]",false,true,0,0,67374,
1431944383777,com.whatsapp.messaging.MessageService,com.whatsapp,10110,16333,67811,[STARTED],false,true,1,1,65049564,
1431944444862,com.android.bluetooth.hid.HidService,com.android.bluetooth,1002,0,49150,[],false,true,0,0,49160,
1431944444862,com.cleanmaster.service.PermanentService,com.cleanmaster.mguard:service,10138,1271,94138,[STARTED],false,true,1,1,67270917,
1431944444862,com.google.android.music.dial.DialMediaRouteProviderService,com.google.android.music:main,10073,0,57202,[],false,true,0,0,57212,
1431944444862,ch.unige.css.services.PingService,ch.unige.ping,10149,1632,68190601,[STARTED],false,true,0,0,68190612,
1431944444862,com.google.android.search.core.service.BroadcastListenerService,com.google.android.googlequicksearchbox:search,10026,22719,75471,[STARTED],false,true,0,0,66044360,
1431944444862,com.android.systemui.keyguard.KeyguardService,com.android.systemui,10014,930,44352,[PERSISTENT],false,false,2,2,68066,
1431944444862,openiab.StoreService,cm.aptoide.pt,10148,0,54787,[],false,true,0,0,54797,
1431944444862,ch.unige.css.services.main.CssRegistryService,ch.unige.ping:background,10149,31837,60171236,[STARTED],false,true,0,0,60171508,
1431944444862,org.cyanogenmod.audiofx.HeadsetService,org.cyanogenmod.audiofx,10000,1289,67364,"[PERSISTENT,STARTED]",false,true,0,0,67374,
1431944444862,com.whatsapp.messaging.MessageService,com.whatsapp,10110,16333,67811,[STARTED],false,true,1,1,65049564,
1431944505196,com.android.bluetooth.hid.HidService,com.android.bluetooth,1002,0,49150,[],false,true,0,0,49160,
1431944505196,com.cleanmaster.service.PermanentService,com.cleanmaster.mguard:service,10138,1271,94138,[STARTED],false,true,1,1,67270917,
1431944505196,com.google.android.music.dial.DialMediaRouteProviderService,com.google.android.music:main,10073,0,57202,[],false,true,0,0,57212,
1431944505196,ch.unige.css.services.PingService,ch.unige.ping,10149,1632,68250930,[STARTED],false,true,0,0,68250941,
1431944505196,com.google.android.search.core.service.BroadcastListenerService,com.google.android.googlequicksearchbox:search,10026,22719,75471,[STARTED],false,true,0,0,66044360,
1431944505196,com.android.systemui.keyguard.KeyguardService,com.android.systemui,10014,930,44352,[PERSISTENT],false,false,2,2,68066,
1431944505196,openiab.StoreService,cm.aptoide.pt,10148,0,54787,[],false,true,0,0,54797,
1431944505196,ch.unige.css.services.main.CssRegistryService,ch.unige.ping:background,10149,31837,60171236,[STARTED],false,true,0,0,60171508,
1431944505196,org.cyanogenmod.audiofx.HeadsetService,org.cyanogenmod.audiofx,10000,1289,67364,"[PERSISTENT,STARTED]",false,true,0,0,67374,
1431944505196,com.whatsapp.messaging.MessageService,com.whatsapp,10110,16333,67811,[STARTED],false,true,1,1,65049564,
1431944565412,com.android.bluetooth.hid.HidService,com.android.bluetooth,1002,0,49150,[],false,true,0,0,49160,
1431944565412,com.cleanmaster.service.PermanentService,com.cleanmaster.mguard:service,10138,1271,94138,[STARTED],false,true,1,1,67270917,
1431944565412,com.google.android.music.dial.DialMediaRouteProviderService,com.google.android.music:main,10073,0,57202,[],false,true,0,0,57212,
1431944565412,ch.unige.css.services.PingService,ch.unige.ping,10149,1632,68311161,[STARTED],false,true,0,0,68311172,
1431944565412,com.google.android.search.core.service.BroadcastListenerService,com.google.android.googlequicksearchbox:search,10026,22719,75471,[STARTED],false,true,0,0,66044360,
1431944565412,com.android.systemui.keyguard.KeyguardService,com.android.systemui,10014,930,44352,[PERSISTENT],false,false,2,2,68066,
1431944565412,openiab.StoreService,cm.aptoide.pt,10148,0,54787,[],false,true,0,0,54797,
1431944565412,ch.unige.css.services.main.CssRegistryService,ch.unige.ping:background,10149,31837,60171236,[STARTED],false,true,0,0,60171508,
1431944565412,org.cyanogenmod.audiofx.HeadsetService,org.cyanogenmod.audiofx,10000,1289,67364,"[PERSISTENT,STARTED]",false,true,0,0,67374,
1431944565412,com.whatsapp.messaging.MessageService,com.whatsapp,10110,16333,67811,[STARTED],false,true,1,1,65049564,
1431944625695,com.android.bluetooth.hid.HidService,com.android.bluetooth,1002,0,49150,[],false,true,0,0,49160,
1431944625695,com.cleanmaster.service.PermanentService,com.cleanmaster.mguard:service,10138,1271,94138,[STARTED],false,true,1,1,67270917,
1431944625695,com.google.android.music.dial.DialMediaRouteProviderService,com.google.android.music:main,10073,0,57202,[],false,true,0,0,57212,
1431944625695,ch.unige.css.services.PingService,ch.unige.ping,10149,1632,68371310,[STARTED],false,true,0,0,68371321,
1431944625695,com.google.android.search.core.service.BroadcastListenerService,com.google.android.googlequicksearchbox:search,10026,22719,75471,[STARTED],false,true,0,0,66044360,
1431944625695,com.android.systemui.keyguard.KeyguardService,com.android.systemui,10014,930,44352,[PERSISTENT],false,false,2,2,68066,
1431944625695,openiab.StoreService,cm.aptoide.pt,10148,0,54787,[],false,true,0,0,54797,
1431944625695,ch.unige.css.services.main.CssRegistryService,ch.unige.ping:background,10149,31837,60171236,[STARTED],false,true,0,0,60171508,
1431944625695,org.cyanogenmod.audiofx.HeadsetService,org.cyanogenmod.audiofx,10000,1289,67364,"[PERSISTENT,STARTED]",false,true,0,0,67374,
1431944625695,com.whatsapp.messaging.MessageService,com.whatsapp,10110,16333,67811,[STARTED],false,true,1,1,65049564,
1431944691192,com.android.bluetooth.hid.HidService,com.android.bluetooth,1002,0,49150,[],false,true,0,0,49160,
1431944691192,com.cleanmaster.service.PermanentService,com.cleanmaster.mguard:service,10138,1271,94138,[STARTED],false,true,1,1,67270917,
1431944691192,com.google.android.music.dial.DialMediaRouteProviderService,com.google.android.music:main,10073,0,57202,[],false,true,0,0,57212,
1431944691192,ch.unige.css.services.PingService,ch.unige.ping,10149,1632,68436909,[STARTED],false,true,0,0,68436920,
1431944691192,com.google.android.search.core.service.BroadcastListenerService,com.google.android.googlequicksearchbox:search,10026,22719,75471,[STARTED],false,true,0,0,66044360,
1431944691192,com.android.systemui.keyguard.KeyguardService,com.android.systemui,10014,930,44352,[PERSISTENT],false,false,2,2,68066,
1431944691192,openiab.StoreService,cm.aptoide.pt,10148,0,54787,[],false,true,0,0,54797,
1431944691192,ch.unige.css.services.main.CssRegistryService,ch.unige.ping:background,10149,31837,60171236,[STARTED],false,true,0,0,60171508,
1431944691192,org.cyanogenmod.audiofx.HeadsetService,org.cyanogenmod.audiofx,10000,1289,67364,"[PERSISTENT,STARTED]",false,true,0,0,67374,
1431944691192,com.whatsapp.messaging.MessageService,com.whatsapp,10110,16333,67811,[STARTED],false,true,1,1,65049564,
1431944751410,com.android.bluetooth.hid.HidService,com.android.bluetooth,1002,0,49150,[],false,true,0,0,49160,
1431944751410,com.cleanmaster.service.PermanentService,com.cleanmaster.mguard:service,10138,1271,94138,[STARTED],false,true,1,1,67270917,
1431944751410,com.google.android.music.dial.DialMediaRouteProviderService,com.google.android.music:main,10073,0,57202,[],false,true,0,0,57212,
1431944751410,ch.unige.css.services.PingService,ch.unige.ping,10149,1632,68497140,[STARTED],false,true,0,0,68497151,
1431944751410,com.google.android.search.core.service.BroadcastListenerService,com.google.android.googlequicksearchbox:search,10026,22719,75471,[STARTED],false,true,0,0,66044360,
1431944751410,com.android.systemui.keyguard.KeyguardService,com.android.systemui,10014,930,44352,[PERSISTENT],false,false,2,2,68066,
1431944751410,openiab.StoreService,cm.aptoide.pt,10148,0,54787,[],false,true,0,0,54797,
1431944751410,ch.unige.css.services.main.CssRegistryService,ch.unige.ping:background,10149,31837,60171236,[STARTED],false,true,0,0,60171508,
1431944751410,com.google.android.finsky.billing.iab.InAppBillingService,com.android.vending,10024,29546,68457376,[],false,true,1,1,68457566,
1431944751410,org.cyanogenmod.audiofx.HeadsetService,org.cyanogenmod.audiofx,10000,1289,67364,"[PERSISTENT,STARTED]",false,true,0,0,67374,
1431944811649,com.android.bluetooth.hid.HidService,com.android.bluetooth,1002,0,49150,[],false,true,0,0,49160,
1431944811649,com.cleanmaster.service.PermanentService,com.cleanmaster.mguard:service,10138,1271,94138,[STARTED],false,true,1,1,67270917,
1431944811649,com.google.android.music.dial.DialMediaRouteProviderService,com.google.android.music:main,10073,0,57202,[],false,true,0,0,57212,
1431944811649,ch.unige.css.services.PingService,ch.unige.ping,10149,1632,68557373,[STARTED],false,true,0,0,68557384,
1431944811649,com.google.android.search.core.service.BroadcastListenerService,com.google.android.googlequicksearchbox:search,10026,22719,75471,[STARTED],false,true,0,0,66044360,
1431944811649,com.android.systemui.keyguard.KeyguardService,com.android.systemui,10014,930,44352,[PERSISTENT],false,false,2,2,68066,
1431944811649,openiab.StoreService,cm.aptoide.pt,10148,0,54787,[],false,true,0,0,54797,
1431944811649,ch.unige.css.services.main.CssRegistryService,ch.unige.ping:background,10149,31837,60171236,[STARTED],false,true,0,0,60171508,
1431944811649,com.google.android.finsky.billing.iab.InAppBillingService,com.android.vending,10024,29546,68457376,[],false,true,1,1,68457566,
1431944811649,org.cyanogenmod.audiofx.HeadsetService,org.cyanogenmod.audiofx,10000,1289,67364,"[PERSISTENT,STARTED]",false,true,0,0,67374,
1431944872002,com.android.bluetooth.hid.HidService,com.android.bluetooth,1002,0,49150,[],false,true,0,0,49160,
1431944872002,com.cleanmaster.service.PermanentService,com.cleanmaster.mguard:service,10138,1271,94138,[STARTED],false,true,1,1,67270917,
1431944872002,com.google.android.music.dial.DialMediaRouteProviderService,com.google.android.music:main,10073,0,57202,[],false,true,0,0,57212,
1431944872002,ch.unige.css.services.PingService,ch.unige.ping,10149,1632,68617567,[STARTED],false,true,0,0,68617578,
1431944872002,com.google.android.search.core.service.BroadcastListenerService,com.google.android.googlequicksearchbox:search,10026,22719,75471,[STARTED],false,true,0,0,66044360,
1431944872002,com.android.systemui.keyguard.KeyguardService,com.android.systemui,10014,930,44352,[PERSISTENT],false,false,2,2,68066,
1431944872002,openiab.StoreService,cm.aptoide.pt,10148,0,54787,[],false,true,0,0,54797,
1431944872002,ch.unige.css.services.main.CssRegistryService,ch.unige.ping:background,10149,31837,60171236,[STARTED],false,true,0,0,60171508,
1431944872002,com.google.android.finsky.billing.iab.InAppBillingService,com.android.vending,10024,29546,68457376,[],false,true,1,1,68457566,
1431944872002,org.cyanogenmod.audiofx.HeadsetService,org.cyanogenmod.audiofx,10000,1289,67364,"[PERSISTENT,STARTED]",false,true,0,0,67374,
1431944932192,com.android.bluetooth.hid.HidService,com.android.bluetooth,1002,0,49150,[],false,true,0,0,49160,
1431944932192,com.cleanmaster.service.PermanentService,com.cleanmaster.mguard:service,10138,1271,94138,[STARTED],false,true,1,1,67270917,
1431944932192,com.google.android.music.dial.DialMediaRouteProviderService,com.google.android.music:main,10073,0,57202,[],false,true,0,0,57212,
1431944932192,ch.unige.css.services.PingService,ch.unige.ping,10149,1632,68677921,[STARTED],false,true,0,0,68677932,
1431944932192,com.google.android.search.core.service.BroadcastListenerService,com.google.android.googlequicksearchbox:search,10026,22719,75471,[STARTED],false,true,0,0,66044360,
1431944932192,com.android.systemui.keyguard.KeyguardService,com.android.systemui,10014,930,44352,[PERSISTENT],false,false,2,2,68066,
1431944932192,openiab.StoreService,cm.aptoide.pt,10148,0,54787,[],false,true,0,0,54797,
1431944932192,ch.unige.css.services.main.CssRegistryService,ch.unige.ping:background,10149,31837,60171236,[STARTED],false,true,0,0,60171508,
1431944932192,com.google.android.finsky.billing.iab.InAppBillingService,com.android.vending,10024,29546,68457376,[],false,true,1,1,68457566,
1431944932192,org.cyanogenmod.audiofx.HeadsetService,org.cyanogenmod.audiofx,10000,1289,67364,"[PERSISTENT,STARTED]",false,true,0,0,67374,
1431944992383,com.android.bluetooth.hid.HidService,com.android.bluetooth,1002,0,49150,[],false,true,0,0,49160,
1431944992383,com.cleanmaster.service.PermanentService,com.cleanmaster.mguard:service,10138,1271,94138,[STARTED],false,true,1,1,67270917,
1431944992383,com.google.android.music.dial.DialMediaRouteProviderService,com.google.android.music:main,10073,0,57202,[],false,true,0,0,57212,
1431944992383,ch.unige.css.services.PingService,ch.unige.ping,10149,1632,68738127,[STARTED],false,true,0,0,68738138,
1431944992383,com.google.android.search.core.service.BroadcastListenerService,com.google.android.googlequicksearchbox:search,10026,22719,75471,[STARTED],false,true,0,0,66044360,
1431944992383,com.android.systemui.keyguard.KeyguardService,com.android.systemui,10014,930,44352,[PERSISTENT],false,false,2,2,68066,
1431944992383,openiab.StoreService,cm.aptoide.pt,10148,0,54787,[],false,true,0,0,54797,
1431944992383,ch.unige.css.services.main.CssRegistryService,ch.unige.ping:background,10149,31837,60171236,[STARTED],false,true,0,0,60171508,
1431944992383,com.google.android.finsky.billing.iab.InAppBillingService,com.android.vending,10024,29546,68457376,[],false,true,1,1,68457566,
1431944992383,org.cyanogenmod.audiofx.HeadsetService,org.cyanogenmod.audiofx,10000,1289,67364,"[PERSISTENT,STARTED]",false,true,0,0,67374,
1431945052478,com.android.bluetooth.hid.HidService,com.android.bluetooth,1002,0,49150,[],false,true,0,0,49160,
1431945052478,com.cleanmaster.service.PermanentService,com.cleanmaster.mguard:service,10138,1271,94138,[STARTED],false,true,1,1,67270917,
1431945052478,com.google.android.music.dial.DialMediaRouteProviderService,com.google.android.music:main,10073,0,57202,[],false,true,0,0,57212,
1431945052478,ch.unige.css.services.PingService,ch.unige.ping,10149,1632,68798223,[STARTED],false,true,0,0,68798234,
1431945052478,com.google.android.search.core.service.BroadcastListenerService,com.google.android.googlequicksearchbox:search,10026,22719,75471,[STARTED],false,true,0,0,66044360,
1431945052478,com.android.systemui.keyguard.KeyguardService,com.android.systemui,10014,930,44352,[PERSISTENT],false,false,2,2,68066,
1431945052478,openiab.StoreService,cm.aptoide.pt,10148,0,54787,[],false,true,0,0,54797,
1431945052478,ch.unige.css.services.main.CssRegistryService,ch.unige.ping:background,10149,31837,60171236,[STARTED],false,true,0,0,60171508,
1431945052478,com.google.android.finsky.billing.iab.InAppBillingService,com.android.vending,10024,29546,68457376,[],false,true,1,1,68457566,
1431945052478,org.cyanogenmod.audiofx.HeadsetService,org.cyanogenmod.audiofx,10000,1289,67364,"[PERSISTENT,STARTED]",false,true,0,0,67374,
1431945112784,com.android.bluetooth.hid.HidService,com.android.bluetooth,1002,0,49150,[],false,true,0,0,49160,
1431945112784,com.cleanmaster.service.PermanentService,com.cleanmaster.mguard:service,10138,1271,94138,[STARTED],false,true,1,1,67270917,
1431945112784,com.google.android.music.dial.DialMediaRouteProviderService,com.google.android.music:main,10073,0,57202,[],false,true,0,0,57212,
1431945112784,ch.unige.css.services.PingService,ch.unige.ping,10149,1632,68858541,[STARTED],false,true,0,0,68858552,
1431945112784,com.google.android.search.core.service.BroadcastListenerService,com.google.android.googlequicksearchbox:search,10026,22719,75471,[STARTED],false,true,0,0,66044360,
1431945112784,com.android.systemui.keyguard.KeyguardService,com.android.systemui,10014,930,44352,[PERSISTENT],false,false,2,2,68066,
1431945112784,openiab.StoreService,cm.aptoide.pt,10148,0,54787,[],false,true,0,0,54797,
1431945112784,ch.unige.css.services.main.CssRegistryService,ch.unige.ping:background,10149,31837,60171236,[STARTED],false,true,0,0,60171508,
1431945112784,com.google.android.finsky.billing.iab.InAppBillingService,com.android.vending,10024,29546,68457376,[],false,true,1,1,68457566,
1431945112784,org.cyanogenmod.audiofx.HeadsetService,org.cyanogenmod.audiofx,10000,1289,67364,"[PERSISTENT,STARTED]",false,true,0,0,67374,
1431945173230,com.android.bluetooth.hid.HidService,com.android.bluetooth,1002,0,49150,[],false,true,0,0,49160,
1431945173230,com.cleanmaster.service.PermanentService,com.cleanmaster.mguard:service,10138,1271,94138,[STARTED],false,true,1,1,67270917,
1431945173230,com.google.android.music.dial.DialMediaRouteProviderService,com.google.android.music:main,10073,0,57202,[],false,true,0,0,57212,
1431945173230,ch.unige.css.services.PingService,ch.unige.ping,10149,1632,68918815,[STARTED],false,true,0,0,68918826,
1431945173230,com.google.android.search.core.service.BroadcastListenerService,com.google.android.googlequicksearchbox:search,10026,22719,75471,[STARTED],false,true,0,0,66044360,
1431945173230,com.android.systemui.keyguard.KeyguardService,com.android.systemui,10014,930,44352,[PERSISTENT],false,false,2,2,68066,
1431945173230,openiab.StoreService,cm.aptoide.pt,10148,0,54787,[],false,true,0,0,54797,
1431945173230,ch.unige.css.services.main.CssRegistryService,ch.unige.ping:background,10149,31837,60171236,[STARTED],false,true,0,0,60171508,
1431945173230,com.google.android.finsky.billing.iab.InAppBillingService,com.android.vending,10024,29546,68457376,[],false,true,1,1,68457566,
1431945173230,org.cyanogenmod.audiofx.HeadsetService,org.cyanogenmod.audiofx,10000,1289,67364,"[PERSISTENT,STARTED]",false,true,0,0,67374,
1431945233148,com.android.bluetooth.hid.HidService,com.android.bluetooth,1002,0,49150,[],false,true,0,0,49160,
1431945233148,com.cleanmaster.service.PermanentService,com.cleanmaster.mguard:service,10138,1271,94138,[STARTED],false,true,1,1,67270917,
1431945233148,com.google.android.music.dial.DialMediaRouteProviderService,com.google.android.music:main,10073,0,57202,[],false,true,0,0,57212,
1431945233148,ch.unige.css.services.PingService,ch.unige.ping,10149,1632,68978910,[STARTED],false,true,0,0,68978921,
1431945233148,com.google.android.search.core.service.BroadcastListenerService,com.google.android.googlequicksearchbox:search,10026,22719,75471,[STARTED],false,true,0,0,66044360,
1431945233148,com.android.systemui.keyguard.KeyguardService,com.android.systemui,10014,930,44352,[PERSISTENT],false,false,2,2,68066,
1431945233148,openiab.StoreService,cm.aptoide.pt,10148,0,54787,[],false,true,0,0,54797,
1431945233148,ch.unige.css.services.main.CssRegistryService,ch.unige.ping:background,10149,31837,60171236,[STARTED],false,true,0,0,60171508,
1431945233148,com.google.android.finsky.billing.iab.InAppBillingService,com.android.vending,10024,29546,68457376,[],false,true,1,1,68457566,
1431945233148,org.cyanogenmod.audiofx.HeadsetService,org.cyanogenmod.audiofx,10000,1289,67364,"[PERSISTENT,STARTED]",false,true,0,0,67374,
1431945293580,com.android.bluetooth.hid.HidService,com.android.bluetooth,1002,0,49150,[],false,true,0,0,49160,
1431945293580,com.cleanmaster.service.PermanentService,com.cleanmaster.mguard:service,10138,1271,94138,[STARTED],false,true,1,1,67270917,
1431945293580,com.google.android.music.dial.DialMediaRouteProviderService,com.google.android.music:main,10073,0,57202,[],false,true,0,0,57212,
1431945293580,ch.unige.css.services.PingService,ch.unige.ping,10149,1632,69039342,[STARTED],false,true,0,0,69039352,
1431945293580,com.google.android.search.core.service.BroadcastListenerService,com.google.android.googlequicksearchbox:search,10026,22719,75471,[STARTED],false,true,0,0,66044360,
1431945293580,com.android.systemui.keyguard.KeyguardService,com.android.systemui,10014,930,44352,[PERSISTENT],false,false,2,2,68066,
1431945293580,openiab.StoreService,cm.aptoide.pt,10148,0,54787,[],false,true,0,0,54797,
1431945293580,ch.unige.css.services.main.CssRegistryService,ch.unige.ping:background,10149,31837,60171236,[STARTED],false,true,0,0,60171508,
1431945293580,com.google.android.finsky.billing.iab.InAppBillingService,com.android.vending,10024,29546,68457376,[],false,true,1,1,68457566,
1431945293580,org.cyanogenmod.audiofx.HeadsetService,org.cyanogenmod.audiofx,10000,1289,67364,"[PERSISTENT,STARTED]",false,true,0,0,67374,
1431945353679,com.android.bluetooth.hid.HidService,com.android.bluetooth,1002,0,49150,[],false,true,0,0,49160,
1431945353679,com.cleanmaster.service.PermanentService,com.cleanmaster.mguard:service,10138,1271,94138,[STARTED],false,true,1,1,67270917,
1431945353679,com.google.android.music.dial.DialMediaRouteProviderService,com.google.android.music:main,10073,0,57202,[],false,true,0,0,57212,
1431945353679,ch.unige.css.services.PingService,ch.unige.ping,10149,1632,69099400,[STARTED],false,true,0,0,69099411,
1431945353679,com.google.android.search.core.service.BroadcastListenerService,com.google.android.googlequicksearchbox:search,10026,22719,75471,[STARTED],false,true,0,0,66044360,
1431945353679,com.android.systemui.keyguard.KeyguardService,com.android.systemui,10014,930,44352,[PERSISTENT],false,false,2,2,68066,
1431945353679,openiab.StoreService,cm.aptoide.pt,10148,0,54787,[],false,true,0,0,54797,
1431945353679,ch.unige.css.services.main.CssRegistryService,ch.unige.ping:background,10149,31837,60171236,[STARTED],false,true,0,0,60171508,
1431945353679,com.google.android.finsky.billing.iab.InAppBillingService,com.android.vending,10024,29546,68457376,[],false,true,1,1,68457566,
1431945353679,org.cyanogenmod.audiofx.HeadsetService,org.cyanogenmod.audiofx,10000,1289,67364,"[PERSISTENT,STARTED]",false,true,0,0,67374,
1431945413998,com.android.bluetooth.hid.HidService,com.android.bluetooth,1002,0,49150,[],false,true,0,0,49160,
1431945413998,com.cleanmaster.service.PermanentService,com.cleanmaster.mguard:service,10138,1271,94138,[STARTED],false,true,1,1,67270917,
1431945413998,com.google.android.music.dial.DialMediaRouteProviderService,com.google.android.music:main,10073,0,57202,[],false,true,0,0,57212,
1431945413998,ch.unige.css.services.PingService,ch.unige.ping,10149,1632,69159700,[STARTED],false,true,0,0,69159711,
1431945413998,com.google.android.search.core.service.BroadcastListenerService,com.google.android.googlequicksearchbox:search,10026,22719,75471,[STARTED],false,true,0,0,66044360,
1431945413998,com.android.systemui.keyguard.KeyguardService,com.android.systemui,10014,930,44352,[PERSISTENT],false,false,2,2,68066,
1431945413998,openiab.StoreService,cm.aptoide.pt,10148,0,54787,[],false,true,0,0,54797,
1431945413998,ch.unige.css.services.main.CssRegistryService,ch.unige.ping:background,10149,31837,60171236,[STARTED],false,true,0,0,60171508,
1431945413998,com.google.android.finsky.billing.iab.InAppBillingService,com.android.vending,10024,29546,68457376,[],false,true,1,1,68457566,
1431945413998,org.cyanogenmod.audiofx.HeadsetService,org.cyanogenmod.audiofx,10000,1289,67364,"[PERSISTENT,STARTED]",false,true,0,0,67374,
1431945473972,com.android.bluetooth.hid.HidService,com.android.bluetooth,1002,0,49150,[],false,true,0,0,49160,
1431945473972,com.cleanmaster.service.PermanentService,com.cleanmaster.mguard:service,10138,1271,94138,[STARTED],false,true,1,1,67270917,
1431945473972,com.google.android.music.dial.DialMediaRouteProviderService,com.google.android.music:main,10073,0,57202,[],false,true,0,0,57212,
1431945473972,ch.unige.css.services.PingService,ch.unige.ping,10149,1632,69219737,[STARTED],false,true,0,0,69219748,
1431945473972,com.google.android.search.core.service.BroadcastListenerService,com.google.android.googlequicksearchbox:search,10026,22719,75471,[STARTED],false,true,0,0,66044360,
1431945473972,com.android.systemui.keyguard.KeyguardService,com.android.systemui,10014,930,44352,[PERSISTENT],false,false,2,2,68066,
1431945473972,openiab.StoreService,cm.aptoide.pt,10148,0,54787,[],false,true,0,0,54797,
1431945473972,ch.unige.css.services.main.CssRegistryService,ch.unige.ping:background,10149,31837,60171236,[STARTED],false,true,0,0,60171508,
1431945473972,com.google.android.finsky.billing.iab.InAppBillingService,com.android.vending,10024,29546,68457376,[],false,true,1,1,68457566,
1431945473972,org.cyanogenmod.audiofx.HeadsetService,org.cyanogenmod.audiofx,10000,1289,67364,"[PERSISTENT,STARTED]",false,true,0,0,67374,
1431945534346,com.android.bluetooth.hid.HidService,com.android.bluetooth,1002,0,49150,[],false,true,0,0,49160,
1431945534346,com.cleanmaster.service.PermanentService,com.cleanmaster.mguard:service,10138,1271,94138,[STARTED],false,true,1,1,67270917,
1431945534346,com.google.android.music.dial.DialMediaRouteProviderService,com.google.android.music:main,10073,0,57202,[],false,true,0,0,57212,
1431945534346,ch.unige.css.services.PingService,ch.unige.ping,10149,1632,69280046,[STARTED],false,true,0,0,69280057,
1431945534346,com.google.android.search.core.service.BroadcastListenerService,com.google.android.googlequicksearchbox:search,10026,22719,75471,[STARTED],false,true,0,0,66044360,
1431945534346,com.android.systemui.keyguard.KeyguardService,com.android.systemui,10014,930,44352,[PERSISTENT],false,false,2,2,68066,
1431945534346,openiab.StoreService,cm.aptoide.pt,10148,0,54787,[],false,true,0,0,54797,
1431945534346,ch.unige.css.services.main.CssRegistryService,ch.unige.ping:background,10149,31837,60171236,[STARTED],false,true,0,0,60171508,
1431945534346,com.google.android.finsky.billing.iab.InAppBillingService,com.android.vending,10024,29546,68457376,[],false,true,1,1,68457566,
1431945534346,org.cyanogenmod.audiofx.HeadsetService,org.cyanogenmod.audiofx,10000,1289,67364,"[PERSISTENT,STARTED]",false,true,0,0,67374,
1431945608694,com.android.bluetooth.hid.HidService,com.android.bluetooth,1002,0,49150,[],false,true,0,0,49160,
1431945608694,com.cleanmaster.service.PermanentService,com.cleanmaster.mguard:service,10138,1271,94138,[STARTED],false,true,1,1,67270917,
1431945608694,com.google.android.music.dial.DialMediaRouteProviderService,com.google.android.music:main,10073,0,57202,[],false,true,0,0,57212,
1431945608694,ch.unige.css.services.PingService,ch.unige.ping,10149,1632,69354415,[STARTED],false,true,0,0,69354426,
1431945608694,com.google.android.search.core.service.BroadcastListenerService,com.google.android.googlequicksearchbox:search,10026,22719,75471,[STARTED],false,true,0,0,66044360,
1431945608694,com.android.systemui.keyguard.KeyguardService,com.android.systemui,10014,930,44352,[PERSISTENT],false,false,2,2,68066,
1431945608694,openiab.StoreService,cm.aptoide.pt,10148,0,54787,[],false,true,0,0,54797,
1431945608694,ch.unige.css.services.main.CssRegistryService,ch.unige.ping:background,10149,31837,60171236,[STARTED],false,true,0,0,60171508,
1431945608694,com.google.android.finsky.billing.iab.InAppBillingService,com.android.vending,10024,29546,68457376,[],false,true,1,1,68457566,
1431945608694,org.cyanogenmod.audiofx.HeadsetService,org.cyanogenmod.audiofx,10000,1289,67364,"[PERSISTENT,STARTED]",false,true,0,0,67374,
1431945668893,com.android.bluetooth.hid.HidService,com.android.bluetooth,1002,0,49150,[],false,true,0,0,49160,
1431945668893,com.cleanmaster.service.PermanentService,com.cleanmaster.mguard:service,10138,1271,94138,[STARTED],false,true,1,1,67270917,
1431945668893,com.google.android.music.dial.DialMediaRouteProviderService,com.google.android.music:main,10073,0,57202,[],false,true,0,0,57212,
1431945668893,ch.unige.css.services.PingService,ch.unige.ping,10149,1632,69414623,[STARTED],false,true,0,0,69414634,
1431945668893,com.google.android.search.core.service.BroadcastListenerService,com.google.android.googlequicksearchbox:search,10026,22719,75471,[STARTED],false,true,0,0,66044360,
1431945668893,com.android.systemui.keyguard.KeyguardService,com.android.systemui,10014,930,44352,[PERSISTENT],false,false,2,2,68066,
1431945668893,openiab.StoreService,cm.aptoide.pt,10148,0,54787,[],false,true,0,0,54797,
1431945668893,ch.unige.css.services.main.CssRegistryService,ch.unige.ping:background,10149,31837,60171236,[STARTED],false,true,0,0,60171508,
1431945668893,com.google.android.finsky.billing.iab.InAppBillingService,com.android.vending,10024,29546,68457376,[],false,true,1,1,68457566,
1431945668893,org.cyanogenmod.audiofx.HeadsetService,org.cyanogenmod.audiofx,10000,1289,67364,"[PERSISTENT,STARTED]",false,true,0,0,67374,
1431945728952,com.android.bluetooth.hid.HidService,com.android.bluetooth,1002,0,49150,[],false,true,0,0,49160,
1431945728952,com.cleanmaster.service.PermanentService,com.cleanmaster.mguard:service,10138,1271,94138,[STARTED],false,true,1,1,67270917,
1431945728952,com.google.android.music.dial.DialMediaRouteProviderService,com.google.android.music:main,10073,0,57202,[],false,true,0,0,57212,
1431945728952,ch.unige.css.services.PingService,ch.unige.ping,10149,1632,69474699,[STARTED],false,true,0,0,69474710,
1431945728952,com.google.android.search.core.service.BroadcastListenerService,com.google.android.googlequicksearchbox:search,10026,22719,75471,[STARTED],false,true,0,0,66044360,
1431945728952,com.android.systemui.keyguard.KeyguardService,com.android.systemui,10014,930,44352,[PERSISTENT],false,false,2,2,68066,
1431945728952,openiab.StoreService,cm.aptoide.pt,10148,0,54787,[],false,true,0,0,54797,
1431945728952,ch.unige.css.services.main.CssRegistryService,ch.unige.ping:background,10149,31837,60171236,[STARTED],false,true,0,0,60171508,
1431945728952,com.google.android.finsky.billing.iab.InAppBillingService,com.android.vending,10024,29546,68457376,[],false,true,1,1,68457566,
1431945728952,org.cyanogenmod.audiofx.HeadsetService,org.cyanogenmod.audiofx,10000,1289,67364,"[PERSISTENT,STARTED]",false,true,0,0,67374,
1431945795721,com.android.bluetooth.hid.HidService,com.android.bluetooth,1002,0,49150,[],false,true,0,0,49160,
1431945795721,com.cleanmaster.service.PermanentService,com.cleanmaster.mguard:service,10138,1271,94138,[STARTED],false,true,1,1,67270917,
1431945795721,com.google.android.music.dial.DialMediaRouteProviderService,com.google.android.music:main,10073,0,57202,[],false,true,0,0,57212,
1431945795721,ch.unige.css.services.PingService,ch.unige.ping,10149,1632,69541458,[STARTED],false,true,0,0,69541469,
1431945795721,com.google.android.search.core.service.BroadcastListenerService,com.google.android.googlequicksearchbox:search,10026,22719,75471,[STARTED],false,true,0,0,66044360,
1431945795721,com.android.systemui.keyguard.KeyguardService,com.android.systemui,10014,930,44352,[PERSISTENT],false,false,2,2,68066,
1431945795721,openiab.StoreService,cm.aptoide.pt,10148,0,54787,[],false,true,0,0,54797,
1431945795721,ch.unige.css.services.main.CssRegistryService,ch.unige.ping:background,10149,31837,60171236,[STARTED],false,true,0,0,60171508,
1431945795721,com.google.android.finsky.billing.iab.InAppBillingService,com.android.vending,10024,29546,68457376,[],false,true,1,1,68457566,
1431945795721,org.cyanogenmod.audiofx.HeadsetService,org.cyanogenmod.audiofx,10000,1289,67364,"[PERSISTENT,STARTED]",false,true,0,0,67374,
1431945857159,com.android.bluetooth.hid.HidService,com.android.bluetooth,1002,0,49150,[],false,true,0,0,49160,
1431945857159,com.cleanmaster.service.PermanentService,com.cleanmaster.mguard:service,10138,1271,94138,[STARTED],false,true,1,1,67270917,
1431945857159,com.google.android.music.dial.DialMediaRouteProviderService,com.google.android.music:main,10073,0,57202,[],false,true,0,0,57212,
1431945857159,ch.unige.css.services.PingService,ch.unige.ping,10149,1632,69602886,[STARTED],false,true,0,0,69602897,
1431945857159,com.google.android.search.core.service.BroadcastListenerService,com.google.android.googlequicksearchbox:search,10026,22719,75471,[STARTED],false,true,0,0,66044360,
1431945857159,com.android.systemui.keyguard.KeyguardService,com.android.systemui,10014,930,44352,[PERSISTENT],false,false,2,2,68066,
1431945857159,openiab.StoreService,cm.aptoide.pt,10148,0,54787,[],false,true,0,0,54797,
1431945857159,ch.unige.css.services.main.CssRegistryService,ch.unige.ping:background,10149,31837,60171236,[STARTED],false,true,0,0,60171508,
1431945857159,com.google.android.finsky.billing.iab.InAppBillingService,com.android.vending,10024,29546,68457376,[],false,true,1,1,68457566,
1431945857159,org.cyanogenmod.audiofx.HeadsetService,org.cyanogenmod.audiofx,10000,1289,67364,"[PERSISTENT,STARTED]",false,true,0,0,67374,
1431945917496,com.android.bluetooth.hid.HidService,com.android.bluetooth,1002,0,49150,[],false,true,0,0,49160,
1431945917496,com.cleanmaster.service.PermanentService,com.cleanmaster.mguard:service,10138,1271,94138,[STARTED],false,true,1,1,67270917,
1431945917496,com.google.android.music.dial.DialMediaRouteProviderService,com.google.android.music:main,10073,0,57202,[],false,true,0,0,57212,
1431945917496,ch.unige.css.services.PingService,ch.unige.ping,10149,1632,69663197,[STARTED],false,true,0,0,69663208,
1431945917496,com.google.android.search.core.service.BroadcastListenerService,com.google.android.googlequicksearchbox:search,10026,22719,75471,[STARTED],false,true,0,0,66044360,
1431945917496,com.android.systemui.keyguard.KeyguardService,com.android.systemui,10014,930,44352,[PERSISTENT],false,false,2,2,68066,
1431945917496,openiab.StoreService,cm.aptoide.pt,10148,0,54787,[],false,true,0,0,54797,
1431945917496,ch.unige.css.services.main.CssRegistryService,ch.unige.ping:background,10149,31837,60171236,[STARTED],false,true,0,0,60171508,
1431945917496,com.google.android.finsky.billing.iab.InAppBillingService,com.android.vending,10024,29546,68457376,[],false,true,1,1,68457566,
1431945917496,org.cyanogenmod.audiofx.HeadsetService,org.cyanogenmod.audiofx,10000,1289,67364,"[PERSISTENT,STARTED]",false,true,0,0,67374,
1431945977730,com.android.bluetooth.hid.HidService,com.android.bluetooth,1002,0,49150,[],false,true,0,0,49160,
1431945977730,com.cleanmaster.service.PermanentService,com.cleanmaster.mguard:service,10138,1271,94138,[STARTED],false,true,1,1,67270917,
1431945977730,com.google.android.music.dial.DialMediaRouteProviderService,com.google.android.music:main,10073,0,57202,[],false,true,0,0,57212,
1431945977730,ch.unige.css.services.PingService,ch.unige.ping,10149,1632,69723419,[STARTED],false,true,0,0,69723430,
1431945977730,com.google.android.search.core.service.BroadcastListenerService,com.google.android.googlequicksearchbox:search,10026,22719,75471,[STARTED],false,true,0,0,66044360,
1431945977730,com.android.systemui.keyguard.KeyguardService,com.android.systemui,10014,930,44352,[PERSISTENT],false,false,2,2,68066,
1431945977730,openiab.StoreService,cm.aptoide.pt,10148,0,54787,[],false,true,0,0,54797,
1431945977730,ch.unige.css.services.main.CssRegistryService,ch.unige.ping:background,10149,31837,60171236,[STARTED],false,true,0,0,60171508,
1431945977730,com.google.android.finsky.billing.iab.InAppBillingService,com.android.vending,10024,29546,68457376,[],false,true,1,1,68457566,
1431945977730,org.cyanogenmod.audiofx.HeadsetService,org.cyanogenmod.audiofx,10000,1289,67364,"[PERSISTENT,STARTED]",false,true,0,0,67374,
1431946037769,com.android.bluetooth.hid.HidService,com.android.bluetooth,1002,0,49150,[],false,true,0,0,49160,
1431946037769,com.cleanmaster.service.PermanentService,com.cleanmaster.mguard:service,10138,653,94138,[STARTED],false,true,2,2,69741804,
1431946037769,com.google.android.music.dial.DialMediaRouteProviderService,com.google.android.music:main,10073,0,57202,[],false,true,0,0,57212,
1431946037769,ch.unige.css.services.PingService,ch.unige.ping,10149,1632,69783503,[STARTED],false,true,0,0,69783514,
1431946037769,com.google.android.search.core.service.BroadcastListenerService,com.google.android.googlequicksearchbox:search,10026,22719,75471,[STARTED],false,true,0,0,66044360,
1431946037769,com.android.systemui.keyguard.KeyguardService,com.android.systemui,10014,930,44352,[PERSISTENT],false,false,2,2,68066,
1431946037769,openiab.StoreService,cm.aptoide.pt,10148,0,54787,[],false,true,0,0,54797,
1431946037769,ch.unige.css.services.main.CssRegistryService,ch.unige.ping:background,10149,31837,60171236,[STARTED],false,true,0,0,60171508,
1431946037769,com.google.android.finsky.billing.iab.InAppBillingService,com.android.vending,10024,29546,68457376,[],false,true,1,1,68457566,
1431946037769,org.cyanogenmod.audiofx.HeadsetService,org.cyanogenmod.audiofx,10000,1289,67364,"[PERSISTENT,STARTED]",false,true,0,0,67374,
1431946098129,com.android.bluetooth.hid.HidService,com.android.bluetooth,1002,0,49150,[],false,true,0,0,49160,
1431946098129,com.cleanmaster.service.PermanentService,com.cleanmaster.mguard:service,10138,653,94138,[STARTED],false,true,2,2,69741804,
1431946098129,com.google.android.music.dial.DialMediaRouteProviderService,com.google.android.music:main,10073,0,57202,[],false,true,0,0,57212,
1431946098129,ch.unige.css.services.PingService,ch.unige.ping,10149,1632,69843825,[STARTED],false,true,0,0,69843836,
1431946098129,com.google.android.search.core.service.BroadcastListenerService,com.google.android.googlequicksearchbox:search,10026,22719,75471,[STARTED],false,true,0,0,66044360,
1431946098129,com.android.systemui.keyguard.KeyguardService,com.android.systemui,10014,930,44352,[PERSISTENT],false,false,2,2,68066,
1431946098129,openiab.StoreService,cm.aptoide.pt,10148,0,54787,[],false,true,0,0,54797,
1431946098129,ch.unige.css.services.main.CssRegistryService,ch.unige.ping:background,10149,31837,60171236,[STARTED],false,true,0,0,60171508,
1431946098129,com.google.android.finsky.billing.iab.InAppBillingService,com.android.vending,10024,29546,68457376,[],false,true,1,1,68457566,
1431946098129,org.cyanogenmod.audiofx.HeadsetService,org.cyanogenmod.audiofx,10000,1289,67364,"[PERSISTENT,STARTED]",false,true,0,0,67374,
1431946158513,com.android.bluetooth.hid.HidService,com.android.bluetooth,1002,0,49150,[],false,true,0,0,49160,
1431946158513,com.cleanmaster.service.PermanentService,com.cleanmaster.mguard:service,10138,653,94138,[STARTED],false,true,2,2,69741804,
1431946158513,com.google.android.music.dial.DialMediaRouteProviderService,com.google.android.music:main,10073,0,57202,[],false,true,0,0,57212,
1431946158513,ch.unige.css.services.PingService,ch.unige.ping,10149,1632,69904199,[STARTED],false,true,0,0,69904210,
1431946158513,com.google.android.search.core.service.BroadcastListenerService,com.google.android.googlequicksearchbox:search,10026,22719,75471,[STARTED],false,true,0,0,66044360,
1431946158513,com.android.systemui.keyguard.KeyguardService,com.android.systemui,10014,930,44352,[PERSISTENT],false,false,2,2,68066,
1431946158513,openiab.StoreService,cm.aptoide.pt,10148,0,54787,[],false,true,0,0,54797,
1431946158513,ch.unige.css.services.main.CssRegistryService,ch.unige.ping:background,10149,31837,60171236,[STARTED],false,true,0,0,60171508,
1431946158513,com.google.android.finsky.billing.iab.InAppBillingService,com.android.vending,10024,29546,68457376,[],false,true,1,1,68457566,
1431946158513,org.cyanogenmod.audiofx.HeadsetService,org.cyanogenmod.audiofx,10000,1289,67364,"[PERSISTENT,STARTED]",false,true,0,0,67374,
1431946218548,com.android.bluetooth.hid.HidService,com.android.bluetooth,1002,0,49150,[],false,true,0,0,49160,
1431946218548,com.cleanmaster.service.PermanentService,com.cleanmaster.mguard:service,10138,653,94138,[STARTED],false,true,2,2,69741804,
1431946218548,com.google.android.music.dial.DialMediaRouteProviderService,com.google.android.music:main,10073,0,57202,[],false,true,0,0,57212,
1431946218548,ch.unige.css.services.PingService,ch.unige.ping,10149,1632,69964223,[STARTED],false,true,0,0,69964234,
1431946218548,com.google.android.search.core.service.BroadcastListenerService,com.google.android.googlequicksearchbox:search,10026,22719,75471,[STARTED],false,true,0,0,66044360,
1431946218548,com.android.systemui.keyguard.KeyguardService,com.android.systemui,10014,930,44352,[PERSISTENT],false,false,2,2,68066,
1431946218548,openiab.StoreService,cm.aptoide.pt,10148,0,54787,[],false,true,0,0,54797,
1431946218548,ch.unige.css.services.main.CssRegistryService,ch.unige.ping:background,10149,31837,60171236,[STARTED],false,true,0,0,60171508,
1431946218548,com.google.android.finsky.billing.iab.InAppBillingService,com.android.vending,10024,29546,68457376,[],false,true,1,1,68457566,
1431946218548,org.cyanogenmod.audiofx.HeadsetService,org.cyanogenmod.audiofx,10000,1289,67364,"[PERSISTENT,STARTED]",false,true,0,0,67374,
1431946278897,com.android.bluetooth.hid.HidService,com.android.bluetooth,1002,0,49150,[],false,true,0,0,49160,
1431946278897,com.cleanmaster.service.PermanentService,com.cleanmaster.mguard:service,10138,653,94138,[STARTED],false,true,2,2,69741804,
1431946278897,com.google.android.music.dial.DialMediaRouteProviderService,com.google.android.music:main,10073,0,57202,[],false,true,0,0,57212,
1431946278897,ch.unige.css.services.PingService,ch.unige.ping,10149,1632,70024602,[STARTED],false,true,0,0,70024613,
1431946278897,com.google.android.search.core.service.BroadcastListenerService,com.google.android.googlequicksearchbox:search,10026,22719,75471,[STARTED],false,true,0,0,66044360,
1431946278897,com.android.systemui.keyguard.KeyguardService,com.android.systemui,10014,930,44352,[PERSISTENT],false,false,2,2,68066,
1431946278897,openiab.StoreService,cm.aptoide.pt,10148,0,54787,[],false,true,0,0,54797,
1431946278897,ch.unige.css.services.main.CssRegistryService,ch.unige.ping:background,10149,31837,60171236,[STARTED],false,true,0,0,60171508,
1431946278897,com.google.android.finsky.billing.iab.InAppBillingService,com.android.vending,10024,29546,68457376,[],false,true,1,1,68457566,
1431946278897,org.cyanogenmod.audiofx.HeadsetService,org.cyanogenmod.audiofx,10000,1289,67364,"[PERSISTENT,STARTED]",false,true,0,0,67374,
1431946339453,com.android.bluetooth.hid.HidService,com.android.bluetooth,1002,0,49150,[],false,true,0,0,49160,
1431946339453,com.cleanmaster.service.PermanentService,com.cleanmaster.mguard:service,10138,653,94138,[STARTED],false,true,2,2,69741804,
1431946339453,com.google.android.music.dial.DialMediaRouteProviderService,com.google.android.music:main,10073,0,57202,[],false,true,0,0,57212,
1431946339453,ch.unige.css.services.PingService,ch.unige.ping,10149,1632,70084954,[STARTED],false,true,0,0,70084965,
1431946339453,com.google.android.search.core.service.BroadcastListenerService,com.google.android.googlequicksearchbox:search,10026,22719,75471,[STARTED],false,true,0,0,66044360,
1431946339453,com.android.systemui.keyguard.KeyguardService,com.android.systemui,10014,930,44352,[PERSISTENT],false,false,2,2,68066,
1431946339453,openiab.StoreService,cm.aptoide.pt,10148,0,54787,[],false,true,0,0,54797,
1431946339453,ch.unige.css.services.main.CssRegistryService,ch.unige.ping:background,10149,31837,60171236,[STARTED],false,true,0,0,60171508,
1431946339453,com.google.android.finsky.billing.iab.InAppBillingService,com.android.vending,10024,29546,68457376,[],false,true,1,1,68457566,
1431946339453,org.cyanogenmod.audiofx.HeadsetService,org.cyanogenmod.audiofx,10000,1289,67364,"[PERSISTENT,STARTED]",false,true,0,0,67374,
1431946399702,com.android.bluetooth.hid.HidService,com.android.bluetooth,1002,0,49150,[],false,true,0,0,49160,
1431946399702,com.cleanmaster.service.PermanentService,com.cleanmaster.mguard:service,10138,653,94138,[STARTED],false,true,2,2,69741804,
1431946399702,com.google.android.music.dial.DialMediaRouteProviderService,com.google.android.music:main,10073,0,57202,[],false,true,0,0,57212,
1431946399702,ch.unige.css.services.PingService,ch.unige.ping,10149,1632,70145414,[STARTED],false,true,0,0,70145425,
1431946399702,com.google.android.search.core.service.BroadcastListenerService,com.google.android.googlequicksearchbox:search,10026,22719,75471,[STARTED],false,true,0,0,66044360,
1431946399702,com.android.systemui.keyguard.KeyguardService,com.android.systemui,10014,930,44352,[PERSISTENT],false,false,2,2,68066,
1431946399702,openiab.StoreService,cm.aptoide.pt,10148,0,54787,[],false,true,0,0,54797,
1431946399702,ch.unige.css.services.main.CssRegistryService,ch.unige.ping:background,10149,31837,60171236,[STARTED],false,true,0,0,60171508,
1431946399702,com.google.android.finsky.billing.iab.InAppBillingService,com.android.vending,10024,29546,68457376,[],false,true,1,1,68457566,
1431946399702,org.cyanogenmod.audiofx.HeadsetService,org.cyanogenmod.audiofx,10000,1289,67364,"[PERSISTENT,STARTED]",false,true,0,0,67374,
1431946459755,com.android.bluetooth.hid.HidService,com.android.bluetooth,1002,0,49150,[],false,true,0,0,49160,
1431946459755,com.cleanmaster.service.PermanentService,com.cleanmaster.mguard:service,10138,653,94138,[STARTED],false,true,2,2,70191014,
1431946459755,com.google.android.music.dial.DialMediaRouteProviderService,com.google.android.music:main,10073,0,57202,[],false,true,0,0,57212,
1431946459755,ch.unige.css.services.PingService,ch.unige.ping,10149,1632,70205497,[STARTED],false,true,0,0,70205508,
1431946459755,com.google.android.search.core.service.BroadcastListenerService,com.google.android.googlequicksearchbox:search,10026,22719,75471,[STARTED],false,true,0,0,66044360,
1431946459755,com.android.systemui.keyguard.KeyguardService,com.android.systemui,10014,930,44352,[PERSISTENT],false,false,2,2,68066,
1431946459755,openiab.StoreService,cm.aptoide.pt,10148,0,54787,[],false,true,0,0,54797,
1431946459755,ch.unige.css.services.main.CssRegistryService,ch.unige.ping:background,10149,31837,60171236,[STARTED],false,true,0,0,60171508,
1431946459755,com.google.android.finsky.billing.iab.InAppBillingService,com.android.vending,10024,29546,68457376,[],false,true,1,1,68457566,
1431946459755,org.cyanogenmod.audiofx.HeadsetService,org.cyanogenmod.audiofx,10000,1289,67364,"[PERSISTENT,STARTED]",false,true,0,0,67374,
1431946520172,com.android.bluetooth.hid.HidService,com.android.bluetooth,1002,0,49150,[],false,true,0,0,49160,
1431946520172,com.cleanmaster.service.PermanentService,com.cleanmaster.mguard:service,10138,653,94138,[STARTED],false,true,1,1,70191014,
1431946520172,com.google.android.music.dial.DialMediaRouteProviderService,com.google.android.music:main,10073,0,57202,[],false,true,0,0,57212,
1431946520172,ch.unige.css.services.PingService,ch.unige.ping,10149,1632,70265912,[STARTED],false,true,0,0,70265923,
1431946520172,com.google.android.search.core.service.BroadcastListenerService,com.google.android.googlequicksearchbox:search,10026,22719,75471,[STARTED],false,true,0,0,66044360,
1431946520172,com.android.systemui.keyguard.KeyguardService,com.android.systemui,10014,930,44352,[PERSISTENT],false,false,2,2,68066,
1431946520172,openiab.StoreService,cm.aptoide.pt,10148,0,54787,[],false,true,0,0,54797,
1431946520172,ch.unige.css.services.main.CssRegistryService,ch.unige.ping:background,10149,31837,60171236,[STARTED],false,true,0,0,60171508,
1431946520172,com.google.android.finsky.billing.iab.InAppBillingService,com.android.vending,10024,29546,68457376,[],false,true,1,1,68457566,
1431946520172,org.cyanogenmod.audiofx.HeadsetService,org.cyanogenmod.audiofx,10000,1289,67364,"[PERSISTENT,STARTED]",false,true,0,0,67374,
1431946580203,com.android.bluetooth.hid.HidService,com.android.bluetooth,1002,0,49150,[],false,true,0,0,49160,
1431946580203,com.cleanmaster.service.PermanentService,com.cleanmaster.mguard:service,10138,653,94138,[STARTED],false,true,1,1,70191014,
1431946580203,com.google.android.music.dial.DialMediaRouteProviderService,com.google.android.music:main,10073,0,57202,[],false,true,0,0,57212,
1431946580203,ch.unige.css.services.PingService,ch.unige.ping,10149,1632,70325941,[STARTED],false,true,0,0,70325952,
1431946580203,com.google.android.search.core.service.BroadcastListenerService,com.google.android.googlequicksearchbox:search,10026,22719,75471,[STARTED],false,true,0,0,66044360,
1431946580203,com.android.systemui.keyguard.KeyguardService,com.android.systemui,10014,930,44352,[PERSISTENT],false,false,2,2,68066,
1431946580203,openiab.StoreService,cm.aptoide.pt,10148,0,54787,[],false,true,0,0,54797,
1431946580203,ch.unige.css.services.main.CssRegistryService,ch.unige.ping:background,10149,31837,60171236,[STARTED],false,true,0,0,60171508,
1431946580203,com.google.android.finsky.billing.iab.InAppBillingService,com.android.vending,10024,29546,68457376,[],false,true,1,1,68457566,
1431946580203,org.cyanogenmod.audiofx.HeadsetService,org.cyanogenmod.audiofx,10000,1289,67364,"[PERSISTENT,STARTED]",false,true,0,0,67374,
1431946640695,com.android.bluetooth.hid.HidService,com.android.bluetooth,1002,0,49150,[],false,true,0,0,49160,
1431946640695,com.cleanmaster.service.PermanentService,com.cleanmaster.mguard:service,10138,653,94138,[STARTED],false,true,1,1,70191014,
1431946640695,com.google.android.music.dial.DialMediaRouteProviderService,com.google.android.music:main,10073,0,57202,[],false,true,0,0,57212,
1431946640695,ch.unige.css.services.PingService,ch.unige.ping,10149,1632,70386409,[STARTED],false,true,0,0,70386420,
1431946640695,com.google.android.search.core.service.BroadcastListenerService,com.google.android.googlequicksearchbox:search,10026,22719,75471,[STARTED],false,true,0,0,66044360,
1431946640695,com.android.systemui.keyguard.KeyguardService,com.android.systemui,10014,930,44352,[PERSISTENT],false,false,2,2,68066,
1431946640695,openiab.StoreService,cm.aptoide.pt,10148,0,54787,[],false,true,0,0,54797,
1431946640695,ch.unige.css.services.main.CssRegistryService,ch.unige.ping:background,10149,31837,60171236,[STARTED],false,true,0,0,60171508,
1431946640695,com.google.android.finsky.billing.iab.InAppBillingService,com.android.vending,10024,29546,68457376,[],false,true,1,1,68457566,
1431946640695,org.cyanogenmod.audiofx.HeadsetService,org.cyanogenmod.audiofx,10000,1289,67364,"[PERSISTENT,STARTED]",false,true,0,0,67374,
1431946700620,com.android.bluetooth.hid.HidService,com.android.bluetooth,1002,0,49150,[],false,true,0,0,49160,
1431946700620,com.cleanmaster.service.PermanentService,com.cleanmaster.mguard:service,10138,653,94138,[STARTED],false,true,1,1,70191014,
1431946700620,com.google.android.music.dial.DialMediaRouteProviderService,com.google.android.music:main,10073,0,57202,[],false,true,0,0,57212,
1431946700620,ch.unige.css.services.PingService,ch.unige.ping,10149,1632,70446443,[STARTED],false,true,0,0,70446454,
1431946700620,com.android.calendar.widget.CalendarAppWidgetService,com.google.android.calendar,10069,2410,70440326,[],false,true,1,1,70440337,
1431946700620,com.google.android.search.core.service.BroadcastListenerService,com.google.android.googlequicksearchbox:search,10026,22719,75471,[STARTED],false,true,0,0,66044360,
1431946700620,com.android.systemui.keyguard.KeyguardService,com.android.systemui,10014,930,44352,[PERSISTENT],false,false,2,2,68066,
1431946700620,openiab.StoreService,cm.aptoide.pt,10148,0,54787,[],false,true,0,0,54797,
1431946700620,ch.unige.css.services.main.CssRegistryService,ch.unige.ping:background,10149,31837,60171236,[STARTED],false,true,0,0,60171508,
1431946700620,com.google.android.finsky.billing.iab.InAppBillingService,com.android.vending,10024,29546,68457376,[],false,true,1,1,68457566,
1431946760815,com.android.bluetooth.hid.HidService,com.android.bluetooth,1002,0,49150,[],false,true,0,0,49160,
1431946760815,com.cleanmaster.service.PermanentService,com.cleanmaster.mguard:service,10138,653,94138,[STARTED],false,true,1,1,70191014,
1431946760815,com.google.android.music.dial.DialMediaRouteProviderService,com.google.android.music:main,10073,0,57202,[],false,true,0,0,57212,
1431946760815,ch.unige.css.services.PingService,ch.unige.ping,10149,1632,70506457,[STARTED],false,true,0,0,70506468,
1431946760815,com.google.android.search.core.service.BroadcastListenerService,com.google.android.googlequicksearchbox:search,10026,0,75471,[STARTED],false,true,0,0,66044360,
1431946760815,com.google.android.gms.car.InCallServiceImpl,com.google.android.gms:car,10020,2703,70504515,[],false,true,2,2,70505013,
1431946760815,com.android.systemui.keyguard.KeyguardService,com.android.systemui,10014,930,44352,[PERSISTENT],false,false,2,2,68066,
1431946760815,openiab.StoreService,cm.aptoide.pt,10148,0,54787,[],false,true,0,0,54797,
1431946760815,ch.unige.css.services.main.CssRegistryService,ch.unige.ping:background,10149,31837,60171236,[STARTED],false,true,0,0,60171508,
1431946760815,com.google.android.finsky.billing.iab.InAppBillingService,com.android.vending,10024,29546,68457376,[],false,true,1,1,68457566,
1431946820911,com.android.bluetooth.hid.HidService,com.android.bluetooth,1002,0,49150,[],false,true,0,0,49160,
1431946820911,com.cleanmaster.service.PermanentService,com.cleanmaster.mguard:service,10138,653,94138,[STARTED],false,true,1,1,70191014,
1431946820911,com.google.android.music.dial.DialMediaRouteProviderService,com.google.android.music:main,10073,0,57202,[],false,true,0,0,57212,
1431946820911,ch.unige.css.services.PingService,ch.unige.ping,10149,1632,70566531,[STARTED],false,true,0,0,70566542,
1431946820911,com.google.android.search.core.service.BroadcastListenerService,com.google.android.googlequicksearchbox:search,10026,3168,75471,[STARTED],false,true,0,0,70525555,
1431946820911,com.google.android.gms.car.InCallServiceImpl,com.google.android.gms:car,10020,2703,70504515,[],false,true,2,2,70505013,
1431946820911,com.android.systemui.keyguard.KeyguardService,com.android.systemui,10014,930,44352,[PERSISTENT],false,false,2,2,68066,
1431946820911,openiab.StoreService,cm.aptoide.pt,10148,0,54787,[],false,true,0,0,54797,
1431946820911,ch.unige.css.services.main.CssRegistryService,ch.unige.ping:background,10149,31837,60171236,[STARTED],false,true,0,0,60171508,
1431946820911,com.google.android.finsky.billing.iab.InAppBillingService,com.android.vending,10024,29546,68457376,[],false,true,1,1,70516771,
1431946883725,com.android.bluetooth.hid.HidService,com.android.bluetooth,1002,0,49150,[],false,true,0,0,49160,
1431946883725,com.cleanmaster.service.PermanentService,com.cleanmaster.mguard:service,10138,653,94138,[STARTED],false,true,1,1,70608601,
1431946883725,com.google.android.music.dial.DialMediaRouteProviderService,com.google.android.music:main,10073,0,57202,[],false,true,0,0,57212,
1431946883725,ch.unige.css.services.PingService,ch.unige.ping,10149,1632,70629223,[STARTED],false,true,0,0,70629234,
1431946883725,com.google.android.search.core.service.BroadcastListenerService,com.google.android.googlequicksearchbox:search,10026,3168,75471,[STARTED],false,true,0,0,70525555,
1431946883725,com.android.systemui.keyguard.KeyguardService,com.android.systemui,10014,930,44352,[PERSISTENT],false,false,2,2,68066,
1431946883725,openiab.StoreService,cm.aptoide.pt,10148,0,54787,[],false,true,0,0,54797,
1431946883725,ch.unige.css.services.main.CssRegistryService,ch.unige.ping:background,10149,31837,60171236,[STARTED],false,true,0,0,60171508,
1431946883725,com.google.android.finsky.billing.iab.InAppBillingService,com.android.vending,10024,29546,70599330,[],false,true,1,1,70599340,
1431946883725,org.cyanogenmod.audiofx.HeadsetService,org.cyanogenmod.audiofx,10000,1289,67364,"[PERSISTENT,STARTED]",false,true,0,0,67374,
1431946949153,com.android.bluetooth.hid.HidService,com.android.bluetooth,1002,0,49150,[],false,true,0,0,49160,
1431946949153,com.cleanmaster.service.PermanentService,com.cleanmaster.mguard:service,10138,653,94138,[STARTED],false,true,1,1,70608601,
1431946949153,com.google.android.music.dial.DialMediaRouteProviderService,com.google.android.music:main,10073,0,57202,[],false,true,0,0,57212,
1431946949153,ch.unige.css.services.PingService,ch.unige.ping,10149,1632,70694426,[STARTED],false,true,0,0,70694437,
1431946949153,com.google.android.search.core.service.BroadcastListenerService,com.google.android.googlequicksearchbox:search,10026,3168,75471,[STARTED],false,true,0,0,70525555,
1431946949153,com.android.systemui.keyguard.KeyguardService,com.android.systemui,10014,930,44352,[PERSISTENT],false,false,2,2,68066,
1431946949153,openiab.StoreService,cm.aptoide.pt,10148,0,54787,[],false,true,0,0,54797,
1431946949153,ch.unige.css.services.main.CssRegistryService,ch.unige.ping:background,10149,31837,60171236,[STARTED],false,true,0,0,60171508,
1431946949153,com.google.android.finsky.billing.iab.InAppBillingService,com.android.vending,10024,29546,70599330,[],false,true,1,1,70599340,
1431946949153,org.cyanogenmod.audiofx.HeadsetService,org.cyanogenmod.audiofx,10000,1289,67364,"[PERSISTENT,STARTED]",false,true,0,0,67374,
1431947009385,com.android.bluetooth.hid.HidService,com.android.bluetooth,1002,0,49150,[],false,true,0,0,49160,
1431947009385,com.cleanmaster.service.PermanentService,com.cleanmaster.mguard:service,10138,653,94138,[STARTED],false,true,1,1,70608601,
1431947009385,com.google.android.music.dial.DialMediaRouteProviderService,com.google.android.music:main,10073,0,57202,[],false,true,0,0,57212,
1431947009385,ch.unige.css.services.PingService,ch.unige.ping,10149,1632,70754855,[STARTED],false,true,0,0,70754866,
1431947009385,com.google.android.search.core.service.BroadcastListenerService,com.google.android.googlequicksearchbox:search,10026,3168,75471,[STARTED],false,true,0,0,70525555,
1431947009385,com.android.systemui.keyguard.KeyguardService,com.android.systemui,10014,930,44352,[PERSISTENT],false,false,2,2,68066,
1431947009385,openiab.StoreService,cm.aptoide.pt,10148,0,54787,[],false,true,0,0,54797,
1431947009385,ch.unige.css.services.main.CssRegistryService,ch.unige.ping:background,10149,31837,60171236,[STARTED],false,true,0,0,60171508,
1431947009385,com.google.android.finsky.billing.iab.InAppBillingService,com.android.vending,10024,29546,70599330,[],false,true,1,1,70599340,
1431947009385,org.cyanogenmod.audiofx.HeadsetService,org.cyanogenmod.audiofx,10000,1289,67364,"[PERSISTENT,STARTED]",false,true,0,0,67374,
1431947069609,com.android.bluetooth.hid.HidService,com.android.bluetooth,1002,0,49150,[],false,true,0,0,49160,
1431947069609,com.cleanmaster.service.PermanentService,com.cleanmaster.mguard:service,10138,653,94138,[STARTED],false,true,1,1,70608601,
1431947069609,com.google.android.music.dial.DialMediaRouteProviderService,com.google.android.music:main,10073,0,57202,[],false,true,0,0,57212,
1431947069609,ch.unige.css.services.PingService,ch.unige.ping,10149,1632,70815122,[STARTED],false,true,0,0,70815133,
1431947069609,com.google.android.search.core.service.BroadcastListenerService,com.google.android.googlequicksearchbox:search,10026,3168,75471,[STARTED],false,true,0,0,70525555,
1431947069609,com.android.systemui.keyguard.KeyguardService,com.android.systemui,10014,930,44352,[PERSISTENT],false,false,2,2,68066,
1431947069609,openiab.StoreService,cm.aptoide.pt,10148,0,54787,[],false,true,0,0,54797,
1431947069609,ch.unige.css.services.main.CssRegistryService,ch.unige.ping:background,10149,31837,60171236,[STARTED],false,true,0,0,60171508,
1431947069609,com.google.android.finsky.billing.iab.InAppBillingService,com.android.vending,10024,29546,70599330,[],false,true,1,1,70599340,
1431947069609,org.cyanogenmod.audiofx.HeadsetService,org.cyanogenmod.audiofx,10000,1289,67364,"[PERSISTENT,STARTED]",false,true,0,0,67374,
1431947129689,com.android.bluetooth.hid.HidService,com.android.bluetooth,1002,0,49150,[],false,true,0,0,49160,
1431947129689,com.cleanmaster.service.PermanentService,com.cleanmaster.mguard:service,10138,653,94138,[STARTED],false,true,1,1,70608601,
1431947129689,com.google.android.music.dial.DialMediaRouteProviderService,com.google.android.music:main,10073,0,57202,[],false,true,0,0,57212,
1431947129689,ch.unige.css.services.PingService,ch.unige.ping,10149,1632,70875200,[STARTED],false,true,0,0,70875211,
1431947129689,com.google.android.search.core.service.BroadcastListenerService,com.google.android.googlequicksearchbox:search,10026,3168,75471,[STARTED],false,true,0,0,70525555,
1431947129689,com.android.systemui.keyguard.KeyguardService,com.android.systemui,10014,930,44352,[PERSISTENT],false,false,2,2,68066,
1431947129689,openiab.StoreService,cm.aptoide.pt,10148,0,54787,[],false,true,0,0,54797,
1431947129689,ch.unige.css.services.main.CssRegistryService,ch.unige.ping:background,10149,31837,60171236,[STARTED],false,true,0,0,60171508,
1431947129689,com.google.android.finsky.billing.iab.InAppBillingService,com.android.vending,10024,29546,70599330,[],false,true,1,1,70599340,
1431947129689,org.cyanogenmod.audiofx.HeadsetService,org.cyanogenmod.audiofx,10000,1289,67364,"[PERSISTENT,STARTED]",false,true,0,0,67374,
1431947190150,com.android.bluetooth.hid.HidService,com.android.bluetooth,1002,0,49150,[],false,true,0,0,49160,
1431947190150,com.cleanmaster.service.PermanentService,com.cleanmaster.mguard:service,10138,653,94138,[STARTED],false,true,1,1,70608601,
1431947190150,com.google.android.music.dial.DialMediaRouteProviderService,com.google.android.music:main,10073,0,57202,[],false,true,0,0,57212,
1431947190150,ch.unige.css.services.PingService,ch.unige.ping,10149,1632,70935499,[STARTED],false,true,0,0,70935510,
1431947190150,com.google.android.search.core.service.BroadcastListenerService,com.google.android.googlequicksearchbox:search,10026,3168,75471,[STARTED],false,true,0,0,70525555,
1431947190150,com.android.systemui.keyguard.KeyguardService,com.android.systemui,10014,930,44352,[PERSISTENT],false,false,2,2,68066,
1431947190150,openiab.StoreService,cm.aptoide.pt,10148,0,54787,[],false,true,0,0,54797,
1431947190150,ch.unige.css.services.main.CssRegistryService,ch.unige.ping:background,10149,31837,60171236,[STARTED],false,true,0,0,60171508,
1431947190150,com.google.android.finsky.billing.iab.InAppBillingService,com.android.vending,10024,29546,70599330,[],false,true,1,1,70599340,
1431947190150,org.cyanogenmod.audiofx.HeadsetService,org.cyanogenmod.audiofx,10000,1289,67364,"[PERSISTENT,STARTED]",false,true,0,0,67374,
1431947250384,com.android.bluetooth.hid.HidService,com.android.bluetooth,1002,0,49150,[],false,true,0,0,49160,
1431947250384,com.cleanmaster.service.PermanentService,com.cleanmaster.mguard:service,10138,653,94138,[STARTED],false,true,1,1,70608601,
1431947250384,com.google.android.music.dial.DialMediaRouteProviderService,com.google.android.music:main,10073,0,57202,[],false,true,0,0,57212,
1431947250384,ch.unige.css.services.PingService,ch.unige.ping,10149,1632,70995865,[STARTED],false,true,0,0,70995876,
1431947250384,com.google.android.search.core.service.BroadcastListenerService,com.google.android.googlequicksearchbox:search,10026,3168,75471,[STARTED],false,true,0,0,70525555,
1431947250384,com.android.systemui.keyguard.KeyguardService,com.android.systemui,10014,930,44352,[PERSISTENT],false,false,2,2,68066,
1431947250384,openiab.StoreService,cm.aptoide.pt,10148,0,54787,[],false,true,0,0,54797,
1431947250384,ch.unige.css.services.main.CssRegistryService,ch.unige.ping:background,10149,31837,60171236,[STARTED],false,true,0,0,60171508,
1431947250384,com.google.android.finsky.billing.iab.InAppBillingService,com.android.vending,10024,29546,70599330,[],false,true,1,1,70599340,
1431947250384,org.cyanogenmod.audiofx.HeadsetService,org.cyanogenmod.audiofx,10000,1289,67364,"[PERSISTENT,STARTED]",false,true,0,0,67374,
1431947310728,com.android.bluetooth.hid.HidService,com.android.bluetooth,1002,0,49150,[],false,true,0,0,49160,
1431947310728,com.cleanmaster.service.PermanentService,com.cleanmaster.mguard:service,10138,653,94138,[STARTED],false,true,1,1,70608601,
1431947310728,com.google.android.music.dial.DialMediaRouteProviderService,com.google.android.music:main,10073,0,57202,[],false,true,0,0,57212,
1431947310728,ch.unige.css.services.PingService,ch.unige.ping,10149,1632,71055986,[STARTED],false,true,0,0,71055997,
1431947310728,com.android.calendar.widget.CalendarAppWidgetService,com.google.android.calendar,10069,2410,71051119,[],false,true,1,1,71051130,
1431947310728,com.google.android.search.core.service.BroadcastListenerService,com.google.android.googlequicksearchbox:search,10026,3168,75471,[STARTED],false,true,0,0,70525555,
1431947310728,com.android.systemui.keyguard.KeyguardService,com.android.systemui,10014,930,44352,[PERSISTENT],false,false,2,2,68066,
1431947310728,openiab.StoreService,cm.aptoide.pt,10148,0,54787,[],false,true,0,0,54797,
1431947310728,ch.unige.css.services.main.CssRegistryService,ch.unige.ping:background,10149,31837,60171236,[STARTED],false,true,0,0,60171508,
1431947310728,com.google.android.finsky.billing.iab.InAppBillingService,com.android.vending,10024,29546,70599330,[],false,true,1,1,70599340,
1431947370766,com.android.bluetooth.hid.HidService,com.android.bluetooth,1002,0,49150,[],false,true,0,0,49160,
1431947370766,com.cleanmaster.service.PermanentService,com.cleanmaster.mguard:service,10138,653,94138,[STARTED],false,true,1,1,70608601,
1431947370766,com.google.android.music.dial.DialMediaRouteProviderService,com.google.android.music:main,10073,0,57202,[],false,true,0,0,57212,
1431947370766,ch.unige.css.services.PingService,ch.unige.ping,10149,1632,71116073,[STARTED],false,true,0,0,71116084,
1431947370766,com.google.android.search.core.service.BroadcastListenerService,com.google.android.googlequicksearchbox:search,10026,3168,75471,[STARTED],false,true,0,0,70525555,
1431947370766,com.android.systemui.keyguard.KeyguardService,com.android.systemui,10014,930,44352,[PERSISTENT],false,false,2,2,68066,
1431947370766,openiab.StoreService,cm.aptoide.pt,10148,0,54787,[],false,true,0,0,54797,
1431947370766,ch.unige.css.services.main.CssRegistryService,ch.unige.ping:background,10149,31837,60171236,[STARTED],false,true,0,0,60171508,
1431947370766,com.google.android.finsky.billing.iab.InAppBillingService,com.android.vending,10024,29546,70599330,[],false,true,1,1,70599340,
1431947370766,org.cyanogenmod.audiofx.HeadsetService,org.cyanogenmod.audiofx,10000,1289,67364,"[PERSISTENT,STARTED]",false,true,0,0,67374,
1431947430131,com.android.bluetooth.hid.HidService,com.android.bluetooth,1002,0,49150,[],false,true,0,0,49160,
1431947430131,com.cleanmaster.service.PermanentService,com.cleanmaster.mguard:service,10138,653,94138,[STARTED],false,true,1,1,70608601,
1431947430131,com.google.android.music.dial.DialMediaRouteProviderService,com.google.android.music:main,10073,0,57202,[],false,true,0,0,57212,
1431947430131,ch.unige.css.services.PingService,ch.unige.ping,10149,1632,71176097,[STARTED],false,true,0,0,71176108,
1431947430131,com.google.android.search.core.service.BroadcastListenerService,com.google.android.googlequicksearchbox:search,10026,3168,75471,[STARTED],false,true,0,0,70525555,
1431947430131,com.android.systemui.keyguard.KeyguardService,com.android.systemui,10014,930,44352,[PERSISTENT],false,false,2,2,68066,
1431947430131,openiab.StoreService,cm.aptoide.pt,10148,0,54787,[],false,true,0,0,54797,
1431947430131,ch.unige.css.services.main.CssRegistryService,ch.unige.ping:background,10149,31837,60171236,[STARTED],false,true,0,0,60171508,
1431947430131,com.google.android.finsky.billing.iab.InAppBillingService,com.android.vending,10024,29546,70599330,[],false,true,1,1,70599340,
1431947430131,org.cyanogenmod.audiofx.HeadsetService,org.cyanogenmod.audiofx,10000,1289,67364,"[PERSISTENT,STARTED]",false,true,0,0,67374,
1431947492463,com.android.bluetooth.hid.HidService,com.android.bluetooth,1002,0,49150,[],false,true,0,0,49160,
1431947492463,com.cleanmaster.service.PermanentService,com.cleanmaster.mguard:service,10138,653,94138,[STARTED],false,true,1,1,70608601,
1431947492463,com.google.android.music.dial.DialMediaRouteProviderService,com.google.android.music:main,10073,0,57202,[],false,true,0,0,57212,
1431947492463,ch.unige.css.services.PingService,ch.unige.ping,10149,1632,71238406,[STARTED],false,true,0,0,71238417,
1431947492463,com.google.android.search.core.service.BroadcastListenerService,com.google.android.googlequicksearchbox:search,10026,3168,75471,[STARTED],false,true,0,0,70525555,
1431947492463,com.android.systemui.keyguard.KeyguardService,com.android.systemui,10014,930,44352,[PERSISTENT],false,false,2,2,68066,
1431947492463,openiab.StoreService,cm.aptoide.pt,10148,0,54787,[],false,true,0,0,54797,
1431947492463,ch.unige.css.services.main.CssRegistryService,ch.unige.ping:background,10149,31837,60171236,[STARTED],false,true,0,0,60171508,
1431947492463,com.google.android.finsky.billing.iab.InAppBillingService,com.android.vending,10024,29546,70599330,[],false,true,1,1,70599340,
1431947492463,org.cyanogenmod.audiofx.HeadsetService,org.cyanogenmod.audiofx,10000,1289,67364,"[PERSISTENT,STARTED]",false,true,0,0,67374,
1431947552872,com.android.bluetooth.hid.HidService,com.android.bluetooth,1002,0,49150,[],false,true,0,0,49160,
1431947552872,com.cleanmaster.service.PermanentService,com.cleanmaster.mguard:service,10138,653,94138,[STARTED],false,true,1,1,70608601,
1431947552872,com.google.android.music.dial.DialMediaRouteProviderService,com.google.android.music:main,10073,0,57202,[],false,true,0,0,57212,
1431947552872,ch.unige.css.services.PingService,ch.unige.ping,10149,1632,71298763,[STARTED],false,true,0,0,71298774,
1431947552872,com.google.android.search.core.service.BroadcastListenerService,com.google.android.googlequicksearchbox:search,10026,3168,75471,[STARTED],false,true,0,0,70525555,
1431947552872,com.android.systemui.keyguard.KeyguardService,com.android.systemui,10014,930,44352,[PERSISTENT],false,false,2,2,68066,
1431947552872,openiab.StoreService,cm.aptoide.pt,10148,0,54787,[],false,true,0,0,54797,
1431947552872,ch.unige.css.services.main.CssRegistryService,ch.unige.ping:background,10149,31837,60171236,[STARTED],false,true,0,0,60171508,
1431947552872,com.google.android.finsky.billing.iab.InAppBillingService,com.android.vending,10024,29546,70599330,[],false,true,1,1,70599340,
1431947552872,org.cyanogenmod.audiofx.HeadsetService,org.cyanogenmod.audiofx,10000,1289,67364,"[PERSISTENT,STARTED]",false,true,0,0,67374,
1431947613105,com.android.bluetooth.hid.HidService,com.android.bluetooth,1002,0,49150,[],false,true,0,0,49160,
1431947613105,com.cleanmaster.service.PermanentService,com.cleanmaster.mguard:service,10138,653,94138,[STARTED],false,true,1,1,70608601,
1431947613105,com.google.android.music.dial.DialMediaRouteProviderService,com.google.android.music:main,10073,0,57202,[],false,true,0,0,57212,
1431947613105,ch.unige.css.services.PingService,ch.unige.ping,10149,1632,71359017,[STARTED],false,true,0,0,71359028,
1431947613105,com.google.android.search.core.service.BroadcastListenerService,com.google.android.googlequicksearchbox:search,10026,3168,75471,[STARTED],false,true,0,0,70525555,
1431947613105,com.android.systemui.keyguard.KeyguardService,com.android.systemui,10014,930,44352,[PERSISTENT],false,false,2,2,68066,
1431947613105,openiab.StoreService,cm.aptoide.pt,10148,0,54787,[],false,true,0,0,54797,
1431947613105,ch.unige.css.services.main.CssRegistryService,ch.unige.ping:background,10149,31837,60171236,[STARTED],false,true,0,0,60171508,
1431947613105,com.google.android.finsky.billing.iab.InAppBillingService,com.android.vending,10024,29546,70599330,[],false,true,1,1,70599340,
1431947613105,org.cyanogenmod.audiofx.HeadsetService,org.cyanogenmod.audiofx,10000,1289,67364,"[PERSISTENT,STARTED]",false,true,0,0,67374,
1431947673346,com.android.bluetooth.hid.HidService,com.android.bluetooth,1002,0,49150,[],false,true,0,0,49160,
1431947673346,com.cleanmaster.service.PermanentService,com.cleanmaster.mguard:service,10138,653,94138,[STARTED],false,true,1,1,70608601,
1431947673346,com.google.android.music.dial.DialMediaRouteProviderService,com.google.android.music:main,10073,0,57202,[],false,true,0,0,57212,
1431947673346,ch.unige.css.services.PingService,ch.unige.ping,10149,1632,71419264,[STARTED],false,true,0,0,71419275,
1431947673346,com.google.android.search.core.service.BroadcastListenerService,com.google.android.googlequicksearchbox:search,10026,3168,75471,[STARTED],false,true,0,0,70525555,
1431947673346,com.android.systemui.keyguard.KeyguardService,com.android.systemui,10014,930,44352,[PERSISTENT],false,false,2,2,68066,
1431947673346,openiab.StoreService,cm.aptoide.pt,10148,0,54787,[],false,true,0,0,54797,
1431947673346,ch.unige.css.services.main.CssRegistryService,ch.unige.ping:background,10149,31837,60171236,[STARTED],false,true,0,0,60171508,
1431947673346,com.google.android.finsky.billing.iab.InAppBillingService,com.android.vending,10024,29546,70599330,[],false,true,1,1,70599340,
1431947673346,org.cyanogenmod.audiofx.HeadsetService,org.cyanogenmod.audiofx,10000,1289,67364,"[PERSISTENT,STARTED]",false,true,0,0,67374,
1431947733351,com.android.bluetooth.hid.HidService,com.android.bluetooth,1002,0,49150,[],false,true,0,0,49160,
1431947733351,com.cleanmaster.service.PermanentService,com.cleanmaster.mguard:service,10138,653,94138,[STARTED],false,true,1,1,70608601,
1431947733351,com.google.android.music.dial.DialMediaRouteProviderService,com.google.android.music:main,10073,0,57202,[],false,true,0,0,57212,
1431947733351,ch.unige.css.services.PingService,ch.unige.ping,10149,1632,71479297,[STARTED],false,true,0,0,71479308,
1431947733351,com.google.android.search.core.service.BroadcastListenerService,com.google.android.googlequicksearchbox:search,10026,3168,75471,[STARTED],false,true,0,0,70525555,
1431947733351,com.android.systemui.keyguard.KeyguardService,com.android.systemui,10014,930,44352,[PERSISTENT],false,false,2,2,68066,
1431947733351,openiab.StoreService,cm.aptoide.pt,10148,0,54787,[],false,true,0,0,54797,
1431947733351,ch.unige.css.services.main.CssRegistryService,ch.unige.ping:background,10149,31837,60171236,[STARTED],false,true,0,0,60171508,
1431947733351,com.google.android.finsky.billing.iab.InAppBillingService,com.android.vending,10024,29546,70599330,[],false,true,1,1,70599340,
1431947733351,org.cyanogenmod.audiofx.HeadsetService,org.cyanogenmod.audiofx,10000,1289,67364,"[PERSISTENT,STARTED]",false,true,0,0,67374,
1431947793878,com.android.bluetooth.hid.HidService,com.android.bluetooth,1002,0,49150,[],false,true,0,0,49160,
1431947793878,com.cleanmaster.service.PermanentService,com.cleanmaster.mguard:service,10138,653,94138,[STARTED],false,true,1,1,70608601,
1431947793878,com.google.android.music.dial.DialMediaRouteProviderService,com.google.android.music:main,10073,0,57202,[],false,true,0,0,57212,
1431947793878,ch.unige.css.services.PingService,ch.unige.ping,10149,1632,71539789,[STARTED],false,true,0,0,71539800,
1431947793878,com.google.android.search.core.service.BroadcastListenerService,com.google.android.googlequicksearchbox:search,10026,3168,75471,[STARTED],false,true,0,0,70525555,
1431947793878,com.android.systemui.keyguard.KeyguardService,com.android.systemui,10014,930,44352,[PERSISTENT],false,false,2,2,68066,
1431947793878,openiab.StoreService,cm.aptoide.pt,10148,0,54787,[],false,true,0,0,54797,
1431947793878,ch.unige.css.services.main.CssRegistryService,ch.unige.ping:background,10149,31837,60171236,[STARTED],false,true,0,0,60171508,
1431947793878,com.google.android.finsky.billing.iab.InAppBillingService,com.android.vending,10024,29546,70599330,[],false,true,1,1,70599340,
1431947793878,org.cyanogenmod.audiofx.HeadsetService,org.cyanogenmod.audiofx,10000,1289,67364,"[PERSISTENT,STARTED]",false,true,0,0,67374,
1431947854203,com.android.bluetooth.hid.HidService,com.android.bluetooth,1002,0,49150,[],false,true,0,0,49160,
1431947854203,com.cleanmaster.service.PermanentService,com.cleanmaster.mguard:service,10138,653,94138,[STARTED],false,true,1,1,70608601,
1431947854203,com.google.android.music.dial.DialMediaRouteProviderService,com.google.android.music:main,10073,0,57202,[],false,true,0,0,57212,
1431947854203,ch.unige.css.services.PingService,ch.unige.ping,10149,1632,71600119,[STARTED],false,true,0,0,71600130,
1431947854203,com.google.android.search.core.service.BroadcastListenerService,com.google.android.googlequicksearchbox:search,10026,3168,75471,[STARTED],false,true,0,0,70525555,
1431947854203,com.android.systemui.keyguard.KeyguardService,com.android.systemui,10014,930,44352,[PERSISTENT],false,false,2,2,68066,
1431947854203,openiab.StoreService,cm.aptoide.pt,10148,0,54787,[],false,true,0,0,54797,
1431947854203,ch.unige.css.services.main.CssRegistryService,ch.unige.ping:background,10149,31837,60171236,[STARTED],false,true,0,0,60171508,
1431947854203,com.google.android.finsky.billing.iab.InAppBillingService,com.android.vending,10024,29546,70599330,[],false,true,1,1,70599340,
1431947854203,org.cyanogenmod.audiofx.HeadsetService,org.cyanogenmod.audiofx,10000,1289,67364,"[PERSISTENT,STARTED]",false,true,0,0,67374,
1431947914661,com.android.bluetooth.hid.HidService,com.android.bluetooth,1002,0,49150,[],false,true,0,0,49160,
1431947914661,com.cleanmaster.service.PermanentService,com.cleanmaster.mguard:service,10138,653,94138,[STARTED],false,true,1,1,70608601,
1431947914661,com.google.android.music.dial.DialMediaRouteProviderService,com.google.android.music:main,10073,0,57202,[],false,true,0,0,57212,
1431947914661,ch.unige.css.services.PingService,ch.unige.ping,10149,1632,71660584,[STARTED],false,true,0,0,71660595,
1431947914661,com.google.android.search.core.service.BroadcastListenerService,com.google.android.googlequicksearchbox:search,10026,3168,75471,[STARTED],false,true,0,0,70525555,
1431947914661,com.android.systemui.keyguard.KeyguardService,com.android.systemui,10014,930,44352,[PERSISTENT],false,false,2,2,68066,
1431947914661,openiab.StoreService,cm.aptoide.pt,10148,0,54787,[],false,true,0,0,54797,
1431947914661,ch.unige.css.services.main.CssRegistryService,ch.unige.ping:background,10149,31837,60171236,[STARTED],false,true,0,0,60171508,
1431947914661,com.google.android.finsky.billing.iab.InAppBillingService,com.android.vending,10024,29546,70599330,[],false,true,1,1,70599340,
1431947914661,org.cyanogenmod.audiofx.HeadsetService,org.cyanogenmod.audiofx,10000,1289,67364,"[PERSISTENT,STARTED]",false,true,0,0,67374,
1431947974897,com.android.bluetooth.hid.HidService,com.android.bluetooth,1002,0,49150,[],false,true,0,0,49160,
1431947974897,com.cleanmaster.service.PermanentService,com.cleanmaster.mguard:service,10138,653,94138,[STARTED],false,true,1,1,70608601,
1431947974897,com.google.android.music.dial.DialMediaRouteProviderService,com.google.android.music:main,10073,0,57202,[],false,true,0,0,57212,
1431947974897,ch.unige.css.services.PingService,ch.unige.ping,10149,1632,71720807,[STARTED],false,true,0,0,71720818,
1431947974897,com.google.android.search.core.service.BroadcastListenerService,com.google.android.googlequicksearchbox:search,10026,3168,75471,[STARTED],false,true,0,0,70525555,
1431947974897,com.android.systemui.keyguard.KeyguardService,com.android.systemui,10014,930,44352,[PERSISTENT],false,false,2,2,68066,
1431947974897,openiab.StoreService,cm.aptoide.pt,10148,0,54787,[],false,true,0,0,54797,
1431947974897,ch.unige.css.services.main.CssRegistryService,ch.unige.ping:background,10149,31837,60171236,[STARTED],false,true,0,0,60171508,
1431947974897,com.google.android.finsky.billing.iab.InAppBillingService,com.android.vending,10024,29546,70599330,[],false,true,1,1,70599340,
1431947974897,org.cyanogenmod.audiofx.HeadsetService,org.cyanogenmod.audiofx,10000,1289,67364,"[PERSISTENT,STARTED]",false,true,0,0,67374,
1431948035320,com.android.bluetooth.hid.HidService,com.android.bluetooth,1002,0,49150,[],false,true,0,0,49160,
1431948035320,com.cleanmaster.service.PermanentService,com.cleanmaster.mguard:service,10138,653,94138,[STARTED],false,true,1,1,70608601,
1431948035320,com.google.android.music.dial.DialMediaRouteProviderService,com.google.android.music:main,10073,0,57202,[],false,true,0,0,57212,
1431948035320,ch.unige.css.services.PingService,ch.unige.ping,10149,1632,71781053,[STARTED],false,true,0,0,71781064,
1431948035320,com.google.android.search.core.service.BroadcastListenerService,com.google.android.googlequicksearchbox:search,10026,3168,75471,[STARTED],false,true,0,0,70525555,
1431948035320,ch.unige.css.services.UserActivityService,ch.unige.ping,10149,1632,71781318,[STARTED],false,true,0,0,71781330,
1431948035320,com.android.systemui.keyguard.KeyguardService,com.android.systemui,10014,930,44352,[PERSISTENT],false,false,2,2,68066,
1431948035320,openiab.StoreService,cm.aptoide.pt,10148,0,54787,[],false,true,0,0,54797,
1431948035320,ch.unige.css.services.main.CssRegistryService,ch.unige.ping:background,10149,31837,60171236,[STARTED],false,true,0,0,60171508,
1431948035320,com.google.android.finsky.billing.iab.InAppBillingService,com.android.vending,10024,29546,70599330,[],false,true,1,1,70599340,
1431948095473,com.android.bluetooth.hid.HidService,com.android.bluetooth,1002,0,49150,[],false,true,0,0,49160,
1431948095473,com.cleanmaster.service.PermanentService,com.cleanmaster.mguard:service,10138,653,94138,[STARTED],false,true,1,1,70608601,
1431948095473,com.google.android.music.dial.DialMediaRouteProviderService,com.google.android.music:main,10073,0,57202,[],false,true,0,0,57212,
1431948095473,ch.unige.css.services.PingService,ch.unige.ping,10149,1632,71841404,[STARTED],false,true,0,0,71841415,
1431948095473,com.google.android.search.core.service.BroadcastListenerService,com.google.android.googlequicksearchbox:search,10026,3168,75471,[STARTED],false,true,0,0,70525555,
1431948095473,com.android.systemui.keyguard.KeyguardService,com.android.systemui,10014,930,44352,[PERSISTENT],false,false,2,2,68066,
1431948095473,openiab.StoreService,cm.aptoide.pt,10148,0,54787,[],false,true,0,0,54797,
1431948095473,ch.unige.css.services.main.CssRegistryService,ch.unige.ping:background,10149,31837,60171236,[STARTED],false,true,0,0,60171508,
1431948095473,com.google.android.finsky.billing.iab.InAppBillingService,com.android.vending,10024,29546,70599330,[],false,true,1,1,70599340,
1431948095473,org.cyanogenmod.audiofx.HeadsetService,org.cyanogenmod.audiofx,10000,1289,67364,"[PERSISTENT,STARTED]",false,true,0,0,67374,
1431948155773,com.android.bluetooth.hid.HidService,com.android.bluetooth,1002,0,49150,[],false,true,0,0,49160,
1431948155773,com.cleanmaster.service.PermanentService,com.cleanmaster.mguard:service,10138,653,94138,[STARTED],false,true,1,1,70608601,
1431948155773,com.google.android.music.dial.DialMediaRouteProviderService,com.google.android.music:main,10073,0,57202,[],false,true,0,0,57212,
1431948155773,ch.unige.css.services.PingService,ch.unige.ping,10149,1632,71901671,[STARTED],false,true,0,0,71901682,
1431948155773,com.google.android.search.core.service.BroadcastListenerService,com.google.android.googlequicksearchbox:search,10026,3168,75471,[STARTED],false,true,0,0,70525555,
1431948155773,com.android.systemui.keyguard.KeyguardService,com.android.systemui,10014,930,44352,[PERSISTENT],false,false,2,2,68066,
1431948155773,openiab.StoreService,cm.aptoide.pt,10148,0,54787,[],false,true,0,0,54797,
1431948155773,ch.unige.css.services.main.CssRegistryService,ch.unige.ping:background,10149,31837,60171236,[STARTED],false,true,0,0,60171508,
1431948155773,com.google.android.finsky.billing.iab.InAppBillingService,com.android.vending,10024,29546,70599330,[],false,true,1,1,70599340,
1431948155773,org.cyanogenmod.audiofx.HeadsetService,org.cyanogenmod.audiofx,10000,1289,67364,"[PERSISTENT,STARTED]",false,true,0,0,67374,
1431948216000,com.android.bluetooth.hid.HidService,com.android.bluetooth,1002,0,49150,[],false,true,0,0,49160,
1431948216000,com.cleanmaster.service.PermanentService,com.cleanmaster.mguard:service,10138,653,94138,[STARTED],false,true,1,1,70608601,
1431948216000,com.google.android.music.dial.DialMediaRouteProviderService,com.google.android.music:main,10073,0,57202,[],false,true,0,0,57212,
1431948216000,ch.unige.css.services.PingService,ch.unige.ping,10149,1632,71961918,[STARTED],false,true,0,0,71961929,
1431948216000,com.google.android.search.core.service.BroadcastListenerService,com.google.android.googlequicksearchbox:search,10026,3168,75471,[STARTED],false,true,0,0,70525555,
1431948216000,com.android.systemui.keyguard.KeyguardService,com.android.systemui,10014,930,44352,[PERSISTENT],false,false,2,2,68066,
1431948216000,openiab.StoreService,cm.aptoide.pt,10148,0,54787,[],false,true,0,0,54797,
1431948216000,ch.unige.css.services.main.CssRegistryService,ch.unige.ping:background,10149,31837,60171236,[STARTED],false,true,0,0,60171508,
1431948216000,com.google.android.finsky.billing.iab.InAppBillingService,com.android.vending,10024,29546,70599330,[],false,true,1,1,70599340,
1431948216000,org.cyanogenmod.audiofx.HeadsetService,org.cyanogenmod.audiofx,10000,1289,67364,"[PERSISTENT,STARTED]",false,true,0,0,67374,
1431948276315,com.android.bluetooth.hid.HidService,com.android.bluetooth,1002,0,49150,[],false,true,0,0,49160,
1431948276315,com.cleanmaster.service.PermanentService,com.cleanmaster.mguard:service,10138,653,94138,[STARTED],false,true,1,1,70608601,
1431948276315,com.google.android.music.dial.DialMediaRouteProviderService,com.google.android.music:main,10073,0,57202,[],false,true,0,0,57212,
1431948276315,ch.unige.css.services.PingService,ch.unige.ping,10149,1632,72022199,[STARTED],false,true,0,0,72022210,
1431948276315,com.google.android.search.core.service.BroadcastListenerService,com.google.android.googlequicksearchbox:search,10026,3168,75471,[STARTED],false,true,0,0,70525555,
1431948276315,com.android.systemui.keyguard.KeyguardService,com.android.systemui,10014,930,44352,[PERSISTENT],false,false,2,2,68066,
1431948276315,openiab.StoreService,cm.aptoide.pt,10148,0,54787,[],false,true,0,0,54797,
1431948276315,ch.unige.css.services.main.CssRegistryService,ch.unige.ping:background,10149,31837,60171236,[STARTED],false,true,0,0,60171508,
1431948276315,com.google.android.finsky.billing.iab.InAppBillingService,com.android.vending,10024,29546,70599330,[],false,true,1,1,70599340,
1431948276315,org.cyanogenmod.audiofx.HeadsetService,org.cyanogenmod.audiofx,10000,1289,67364,"[PERSISTENT,STARTED]",false,true,0,0,67374,
1431948336549,com.android.bluetooth.hid.HidService,com.android.bluetooth,1002,0,49150,[],false,true,0,0,49160,
1431948336549,com.cleanmaster.service.PermanentService,com.cleanmaster.mguard:service,10138,653,94138,[STARTED],false,true,1,1,70608601,
1431948336549,com.google.android.music.dial.DialMediaRouteProviderService,com.google.android.music:main,10073,0,57202,[],false,true,0,0,57212,
1431948336549,ch.unige.css.services.PingService,ch.unige.ping,10149,1632,72082518,[STARTED],false,true,0,0,72082529,
1431948336549,com.google.android.search.core.service.BroadcastListenerService,com.google.android.googlequicksearchbox:search,10026,3168,75471,[STARTED],false,true,0,0,70525555,
1431948336549,com.android.systemui.keyguard.KeyguardService,com.android.systemui,10014,930,44352,[PERSISTENT],false,false,2,2,68066,
1431948336549,openiab.StoreService,cm.aptoide.pt,10148,0,54787,[],false,true,0,0,54797,
1431948336549,ch.unige.css.services.main.CssRegistryService,ch.unige.ping:background,10149,31837,60171236,[STARTED],false,true,0,0,60171508,
1431948336549,com.google.android.finsky.billing.iab.InAppBillingService,com.android.vending,10024,29546,70599330,[],false,true,1,1,70599340,
1431948336549,org.cyanogenmod.audiofx.HeadsetService,org.cyanogenmod.audiofx,10000,1289,67364,"[PERSISTENT,STARTED]",false,true,0,0,67374,
1431948396654,com.android.bluetooth.hid.HidService,com.android.bluetooth,1002,0,49150,[],false,true,0,0,49160,
1431948396654,com.cleanmaster.service.PermanentService,com.cleanmaster.mguard:service,10138,653,94138,[STARTED],false,true,1,1,70608601,
1431948396654,com.google.android.music.dial.DialMediaRouteProviderService,com.google.android.music:main,10073,0,57202,[],false,true,0,0,57212,
1431948396654,ch.unige.css.services.PingService,ch.unige.ping,10149,1632,72142607,[STARTED],false,true,0,0,72142618,
1431948396654,com.google.android.search.core.service.BroadcastListenerService,com.google.android.googlequicksearchbox:search,10026,3168,75471,[STARTED],false,true,0,0,70525555,
1431948396654,com.android.systemui.keyguard.KeyguardService,com.android.systemui,10014,930,44352,[PERSISTENT],false,false,2,2,68066,
1431948396654,openiab.StoreService,cm.aptoide.pt,10148,0,54787,[],false,true,0,0,54797,
1431948396654,ch.unige.css.services.main.CssRegistryService,ch.unige.ping:background,10149,31837,60171236,[STARTED],false,true,0,0,60171508,
1431948396654,com.google.android.finsky.billing.iab.InAppBillingService,com.android.vending,10024,29546,70599330,[],false,true,1,1,70599340,
1431948396654,org.cyanogenmod.audiofx.HeadsetService,org.cyanogenmod.audiofx,10000,1289,67364,"[PERSISTENT,STARTED]",false,true,0,0,67374,
1431948456746,com.android.bluetooth.hid.HidService,com.android.bluetooth,1002,0,49150,[],false,true,0,0,49160,
1431948456746,com.cleanmaster.service.PermanentService,com.cleanmaster.mguard:service,10138,653,94138,[STARTED],false,true,1,1,70608601,
1431948456746,com.google.android.music.dial.DialMediaRouteProviderService,com.google.android.music:main,10073,0,57202,[],false,true,0,0,57212,
1431948456746,ch.unige.css.services.PingService,ch.unige.ping,10149,1632,72202699,[STARTED],false,true,0,0,72202709,
1431948456746,com.google.android.search.core.service.BroadcastListenerService,com.google.android.googlequicksearchbox:search,10026,3168,75471,[STARTED],false,true,0,0,70525555,
1431948456746,com.android.systemui.keyguard.KeyguardService,com.android.systemui,10014,930,44352,[PERSISTENT],false,false,2,2,68066,
1431948456746,openiab.StoreService,cm.aptoide.pt,10148,0,54787,[],false,true,0,0,54797,
1431948456746,ch.unige.css.services.main.CssRegistryService,ch.unige.ping:background,10149,31837,60171236,[STARTED],false,true,0,0,60171508,
1431948456746,com.google.android.finsky.billing.iab.InAppBillingService,com.android.vending,10024,29546,70599330,[],false,true,1,1,70599340,
1431948456746,org.cyanogenmod.audiofx.HeadsetService,org.cyanogenmod.audiofx,10000,1289,67364,"[PERSISTENT,STARTED]",false,true,0,0,67374,
1431948517028,com.android.bluetooth.hid.HidService,com.android.bluetooth,1002,0,49150,[],false,true,0,0,49160,
1431948517028,com.cleanmaster.service.PermanentService,com.cleanmaster.mguard:service,10138,653,94138,[STARTED],false,true,1,1,70608601,
1431948517028,com.google.android.music.dial.DialMediaRouteProviderService,com.google.android.music:main,10073,0,57202,[],false,true,0,0,57212,
1431948517028,ch.unige.css.services.PingService,ch.unige.ping,10149,1632,72262953,[STARTED],false,true,0,0,72262964,
1431948517028,com.google.android.search.core.service.BroadcastListenerService,com.google.android.googlequicksearchbox:search,10026,3168,75471,[STARTED],false,true,0,0,70525555,
1431948517028,com.android.systemui.keyguard.KeyguardService,com.android.systemui,10014,930,44352,[PERSISTENT],false,false,2,2,68066,
1431948517028,openiab.StoreService,cm.aptoide.pt,10148,0,54787,[],false,true,0,0,54797,
1431948517028,ch.unige.css.services.main.CssRegistryService,ch.unige.ping:background,10149,31837,60171236,[STARTED],false,true,0,0,60171508,
1431948517028,com.google.android.finsky.billing.iab.InAppBillingService,com.android.vending,10024,29546,70599330,[],false,true,1,1,70599340,
1431948517028,org.cyanogenmod.audiofx.HeadsetService,org.cyanogenmod.audiofx,10000,1289,67364,"[PERSISTENT,STARTED]",false,true,0,0,67374,
1431948577130,com.android.bluetooth.hid.HidService,com.android.bluetooth,1002,0,49150,[],false,true,0,0,49160,
1431948577130,com.cleanmaster.service.PermanentService,com.cleanmaster.mguard:service,10138,653,94138,[STARTED],false,true,1,1,70608601,
1431948577130,com.google.android.music.dial.DialMediaRouteProviderService,com.google.android.music:main,10073,0,57202,[],false,true,0,0,57212,
1431948577130,ch.unige.css.services.PingService,ch.unige.ping,10149,1632,72323058,[STARTED],false,true,0,0,72323069,
1431948577130,com.google.android.search.core.service.BroadcastListenerService,com.google.android.googlequicksearchbox:search,10026,3168,75471,[STARTED],false,true,0,0,70525555,
1431948577130,com.android.systemui.keyguard.KeyguardService,com.android.systemui,10014,930,44352,[PERSISTENT],false,false,2,2,68066,
1431948577130,openiab.StoreService,cm.aptoide.pt,10148,0,54787,[],false,true,0,0,54797,
1431948577130,ch.unige.css.services.main.CssRegistryService,ch.unige.ping:background,10149,31837,60171236,[STARTED],false,true,0,0,60171508,
1431948577130,com.google.android.finsky.billing.iab.InAppBillingService,com.android.vending,10024,29546,70599330,[],false,true,1,1,70599340,
1431948577130,org.cyanogenmod.audiofx.HeadsetService,org.cyanogenmod.audiofx,10000,1289,67364,"[PERSISTENT,STARTED]",false,true,0,0,67374,
1431948637225,com.android.bluetooth.hid.HidService,com.android.bluetooth,1002,0,49150,[],false,true,0,0,49160,
1431948637225,com.cleanmaster.service.PermanentService,com.cleanmaster.mguard:service,10138,653,94138,[STARTED],false,true,1,1,70608601,
1431948637225,com.google.android.music.dial.DialMediaRouteProviderService,com.google.android.music:main,10073,0,57202,[],false,true,0,0,57212,
1431948637225,ch.unige.css.services.PingService,ch.unige.ping,10149,1632,72383161,[STARTED],false,true,0,0,72383172,
1431948637225,com.google.android.search.core.service.BroadcastListenerService,com.google.android.googlequicksearchbox:search,10026,3168,75471,[STARTED],false,true,0,0,70525555,
1431948637225,com.android.systemui.keyguard.KeyguardService,com.android.systemui,10014,930,44352,[PERSISTENT],false,false,2,2,68066,
1431948637225,openiab.StoreService,cm.aptoide.pt,10148,0,54787,[],false,true,0,0,54797,
1431948637225,ch.unige.css.services.main.CssRegistryService,ch.unige.ping:background,10149,31837,60171236,[STARTED],false,true,0,0,60171508,
1431948637225,com.google.android.finsky.billing.iab.InAppBillingService,com.android.vending,10024,29546,70599330,[],false,true,1,1,70599340,
1431948637225,org.cyanogenmod.audiofx.HeadsetService,org.cyanogenmod.audiofx,10000,1289,67364,"[PERSISTENT,STARTED]",false,true,0,0,67374,
1431948697454,com.android.bluetooth.hid.HidService,com.android.bluetooth,1002,0,49150,[],false,true,0,0,49160,
1431948697454,com.cleanmaster.service.PermanentService,com.cleanmaster.mguard:service,10138,653,94138,[STARTED],false,true,1,1,70608601,
1431948697454,com.google.android.music.dial.DialMediaRouteProviderService,com.google.android.music:main,10073,0,57202,[],false,true,0,0,57212,
1431948697454,ch.unige.css.services.PingService,ch.unige.ping,10149,1632,72443413,[STARTED],false,true,0,0,72443424,
1431948697454,com.google.android.search.core.service.BroadcastListenerService,com.google.android.googlequicksearchbox:search,10026,3168,75471,[STARTED],false,true,0,0,70525555,
1431948697454,com.android.systemui.keyguard.KeyguardService,com.android.systemui,10014,930,44352,[PERSISTENT],false,false,2,2,68066,
1431948697454,openiab.StoreService,cm.aptoide.pt,10148,0,54787,[],false,true,0,0,54797,
1431948697454,ch.unige.css.services.main.CssRegistryService,ch.unige.ping:background,10149,31837,60171236,[STARTED],false,true,0,0,60171508,
1431948697454,com.google.android.finsky.billing.iab.InAppBillingService,com.android.vending,10024,29546,70599330,[],false,true,1,1,70599340,
1431948697454,org.cyanogenmod.audiofx.HeadsetService,org.cyanogenmod.audiofx,10000,1289,67364,"[PERSISTENT,STARTED]",false,true,0,0,67374,
1431948757674,com.android.bluetooth.hid.HidService,com.android.bluetooth,1002,0,49150,[],false,true,0,0,49160,
1431948757674,com.cleanmaster.service.PermanentService,com.cleanmaster.mguard:service,10138,653,94138,[STARTED],false,true,1,1,70608601,
1431948757674,com.google.android.music.dial.DialMediaRouteProviderService,com.google.android.music:main,10073,0,57202,[],false,true,0,0,57212,
1431948757674,ch.unige.css.services.PingService,ch.unige.ping,10149,1632,72503568,[STARTED],false,true,0,0,72503579,
1431948757674,com.google.android.search.core.service.BroadcastListenerService,com.google.android.googlequicksearchbox:search,10026,3168,75471,[STARTED],false,true,0,0,70525555,
1431948757674,com.android.systemui.keyguard.KeyguardService,com.android.systemui,10014,930,44352,[PERSISTENT],false,false,2,2,68066,
1431948757674,openiab.StoreService,cm.aptoide.pt,10148,0,54787,[],false,true,0,0,54797,
1431948757674,ch.unige.css.services.main.CssRegistryService,ch.unige.ping:background,10149,31837,60171236,[STARTED],false,true,0,0,60171508,
1431948757674,com.google.android.finsky.billing.iab.InAppBillingService,com.android.vending,10024,29546,70599330,[],false,true,1,1,70599340,
1431948757674,org.cyanogenmod.audiofx.HeadsetService,org.cyanogenmod.audiofx,10000,1289,67364,"[PERSISTENT,STARTED]",false,true,0,0,67374,
1431948817781,com.android.bluetooth.hid.HidService,com.android.bluetooth,1002,0,49150,[],false,true,0,0,49160,
1431948817781,com.cleanmaster.service.PermanentService,com.cleanmaster.mguard:service,10138,653,94138,[STARTED],false,true,1,1,70608601,
1431948817781,com.google.android.music.dial.DialMediaRouteProviderService,com.google.android.music:main,10073,0,57202,[],false,true,0,0,57212,
1431948817781,ch.unige.css.services.PingService,ch.unige.ping,10149,1632,72563704,[STARTED],false,true,0,0,72563715,
1431948817781,com.google.android.search.core.service.BroadcastListenerService,com.google.android.googlequicksearchbox:search,10026,3168,75471,[STARTED],false,true,0,0,70525555,
1431948817781,com.android.systemui.keyguard.KeyguardService,com.android.systemui,10014,930,44352,[PERSISTENT],false,false,2,2,68066,
1431948817781,openiab.StoreService,cm.aptoide.pt,10148,0,54787,[],false,true,0,0,54797,
1431948817781,ch.unige.css.services.main.CssRegistryService,ch.unige.ping:background,10149,31837,60171236,[STARTED],false,true,0,0,60171508,
1431948817781,com.google.android.finsky.billing.iab.InAppBillingService,com.android.vending,10024,29546,70599330,[],false,true,1,1,70599340,
1431948817781,org.cyanogenmod.audiofx.HeadsetService,org.cyanogenmod.audiofx,10000,1289,67364,"[PERSISTENT,STARTED]",false,true,0,0,67374,
1431948877972,com.android.bluetooth.hid.HidService,com.android.bluetooth,1002,0,49150,[],false,true,0,0,49160,
1431948877972,com.cleanmaster.service.PermanentService,com.cleanmaster.mguard:service,10138,653,94138,[STARTED],false,true,1,1,70608601,
1431948877972,com.google.android.music.dial.DialMediaRouteProviderService,com.google.android.music:main,10073,0,57202,[],false,true,0,0,57212,
1431948877972,ch.unige.css.services.PingService,ch.unige.ping,10149,1632,72623888,[STARTED],false,true,0,0,72623899,
1431948877972,com.google.android.search.core.service.BroadcastListenerService,com.google.android.googlequicksearchbox:search,10026,3168,75471,[STARTED],false,true,0,0,70525555,
1431948877972,com.android.systemui.keyguard.KeyguardService,com.android.systemui,10014,930,44352,[PERSISTENT],false,false,2,2,68066,
1431948877972,openiab.StoreService,cm.aptoide.pt,10148,0,54787,[],false,true,0,0,54797,
1431948877972,ch.unige.css.services.main.CssRegistryService,ch.unige.ping:background,10149,31837,60171236,[STARTED],false,true,0,0,60171508,
1431948877972,com.google.android.finsky.billing.iab.InAppBillingService,com.android.vending,10024,29546,70599330,[],false,true,1,1,70599340,
1431948877972,org.cyanogenmod.audiofx.HeadsetService,org.cyanogenmod.audiofx,10000,1289,67364,"[PERSISTENT,STARTED]",false,true,0,0,67374,
1431948938189,com.android.bluetooth.hid.HidService,com.android.bluetooth,1002,0,49150,[],false,true,0,0,49160,
1431948938189,com.cleanmaster.service.PermanentService,com.cleanmaster.mguard:service,10138,653,94138,[STARTED],false,true,1,1,70608601,
1431948938189,com.google.android.music.dial.DialMediaRouteProviderService,com.google.android.music:main,10073,0,57202,[],false,true,0,0,57212,
1431948938189,ch.unige.css.services.PingService,ch.unige.ping,10149,1632,72684105,[STARTED],false,true,0,0,72684116,
1431948938189,com.google.android.search.core.service.BroadcastListenerService,com.google.android.googlequicksearchbox:search,10026,3168,75471,[STARTED],false,true,0,0,70525555,
1431948938189,com.android.systemui.keyguard.KeyguardService,com.android.systemui,10014,930,44352,[PERSISTENT],false,false,2,2,68066,
1431948938189,openiab.StoreService,cm.aptoide.pt,10148,0,54787,[],false,true,0,0,54797,
1431948938189,ch.unige.css.services.main.CssRegistryService,ch.unige.ping:background,10149,31837,60171236,[STARTED],false,true,0,0,60171508,
1431948938189,com.google.android.finsky.billing.iab.InAppBillingService,com.android.vending,10024,29546,70599330,[],false,true,1,1,70599340,
1431948938189,org.cyanogenmod.audiofx.HeadsetService,org.cyanogenmod.audiofx,10000,1289,67364,"[PERSISTENT,STARTED]",false,true,0,0,67374,
1431949015175,com.android.bluetooth.hid.HidService,com.android.bluetooth,1002,0,49150,[],false,true,0,0,49160,
1431949015175,com.cleanmaster.service.PermanentService,com.cleanmaster.mguard:service,10138,653,94138,[STARTED],false,true,1,1,70608601,
1431949015175,com.google.android.music.dial.DialMediaRouteProviderService,com.google.android.music:main,10073,0,57202,[],false,true,0,0,57212,
1431949015175,ch.unige.css.services.PingService,ch.unige.ping,10149,1632,72761092,[STARTED],false,true,0,0,72761103,
1431949015175,com.google.android.search.core.service.BroadcastListenerService,com.google.android.googlequicksearchbox:search,10026,3168,75471,[STARTED],false,true,0,0,70525555,
1431949015175,com.android.systemui.keyguard.KeyguardService,com.android.systemui,10014,930,44352,[PERSISTENT],false,false,2,2,68066,
1431949015175,openiab.StoreService,cm.aptoide.pt,10148,0,54787,[],false,true,0,0,54797,
1431949015175,ch.unige.css.services.main.CssRegistryService,ch.unige.ping:background,10149,31837,60171236,[STARTED],false,true,0,0,60171508,
1431949015175,com.google.android.finsky.billing.iab.InAppBillingService,com.android.vending,10024,29546,70599330,[],false,true,1,1,70599340,
1431949015175,org.cyanogenmod.audiofx.HeadsetService,org.cyanogenmod.audiofx,10000,1289,67364,"[PERSISTENT,STARTED]",false,true,0,0,67374,
1431949075317,com.android.bluetooth.hid.HidService,com.android.bluetooth,1002,0,49150,[],false,true,0,0,49160,
1431949075317,com.cleanmaster.service.PermanentService,com.cleanmaster.mguard:service,10138,653,94138,[STARTED],false,true,1,1,70608601,
1431949075317,com.google.android.music.dial.DialMediaRouteProviderService,com.google.android.music:main,10073,0,57202,[],false,true,0,0,57212,
1431949075317,ch.unige.css.services.PingService,ch.unige.ping,10149,1632,72821248,[STARTED],false,true,0,0,72821259,
1431949075317,com.google.android.search.core.service.BroadcastListenerService,com.google.android.googlequicksearchbox:search,10026,3168,75471,[STARTED],false,true,0,0,70525555,
1431949075317,com.android.systemui.keyguard.KeyguardService,com.android.systemui,10014,930,44352,[PERSISTENT],false,false,2,2,68066,
1431949075317,openiab.StoreService,cm.aptoide.pt,10148,0,54787,[],false,true,0,0,54797,
1431949075317,ch.unige.css.services.main.CssRegistryService,ch.unige.ping:background,10149,31837,60171236,[STARTED],false,true,0,0,60171508,
1431949075317,com.google.android.finsky.billing.iab.InAppBillingService,com.android.vending,10024,29546,70599330,[],false,true,1,1,70599340,
1431949075317,org.cyanogenmod.audiofx.HeadsetService,org.cyanogenmod.audiofx,10000,1289,67364,"[PERSISTENT,STARTED]",false,true,0,0,67374,
1431949135450,com.android.bluetooth.hid.HidService,com.android.bluetooth,1002,0,49150,[],false,true,0,0,49160,
1431949135450,com.cleanmaster.service.PermanentService,com.cleanmaster.mguard:service,10138,653,94138,[STARTED],false,true,1,1,70608601,
1431949135450,com.google.android.music.dial.DialMediaRouteProviderService,com.google.android.music:main,10073,0,57202,[],false,true,0,0,57212,
1431949135450,ch.unige.css.services.PingService,ch.unige.ping,10149,1632,72881384,[STARTED],false,true,0,0,72881395,
1431949135450,com.google.android.search.core.service.BroadcastListenerService,com.google.android.googlequicksearchbox:search,10026,3168,75471,[STARTED],false,true,0,0,70525555,
1431949135450,com.android.systemui.keyguard.KeyguardService,com.android.systemui,10014,930,44352,[PERSISTENT],false,false,2,2,68066,
1431949135450,openiab.StoreService,cm.aptoide.pt,10148,0,54787,[],false,true,0,0,54797,
1431949135450,ch.unige.css.services.main.CssRegistryService,ch.unige.ping:background,10149,31837,60171236,[STARTED],false,true,0,0,60171508,
1431949135450,com.google.android.finsky.billing.iab.InAppBillingService,com.android.vending,10024,29546,70599330,[],false,true,1,1,70599340,
1431949135450,org.cyanogenmod.audiofx.HeadsetService,org.cyanogenmod.audiofx,10000,1289,67364,"[PERSISTENT,STARTED]",false,true,0,0,67374,
1431949195668,com.android.bluetooth.hid.HidService,com.android.bluetooth,1002,0,49150,[],false,true,0,0,49160,
1431949195668,com.cleanmaster.service.PermanentService,com.cleanmaster.mguard:service,10138,653,94138,[STARTED],false,true,1,1,70608601,
1431949195668,com.google.android.music.dial.DialMediaRouteProviderService,com.google.android.music:main,10073,0,57202,[],false,true,0,0,57212,
1431949195668,ch.unige.css.services.PingService,ch.unige.ping,10149,1632,72941613,[STARTED],false,true,0,0,72941624,
1431949195668,com.google.android.search.core.service.BroadcastListenerService,com.google.android.googlequicksearchbox:search,10026,3168,75471,[STARTED],false,true,0,0,70525555,
1431949195668,com.android.systemui.keyguard.KeyguardService,com.android.systemui,10014,930,44352,[PERSISTENT],false,false,2,2,68066,
1431949195668,openiab.StoreService,cm.aptoide.pt,10148,0,54787,[],false,true,0,0,54797,
1431949195668,ch.unige.css.services.main.CssRegistryService,ch.unige.ping:background,10149,31837,60171236,[STARTED],false,true,0,0,60171508,
1431949195668,com.google.android.finsky.billing.iab.InAppBillingService,com.android.vending,10024,29546,70599330,[],false,true,1,1,70599340,
1431949195668,org.cyanogenmod.audiofx.HeadsetService,org.cyanogenmod.audiofx,10000,1289,67364,"[PERSISTENT,STARTED]",false,true,0,0,67374,
1431949255808,com.android.bluetooth.hid.HidService,com.android.bluetooth,1002,0,49150,[],false,true,0,0,49160,
1431949255808,com.cleanmaster.service.PermanentService,com.cleanmaster.mguard:service,10138,653,94138,[STARTED],false,true,1,1,70608601,
1431949255808,com.google.android.music.dial.DialMediaRouteProviderService,com.google.android.music:main,10073,0,57202,[],false,true,0,0,57212,
1431949255808,ch.unige.css.services.PingService,ch.unige.ping,10149,1632,73001742,[STARTED],false,true,0,0,73001752,
1431949255808,com.google.android.search.core.service.BroadcastListenerService,com.google.android.googlequicksearchbox:search,10026,3168,75471,[STARTED],false,true,0,0,70525555,
1431949255808,com.android.systemui.keyguard.KeyguardService,com.android.systemui,10014,930,44352,[PERSISTENT],false,false,2,2,68066,
1431949255808,openiab.StoreService,cm.aptoide.pt,10148,0,54787,[],false,true,0,0,54797,
1431949255808,ch.unige.css.services.main.CssRegistryService,ch.unige.ping:background,10149,31837,60171236,[STARTED],false,true,0,0,60171508,
1431949255808,com.google.android.finsky.billing.iab.InAppBillingService,com.android.vending,10024,29546,70599330,[],false,true,1,1,70599340,
1431949255808,org.cyanogenmod.audiofx.HeadsetService,org.cyanogenmod.audiofx,10000,1289,67364,"[PERSISTENT,STARTED]",false,true,0,0,67374,
1431949315936,com.android.bluetooth.hid.HidService,com.android.bluetooth,1002,0,49150,[],false,true,0,0,49160,
1431949315936,com.cleanmaster.service.PermanentService,com.cleanmaster.mguard:service,10138,653,94138,[STARTED],false,true,1,1,70608601,
1431949315936,com.google.android.music.dial.DialMediaRouteProviderService,com.google.android.music:main,10073,0,57202,[],false,true,0,0,57212,
1431949315936,ch.unige.css.services.PingService,ch.unige.ping,10149,1632,73061864,[STARTED],false,true,0,0,73061875,
1431949315936,com.google.android.search.core.service.BroadcastListenerService,com.google.android.googlequicksearchbox:search,10026,3168,75471,[STARTED],false,true,0,0,70525555,
1431949315936,com.android.systemui.keyguard.KeyguardService,com.android.systemui,10014,930,44352,[PERSISTENT],false,false,2,2,68066,
1431949315936,openiab.StoreService,cm.aptoide.pt,10148,0,54787,[],false,true,0,0,54797,
1431949315936,ch.unige.css.services.main.CssRegistryService,ch.unige.ping:background,10149,31837,60171236,[STARTED],false,true,0,0,60171508,
1431949315936,com.google.android.finsky.billing.iab.InAppBillingService,com.android.vending,10024,29546,70599330,[],false,true,1,1,70599340,
1431949315936,org.cyanogenmod.audiofx.HeadsetService,org.cyanogenmod.audiofx,10000,1289,67364,"[PERSISTENT,STARTED]",false,true,0,0,67374,
1431949376101,com.android.bluetooth.hid.HidService,com.android.bluetooth,1002,0,49150,[],false,true,0,0,49160,
1431949376101,com.cleanmaster.service.PermanentService,com.cleanmaster.mguard:service,10138,653,94138,[STARTED],false,true,1,1,70608601,
1431949376101,com.google.android.music.dial.DialMediaRouteProviderService,com.google.android.music:main,10073,0,57202,[],false,true,0,0,57212,
1431949376101,ch.unige.css.services.PingService,ch.unige.ping,10149,1632,73122020,[STARTED],false,true,0,0,73122031,
1431949376101,com.google.android.search.core.service.BroadcastListenerService,com.google.android.googlequicksearchbox:search,10026,3168,75471,[STARTED],false,true,0,0,70525555,
1431949376101,com.android.systemui.keyguard.KeyguardService,com.android.systemui,10014,930,44352,[PERSISTENT],false,false,2,2,68066,
1431949376101,openiab.StoreService,cm.aptoide.pt,10148,0,54787,[],false,true,0,0,54797,
1431949376101,ch.unige.css.services.main.CssRegistryService,ch.unige.ping:background,10149,31837,60171236,[STARTED],false,true,0,0,60171508,
1431949376101,com.google.android.finsky.billing.iab.InAppBillingService,com.android.vending,10024,29546,70599330,[],false,true,1,1,70599340,
1431949376101,org.cyanogenmod.audiofx.HeadsetService,org.cyanogenmod.audiofx,10000,1289,67364,"[PERSISTENT,STARTED]",false,true,0,0,67374,
1431949464210,com.android.bluetooth.hid.HidService,com.android.bluetooth,1002,0,49150,[],false,true,0,0,49160,
1431949464210,com.cleanmaster.service.PermanentService,com.cleanmaster.mguard:service,10138,653,94138,[STARTED],false,true,1,1,70608601,
1431949464210,com.google.android.music.dial.DialMediaRouteProviderService,com.google.android.music:main,10073,0,57202,[],false,true,0,0,57212,
1431949464210,ch.unige.css.services.PingService,ch.unige.ping,10149,1632,73210122,[STARTED],false,true,0,0,73210133,
1431949464210,com.google.android.search.core.service.BroadcastListenerService,com.google.android.googlequicksearchbox:search,10026,3168,75471,[STARTED],false,true,0,0,70525555,
1431949464210,com.android.systemui.keyguard.KeyguardService,com.android.systemui,10014,930,44352,[PERSISTENT],false,false,2,2,68066,
1431949464210,openiab.StoreService,cm.aptoide.pt,10148,0,54787,[],false,true,0,0,54797,
1431949464210,ch.unige.css.services.main.CssRegistryService,ch.unige.ping:background,10149,31837,60171236,[STARTED],false,true,0,0,60171508,
1431949464210,com.google.android.finsky.billing.iab.InAppBillingService,com.android.vending,10024,29546,70599330,[],false,true,1,1,70599340,
1431949464210,org.cyanogenmod.audiofx.HeadsetService,org.cyanogenmod.audiofx,10000,1289,67364,"[PERSISTENT,STARTED]",false,true,0,0,67374,
1431949524251,com.android.bluetooth.hid.HidService,com.android.bluetooth,1002,0,49150,[],false,true,0,0,49160,
1431949524251,com.cleanmaster.service.PermanentService,com.cleanmaster.mguard:service,10138,653,94138,[STARTED],false,true,1,1,70608601,
1431949524251,com.google.android.music.dial.DialMediaRouteProviderService,com.google.android.music:main,10073,0,57202,[],false,true,0,0,57212,
1431949524251,ch.unige.css.services.PingService,ch.unige.ping,10149,1632,73270194,[STARTED],false,true,0,0,73270205,
1431949524251,com.google.android.search.core.service.BroadcastListenerService,com.google.android.googlequicksearchbox:search,10026,3168,75471,[STARTED],false,true,0,0,70525555,
1431949524251,com.android.systemui.keyguard.KeyguardService,com.android.systemui,10014,930,44352,[PERSISTENT],false,false,2,2,68066,
1431949524251,openiab.StoreService,cm.aptoide.pt,10148,0,54787,[],false,true,0,0,54797,
1431949524251,ch.unige.css.services.main.CssRegistryService,ch.unige.ping:background,10149,31837,60171236,[STARTED],false,true,0,0,60171508,
1431949524251,com.google.android.finsky.billing.iab.InAppBillingService,com.android.vending,10024,29546,70599330,[],false,true,1,1,70599340,
1431949524251,org.cyanogenmod.audiofx.HeadsetService,org.cyanogenmod.audiofx,10000,1289,67364,"[PERSISTENT,STARTED]",false,true,0,0,67374,
1431949584456,com.android.bluetooth.hid.HidService,com.android.bluetooth,1002,0,49150,[],false,true,0,0,49160,
1431949584456,com.cleanmaster.service.PermanentService,com.cleanmaster.mguard:service,10138,653,94138,[STARTED],false,true,1,1,70608601,
1431949584456,com.google.android.music.dial.DialMediaRouteProviderService,com.google.android.music:main,10073,0,57202,[],false,true,0,0,57212,
1431949584456,ch.unige.css.services.PingService,ch.unige.ping,10149,1632,73330361,[STARTED],false,true,0,0,73330372,
1431949584456,com.google.android.search.core.service.BroadcastListenerService,com.google.android.googlequicksearchbox:search,10026,3168,75471,[STARTED],false,true,0,0,70525555,
1431949584456,com.android.systemui.keyguard.KeyguardService,com.android.systemui,10014,930,44352,[PERSISTENT],false,false,2,2,68066,
1431949584456,openiab.StoreService,cm.aptoide.pt,10148,0,54787,[],false,true,0,0,54797,
1431949584456,ch.unige.css.services.main.CssRegistryService,ch.unige.ping:background,10149,31837,60171236,[STARTED],false,true,0,0,60171508,
1431949584456,com.google.android.finsky.billing.iab.InAppBillingService,com.android.vending,10024,29546,70599330,[],false,true,1,1,70599340,
1431949584456,org.cyanogenmod.audiofx.HeadsetService,org.cyanogenmod.audiofx,10000,1289,67364,"[PERSISTENT,STARTED]",false,true,0,0,67374,
1431949644532,com.android.bluetooth.hid.HidService,com.android.bluetooth,1002,0,49150,[],false,true,0,0,49160,
1431949644532,com.cleanmaster.service.PermanentService,com.cleanmaster.mguard:service,10138,653,94138,[STARTED],false,true,1,1,70608601,
1431949644532,com.google.android.music.dial.DialMediaRouteProviderService,com.google.android.music:main,10073,0,57202,[],false,true,0,0,57212,
1431949644532,ch.unige.css.services.PingService,ch.unige.ping,10149,1632,73390453,[STARTED],false,true,0,0,73390463,
1431949644532,com.google.android.search.core.service.BroadcastListenerService,com.google.android.googlequicksearchbox:search,10026,3168,75471,[STARTED],false,true,0,0,70525555,
1431949644532,com.android.systemui.keyguard.KeyguardService,com.android.systemui,10014,930,44352,[PERSISTENT],false,false,2,2,68066,
1431949644532,openiab.StoreService,cm.aptoide.pt,10148,0,54787,[],false,true,0,0,54797,
1431949644532,ch.unige.css.services.main.CssRegistryService,ch.unige.ping:background,10149,31837,60171236,[STARTED],false,true,0,0,60171508,
1431949644532,com.google.android.finsky.billing.iab.InAppBillingService,com.android.vending,10024,29546,70599330,[],false,true,1,1,70599340,
1431949644532,org.cyanogenmod.audiofx.HeadsetService,org.cyanogenmod.audiofx,10000,1289,67364,"[PERSISTENT,STARTED]",false,true,0,0,67374,
1431949704651,com.android.bluetooth.hid.HidService,com.android.bluetooth,1002,0,49150,[],false,true,0,0,49160,
1431949704651,com.cleanmaster.service.PermanentService,com.cleanmaster.mguard:service,10138,653,94138,[STARTED],false,true,1,1,70608601,
1431949704651,com.google.android.music.dial.DialMediaRouteProviderService,com.google.android.music:main,10073,0,57202,[],false,true,0,0,57212,
1431949704651,ch.unige.css.services.PingService,ch.unige.ping,10149,1632,73450565,[STARTED],false,true,0,0,73450576,
1431949704651,com.google.android.search.core.service.BroadcastListenerService,com.google.android.googlequicksearchbox:search,10026,3168,75471,[STARTED],false,true,0,0,70525555,
1431949704651,com.android.systemui.keyguard.KeyguardService,com.android.systemui,10014,930,44352,[PERSISTENT],false,false,2,2,68066,
1431949704651,openiab.StoreService,cm.aptoide.pt,10148,0,54787,[],false,true,0,0,54797,
1431949704651,ch.unige.css.services.main.CssRegistryService,ch.unige.ping:background,10149,31837,60171236,[STARTED],false,true,0,0,60171508,
1431949704651,com.google.android.finsky.billing.iab.InAppBillingService,com.android.vending,10024,29546,70599330,[],false,true,1,1,70599340,
1431949704651,org.cyanogenmod.audiofx.HeadsetService,org.cyanogenmod.audiofx,10000,1289,67364,"[PERSISTENT,STARTED]",false,true,0,0,67374,
1431949764805,com.android.bluetooth.hid.HidService,com.android.bluetooth,1002,0,49150,[],false,true,0,0,49160,
1431949764805,com.cleanmaster.service.PermanentService,com.cleanmaster.mguard:service,10138,653,94138,[STARTED],false,true,1,1,70608601,
1431949764805,com.google.android.music.dial.DialMediaRouteProviderService,com.google.android.music:main,10073,0,57202,[],false,true,0,0,57212,
1431949764805,ch.unige.css.services.PingService,ch.unige.ping,10149,1632,73510725,[STARTED],false,true,0,0,73510736,
1431949764805,com.google.android.search.core.service.BroadcastListenerService,com.google.android.googlequicksearchbox:search,10026,3168,75471,[STARTED],false,true,0,0,70525555,
1431949764805,com.android.systemui.keyguard.KeyguardService,com.android.systemui,10014,930,44352,[PERSISTENT],false,false,2,2,68066,
1431949764805,openiab.StoreService,cm.aptoide.pt,10148,0,54787,[],false,true,0,0,54797,
1431949764805,ch.unige.css.services.main.CssRegistryService,ch.unige.ping:background,10149,31837,60171236,[STARTED],false,true,0,0,60171508,
1431949764805,com.google.android.finsky.billing.iab.InAppBillingService,com.android.vending,10024,29546,70599330,[],false,true,1,1,70599340,
1431949764805,org.cyanogenmod.audiofx.HeadsetService,org.cyanogenmod.audiofx,10000,1289,67364,"[PERSISTENT,STARTED]",false,true,0,0,67374,
1431949824921,com.android.bluetooth.hid.HidService,com.android.bluetooth,1002,0,49150,[],false,true,0,0,49160,
1431949824921,com.cleanmaster.service.PermanentService,com.cleanmaster.mguard:service,10138,653,94138,[STARTED],false,true,1,1,70608601,
1431949824921,com.google.android.music.dial.DialMediaRouteProviderService,com.google.android.music:main,10073,0,57202,[],false,true,0,0,57212,
1431949824921,ch.unige.css.services.PingService,ch.unige.ping,10149,1632,73570810,[STARTED],false,true,0,0,73570820,
1431949824921,com.google.android.search.core.service.BroadcastListenerService,com.google.android.googlequicksearchbox:search,10026,3168,75471,[STARTED],false,true,0,0,70525555,
1431949824921,com.android.systemui.keyguard.KeyguardService,com.android.systemui,10014,930,44352,[PERSISTENT],false,false,2,2,68066,
1431949824921,openiab.StoreService,cm.aptoide.pt,10148,0,54787,[],false,true,0,0,54797,
1431949824921,ch.unige.css.services.main.CssRegistryService,ch.unige.ping:background,10149,31837,60171236,[STARTED],false,true,0,0,60171508,
1431949824921,com.google.android.finsky.billing.iab.InAppBillingService,com.android.vending,10024,29546,70599330,[],false,true,1,1,70599340,
1431949824921,org.cyanogenmod.audiofx.HeadsetService,org.cyanogenmod.audiofx,10000,1289,67364,"[PERSISTENT,STARTED]",false,true,0,0,67374,
1431949894143,com.android.bluetooth.hid.HidService,com.android.bluetooth,1002,0,49150,[],false,true,0,0,49160,
1431949894143,com.cleanmaster.service.PermanentService,com.cleanmaster.mguard:service,10138,653,94138,[STARTED],false,true,1,1,70608601,
1431949894143,com.google.android.music.dial.DialMediaRouteProviderService,com.google.android.music:main,10073,0,57202,[],false,true,0,0,57212,
1431949894143,ch.unige.css.services.PingService,ch.unige.ping,10149,1632,73640089,[STARTED],false,true,0,0,73640100,
1431949894143,com.google.android.search.core.service.BroadcastListenerService,com.google.android.googlequicksearchbox:search,10026,3168,75471,[STARTED],false,true,0,0,70525555,
1431949894143,com.android.systemui.keyguard.KeyguardService,com.android.systemui,10014,930,44352,[PERSISTENT],false,false,2,2,68066,
1431949894143,openiab.StoreService,cm.aptoide.pt,10148,0,54787,[],false,true,0,0,54797,
1431949894143,ch.unige.css.services.main.CssRegistryService,ch.unige.ping:background,10149,31837,60171236,[STARTED],false,true,0,0,60171508,
1431949894143,com.google.android.finsky.billing.iab.InAppBillingService,com.android.vending,10024,29546,70599330,[],false,true,1,1,70599340,
1431949894143,org.cyanogenmod.audiofx.HeadsetService,org.cyanogenmod.audiofx,10000,1289,67364,"[PERSISTENT,STARTED]",false,true,0,0,67374,
1431949954280,com.android.bluetooth.hid.HidService,com.android.bluetooth,1002,0,49150,[],false,true,0,0,49160,
1431949954280,com.cleanmaster.service.PermanentService,com.cleanmaster.mguard:service,10138,653,94138,[STARTED],false,true,1,1,70608601,
1431949954280,com.google.android.music.dial.DialMediaRouteProviderService,com.google.android.music:main,10073,0,57202,[],false,true,0,0,57212,
1431949954280,ch.unige.css.services.PingService,ch.unige.ping,10149,1632,73700207,[STARTED],false,true,0,0,73700218,
1431949954280,com.google.android.search.core.service.BroadcastListenerService,com.google.android.googlequicksearchbox:search,10026,3168,75471,[STARTED],false,true,0,0,70525555,
1431949954280,com.android.systemui.keyguard.KeyguardService,com.android.systemui,10014,930,44352,[PERSISTENT],false,false,2,2,68066,
1431949954280,openiab.StoreService,cm.aptoide.pt,10148,0,54787,[],false,true,0,0,54797,
1431949954280,ch.unige.css.services.main.CssRegistryService,ch.unige.ping:background,10149,31837,60171236,[STARTED],false,true,0,0,60171508,
1431949954280,com.google.android.finsky.billing.iab.InAppBillingService,com.android.vending,10024,29546,70599330,[],false,true,1,1,70599340,
1431949954280,org.cyanogenmod.audiofx.HeadsetService,org.cyanogenmod.audiofx,10000,1289,67364,"[PERSISTENT,STARTED]",false,true,0,0,67374,
1431950014321,com.android.bluetooth.hid.HidService,com.android.bluetooth,1002,0,49150,[],false,true,0,0,49160,
1431950014321,com.cleanmaster.service.PermanentService,com.cleanmaster.mguard:service,10138,653,94138,[STARTED],false,true,1,1,70608601,
1431950014321,com.google.android.music.dial.DialMediaRouteProviderService,com.google.android.music:main,10073,0,57202,[],false,true,0,0,57212,
1431950014321,ch.unige.css.services.PingService,ch.unige.ping,10149,1632,73760276,[STARTED],false,true,0,0,73760287,
1431950014321,com.google.android.search.core.service.BroadcastListenerService,com.google.android.googlequicksearchbox:search,10026,3168,75471,[STARTED],false,true,0,0,70525555,
1431950014321,com.android.systemui.keyguard.KeyguardService,com.android.systemui,10014,930,44352,[PERSISTENT],false,false,2,2,68066,
1431950014321,openiab.StoreService,cm.aptoide.pt,10148,0,54787,[],false,true,0,0,54797,
1431950014321,ch.unige.css.services.main.CssRegistryService,ch.unige.ping:background,10149,31837,60171236,[STARTED],false,true,0,0,60171508,
1431950014321,com.google.android.finsky.billing.iab.InAppBillingService,com.android.vending,10024,29546,70599330,[],false,true,1,1,70599340,
1431950014321,org.cyanogenmod.audiofx.HeadsetService,org.cyanogenmod.audiofx,10000,1289,67364,"[PERSISTENT,STARTED]",false,true,0,0,67374,
1431950074754,com.android.bluetooth.hid.HidService,com.android.bluetooth,1002,0,49150,[],false,true,0,0,49160,
1431950074754,com.cleanmaster.service.PermanentService,com.cleanmaster.mguard:service,10138,653,94138,[STARTED],false,true,1,1,70608601,
1431950074754,com.google.android.music.dial.DialMediaRouteProviderService,com.google.android.music:main,10073,0,57202,[],false,true,0,0,57212,
1431950074754,ch.unige.css.services.PingService,ch.unige.ping,10149,1632,73820333,[STARTED],false,true,0,0,73820344,
1431950074754,com.google.android.search.core.service.BroadcastListenerService,com.google.android.googlequicksearchbox:search,10026,3168,75471,[STARTED],false,true,0,0,70525555,
1431950074754,com.android.systemui.keyguard.KeyguardService,com.android.systemui,10014,930,44352,[PERSISTENT],false,false,2,2,68066,
1431950074754,openiab.StoreService,cm.aptoide.pt,10148,0,54787,[],false,true,0,0,54797,
1431950074754,ch.unige.css.services.main.CssRegistryService,ch.unige.ping:background,10149,31837,60171236,[STARTED],false,true,0,0,60171508,
1431950074754,com.google.android.finsky.billing.iab.InAppBillingService,com.android.vending,10024,29546,70599330,[],false,true,1,1,70599340,
1431950074754,org.cyanogenmod.audiofx.HeadsetService,org.cyanogenmod.audiofx,10000,1289,67364,"[PERSISTENT,STARTED]",false,true,0,0,67374,
1431950134723,com.android.bluetooth.hid.HidService,com.android.bluetooth,1002,0,49150,[],false,true,0,0,49160,
1431950134723,com.cleanmaster.service.PermanentService,com.cleanmaster.mguard:service,10138,653,94138,[STARTED],false,true,1,1,70608601,
1431950134723,com.google.android.music.dial.DialMediaRouteProviderService,com.google.android.music:main,10073,0,57202,[],false,true,0,0,57212,
1431950134723,ch.unige.css.services.PingService,ch.unige.ping,10149,1632,73880396,[STARTED],false,true,0,0,73880407,
1431950134723,com.google.android.search.core.service.BroadcastListenerService,com.google.android.googlequicksearchbox:search,10026,3168,75471,[STARTED],false,true,0,0,70525555,
1431950134723,com.android.systemui.keyguard.KeyguardService,com.android.systemui,10014,930,44352,[PERSISTENT],false,false,2,2,68066,
1431950134723,openiab.StoreService,cm.aptoide.pt,10148,0,54787,[],false,true,0,0,54797,
1431950134723,ch.unige.css.services.main.CssRegistryService,ch.unige.ping:background,10149,31837,60171236,[STARTED],false,true,0,0,60171508,
1431950134723,com.google.android.finsky.billing.iab.InAppBillingService,com.android.vending,10024,29546,70599330,[],false,true,1,1,70599340,
1431950134723,org.cyanogenmod.audiofx.HeadsetService,org.cyanogenmod.audiofx,10000,1289,67364,"[PERSISTENT,STARTED]",false,true,0,0,67374,
1431950194278,com.android.bluetooth.hid.HidService,com.android.bluetooth,1002,0,49150,[],false,true,0,0,49160,
1431950194278,com.cleanmaster.service.PermanentService,com.cleanmaster.mguard:service,10138,653,94138,[STARTED],false,true,1,1,70608601,
1431950194278,com.google.android.music.dial.DialMediaRouteProviderService,com.google.android.music:main,10073,0,57202,[],false,true,0,0,57212,
1431950194278,ch.unige.css.services.PingService,ch.unige.ping,10149,1632,73940437,[STARTED],false,true,0,0,73940448,
1431950194278,com.google.android.search.core.service.BroadcastListenerService,com.google.android.googlequicksearchbox:search,10026,3168,75471,[STARTED],false,true,0,0,70525555,
1431950194278,com.android.systemui.keyguard.KeyguardService,com.android.systemui,10014,930,44352,[PERSISTENT],false,false,2,2,68066,
1431950194278,openiab.StoreService,cm.aptoide.pt,10148,0,54787,[],false,true,0,0,54797,
1431950194278,ch.unige.css.services.main.CssRegistryService,ch.unige.ping:background,10149,31837,60171236,[STARTED],false,true,0,0,60171508,
1431950194278,com.google.android.finsky.billing.iab.InAppBillingService,com.android.vending,10024,29546,70599330,[],false,true,1,1,70599340,
1431950194278,org.cyanogenmod.audiofx.HeadsetService,org.cyanogenmod.audiofx,10000,1289,67364,"[PERSISTENT,STARTED]",false,true,0,0,67374,
1431950265124,com.android.bluetooth.hid.HidService,com.android.bluetooth,1002,0,49150,[],false,true,0,0,49160,
1431950265124,com.cleanmaster.service.PermanentService,com.cleanmaster.mguard:service,10138,653,94138,[STARTED],false,true,1,1,70608601,
1431950265124,com.google.android.music.dial.DialMediaRouteProviderService,com.google.android.music:main,10073,0,57202,[],false,true,0,0,57212,
1431950265124,ch.unige.css.services.PingService,ch.unige.ping,10149,1632,74011265,[STARTED],false,true,0,0,74011276,
1431950265124,com.google.android.search.core.service.BroadcastListenerService,com.google.android.googlequicksearchbox:search,10026,3168,75471,[STARTED],false,true,0,0,70525555,
1431950265124,com.android.systemui.keyguard.KeyguardService,com.android.systemui,10014,930,44352,[PERSISTENT],false,false,2,2,68066,
1431950265124,openiab.StoreService,cm.aptoide.pt,10148,0,54787,[],false,true,0,0,54797,
1431950265124,ch.unige.css.services.main.CssRegistryService,ch.unige.ping:background,10149,31837,60171236,[STARTED],false,true,0,0,60171508,
1431950265124,com.google.android.finsky.billing.iab.InAppBillingService,com.android.vending,10024,29546,70599330,[],false,true,1,1,70599340,
1431950265124,org.cyanogenmod.audiofx.HeadsetService,org.cyanogenmod.audiofx,10000,1289,67364,"[PERSISTENT,STARTED]",false,true,0,0,67374,
1431950325164,com.android.bluetooth.hid.HidService,com.android.bluetooth,1002,0,49150,[],false,true,0,0,49160,
1431950325164,com.cleanmaster.service.PermanentService,com.cleanmaster.mguard:service,10138,653,94138,[STARTED],false,true,1,1,70608601,
1431950325164,com.google.android.music.dial.DialMediaRouteProviderService,com.google.android.music:main,10073,0,57202,[],false,true,0,0,57212,
1431950325164,ch.unige.css.services.PingService,ch.unige.ping,10149,1632,74071306,[STARTED],false,true,0,0,74071317,
1431950325164,com.google.android.search.core.service.BroadcastListenerService,com.google.android.googlequicksearchbox:search,10026,3168,75471,[STARTED],false,true,0,0,70525555,
1431950325164,com.android.systemui.keyguard.KeyguardService,com.android.systemui,10014,930,44352,[PERSISTENT],false,false,2,2,68066,
1431950325164,openiab.StoreService,cm.aptoide.pt,10148,0,54787,[],false,true,0,0,54797,
1431950325164,ch.unige.css.services.main.CssRegistryService,ch.unige.ping:background,10149,31837,60171236,[STARTED],false,true,0,0,60171508,
1431950325164,com.google.android.finsky.billing.iab.InAppBillingService,com.android.vending,10024,29546,70599330,[],false,true,1,1,70599340,
1431950325164,org.cyanogenmod.audiofx.HeadsetService,org.cyanogenmod.audiofx,10000,1289,67364,"[PERSISTENT,STARTED]",false,true,0,0,67374,
1431950400543,com.android.bluetooth.hid.HidService,com.android.bluetooth,1002,0,49150,[],false,true,0,0,49160,
1431950400543,com.cleanmaster.service.PermanentService,com.cleanmaster.mguard:service,10138,653,94138,[STARTED],false,true,1,1,70608601,
1431950400543,com.google.android.music.dial.DialMediaRouteProviderService,com.google.android.music:main,10073,0,57202,[],false,true,0,0,57212,
1431950400543,ch.unige.css.services.PingService,ch.unige.ping,10149,1632,74146672,[STARTED],false,true,0,0,74146683,
1431950400543,com.google.android.search.core.service.BroadcastListenerService,com.google.android.googlequicksearchbox:search,10026,3168,75471,[STARTED],false,true,0,0,70525555,
1431950400543,com.android.systemui.keyguard.KeyguardService,com.android.systemui,10014,930,44352,[PERSISTENT],false,false,2,2,68066,
1431950400543,openiab.StoreService,cm.aptoide.pt,10148,0,54787,[],false,true,0,0,54797,
1431950400543,ch.unige.css.services.main.CssRegistryService,ch.unige.ping:background,10149,31837,60171236,[STARTED],false,true,0,0,60171508,
1431950400543,com.google.android.finsky.billing.iab.InAppBillingService,com.android.vending,10024,29546,70599330,[],false,true,1,1,70599340,
1431950400543,org.cyanogenmod.audiofx.HeadsetService,org.cyanogenmod.audiofx,10000,1289,67364,"[PERSISTENT,STARTED]",false,true,0,0,67374,
1431950463015,com.android.bluetooth.hid.HidService,com.android.bluetooth,1002,0,49150,[],false,true,0,0,49160,
1431950463015,com.cleanmaster.service.PermanentService,com.cleanmaster.mguard:service,10138,653,94138,[STARTED],false,true,1,1,70608601,
1431950463015,com.google.android.music.dial.DialMediaRouteProviderService,com.google.android.music:main,10073,0,57202,[],false,true,0,0,57212,
1431950463015,ch.unige.css.services.PingService,ch.unige.ping,10149,1632,74209142,[STARTED],false,true,0,0,74209153,
1431950463015,com.google.android.search.core.service.BroadcastListenerService,com.google.android.googlequicksearchbox:search,10026,3168,75471,[STARTED],false,true,0,0,70525555,
1431950463015,com.android.systemui.keyguard.KeyguardService,com.android.systemui,10014,930,44352,[PERSISTENT],false,false,2,2,68066,
1431950463015,openiab.StoreService,cm.aptoide.pt,10148,0,54787,[],false,true,0,0,54797,
1431950463015,ch.unige.css.services.main.CssRegistryService,ch.unige.ping:background,10149,31837,60171236,[STARTED],false,true,0,0,60171508,
1431950463015,com.google.android.finsky.billing.iab.InAppBillingService,com.android.vending,10024,29546,70599330,[],false,true,1,1,70599340,
1431950463015,org.cyanogenmod.audiofx.HeadsetService,org.cyanogenmod.audiofx,10000,1289,67364,"[PERSISTENT,STARTED]",false,true,0,0,67374,
1431950523460,com.android.bluetooth.hid.HidService,com.android.bluetooth,1002,0,49150,[],false,true,0,0,49160,
1431950523460,com.cleanmaster.service.PermanentService,com.cleanmaster.mguard:service,10138,653,94138,[STARTED],false,true,1,1,70608601,
1431950523460,com.google.android.music.dial.DialMediaRouteProviderService,com.google.android.music:main,10073,0,57202,[],false,true,0,0,57212,
1431950523460,ch.unige.css.services.PingService,ch.unige.ping,10149,1632,74269188,[STARTED],false,true,0,0,74269199,
1431950523460,com.google.android.search.core.service.BroadcastListenerService,com.google.android.googlequicksearchbox:search,10026,3168,75471,[STARTED],false,true,0,0,70525555,
1431950523460,com.android.systemui.keyguard.KeyguardService,com.android.systemui,10014,930,44352,[PERSISTENT],false,false,2,2,68066,
1431950523460,openiab.StoreService,cm.aptoide.pt,10148,0,54787,[],false,true,0,0,54797,
1431950523460,ch.unige.css.services.main.CssRegistryService,ch.unige.ping:background,10149,31837,60171236,[STARTED],false,true,0,0,60171508,
1431950523460,com.google.android.finsky.billing.iab.InAppBillingService,com.android.vending,10024,29546,70599330,[],false,true,1,1,70599340,
1431950523460,org.cyanogenmod.audiofx.HeadsetService,org.cyanogenmod.audiofx,10000,1289,67364,"[PERSISTENT,STARTED]",false,true,0,0,67374,
1431950583917,com.android.bluetooth.hid.HidService,com.android.bluetooth,1002,0,49150,[],false,true,0,0,49160,
1431950583917,com.cleanmaster.service.PermanentService,com.cleanmaster.mguard:service,10138,653,94138,[STARTED],false,true,1,1,70608601,
1431950583917,com.google.android.music.dial.DialMediaRouteProviderService,com.google.android.music:main,10073,0,57202,[],false,true,0,0,57212,
1431950583917,ch.unige.css.services.PingService,ch.unige.ping,10149,1632,74329455,[STARTED],false,true,0,0,74329466,
1431950583917,com.google.android.search.core.service.BroadcastListenerService,com.google.android.googlequicksearchbox:search,10026,3168,75471,[STARTED],false,true,0,0,70525555,
1431950583917,com.android.systemui.keyguard.KeyguardService,com.android.systemui,10014,930,44352,[PERSISTENT],false,false,2,2,68066,
1431950583917,openiab.StoreService,cm.aptoide.pt,10148,0,54787,[],false,true,0,0,54797,
1431950583917,ch.unige.css.services.main.CssRegistryService,ch.unige.ping:background,10149,31837,60171236,[STARTED],false,true,0,0,60171508,
1431950583917,com.google.android.finsky.billing.iab.InAppBillingService,com.android.vending,10024,29546,70599330,[],false,true,1,1,70599340,
1431950583917,org.cyanogenmod.audiofx.HeadsetService,org.cyanogenmod.audiofx,10000,1289,67364,"[PERSISTENT,STARTED]",false,true,0,0,67374,
1431950644084,com.android.bluetooth.hid.HidService,com.android.bluetooth,1002,0,49150,[],false,true,0,0,49160,
1431950644084,com.cleanmaster.service.PermanentService,com.cleanmaster.mguard:service,10138,653,94138,[STARTED],false,true,1,1,70608601,
1431950644084,com.google.android.music.dial.DialMediaRouteProviderService,com.google.android.music:main,10073,0,57202,[],false,true,0,0,57212,
1431950644084,ch.unige.css.services.PingService,ch.unige.ping,10149,1632,74389604,[STARTED],false,true,0,0,74389615,
1431950644084,com.google.android.search.core.service.BroadcastListenerService,com.google.android.googlequicksearchbox:search,10026,3168,75471,[STARTED],false,true,0,0,70525555,
1431950644084,com.android.systemui.keyguard.KeyguardService,com.android.systemui,10014,930,44352,[PERSISTENT],false,false,2,2,68066,
1431950644084,openiab.StoreService,cm.aptoide.pt,10148,0,54787,[],false,true,0,0,54797,
1431950644084,ch.unige.css.services.main.CssRegistryService,ch.unige.ping:background,10149,31837,60171236,[STARTED],false,true,0,0,60171508,
1431950644084,com.google.android.finsky.billing.iab.InAppBillingService,com.android.vending,10024,29546,70599330,[],false,true,1,1,70599340,
1431950644084,org.cyanogenmod.audiofx.HeadsetService,org.cyanogenmod.audiofx,10000,1289,67364,"[PERSISTENT,STARTED]",false,true,0,0,67374,
1431950704252,com.android.bluetooth.hid.HidService,com.android.bluetooth,1002,0,49150,[],false,true,0,0,49160,
1431950704252,com.cleanmaster.service.PermanentService,com.cleanmaster.mguard:service,10138,653,94138,[STARTED],false,true,1,1,70608601,
1431950704252,com.google.android.music.dial.DialMediaRouteProviderService,com.google.android.music:main,10073,0,57202,[],false,true,0,0,57212,
1431950704252,ch.unige.css.services.PingService,ch.unige.ping,10149,1632,74449745,[STARTED],false,true,0,0,74449756,
1431950704252,com.google.android.search.core.service.BroadcastListenerService,com.google.android.googlequicksearchbox:search,10026,3168,75471,[STARTED],false,true,0,0,70525555,
1431950704252,com.android.systemui.keyguard.KeyguardService,com.android.systemui,10014,930,44352,[PERSISTENT],false,false,2,2,68066,
1431950704252,openiab.StoreService,cm.aptoide.pt,10148,0,54787,[],false,true,0,0,54797,
1431950704252,ch.unige.css.services.main.CssRegistryService,ch.unige.ping:background,10149,31837,60171236,[STARTED],false,true,0,0,60171508,
1431950704252,com.google.android.finsky.billing.iab.InAppBillingService,com.android.vending,10024,29546,70599330,[],false,true,1,1,70599340,
1431950704252,org.cyanogenmod.audiofx.HeadsetService,org.cyanogenmod.audiofx,10000,1289,67364,"[PERSISTENT,STARTED]",false,true,0,0,67374,
1431950764444,com.android.bluetooth.hid.HidService,com.android.bluetooth,1002,0,49150,[],false,true,0,0,49160,
1431950764444,com.cleanmaster.service.PermanentService,com.cleanmaster.mguard:service,10138,653,94138,[STARTED],false,true,1,1,70608601,
1431950764444,com.google.android.music.dial.DialMediaRouteProviderService,com.google.android.music:main,10073,0,57202,[],false,true,0,0,57212,
1431950764444,ch.unige.css.services.PingService,ch.unige.ping,10149,1632,74509955,[STARTED],false,true,0,0,74509965,
1431950764444,com.google.android.search.core.service.BroadcastListenerService,com.google.android.googlequicksearchbox:search,10026,3168,75471,[STARTED],false,true,0,0,70525555,
1431950764444,com.android.systemui.keyguard.KeyguardService,com.android.systemui,10014,930,44352,[PERSISTENT],false,false,2,2,68066,
1431950764444,openiab.StoreService,cm.aptoide.pt,10148,0,54787,[],false,true,0,0,54797,
1431950764444,ch.unige.css.services.main.CssRegistryService,ch.unige.ping:background,10149,31837,60171236,[STARTED],false,true,0,0,60171508,
1431950764444,com.google.android.finsky.billing.iab.InAppBillingService,com.android.vending,10024,29546,70599330,[],false,true,1,1,70599340,
1431950764444,org.cyanogenmod.audiofx.HeadsetService,org.cyanogenmod.audiofx,10000,1289,67364,"[PERSISTENT,STARTED]",false,true,0,0,67374,
1431950824580,com.android.bluetooth.hid.HidService,com.android.bluetooth,1002,0,49150,[],false,true,0,0,49160,
1431950824580,com.cleanmaster.service.PermanentService,com.cleanmaster.mguard:service,10138,653,94138,[STARTED],false,true,1,1,70608601,
1431950824580,com.google.android.music.dial.DialMediaRouteProviderService,com.google.android.music:main,10073,0,57202,[],false,true,0,0,57212,
1431950824580,ch.unige.css.services.PingService,ch.unige.ping,10149,1632,74570115,[STARTED],false,true,0,0,74570126,
1431950824580,com.google.android.search.core.service.BroadcastListenerService,com.google.android.googlequicksearchbox:search,10026,3168,75471,[STARTED],false,true,0,0,70525555,
1431950824580,com.android.systemui.keyguard.KeyguardService,com.android.systemui,10014,930,44352,[PERSISTENT],false,false,2,2,68066,
1431950824580,openiab.StoreService,cm.aptoide.pt,10148,0,54787,[],false,true,0,0,54797,
1431950824580,ch.unige.css.services.main.CssRegistryService,ch.unige.ping:background,10149,31837,60171236,[STARTED],false,true,0,0,60171508,
1431950824580,com.google.android.finsky.billing.iab.InAppBillingService,com.android.vending,10024,29546,70599330,[],false,true,1,1,70599340,
1431950824580,org.cyanogenmod.audiofx.HeadsetService,org.cyanogenmod.audiofx,10000,1289,67364,"[PERSISTENT,STARTED]",false,true,0,0,67374,
1431950914374,com.android.bluetooth.hid.HidService,com.android.bluetooth,1002,0,49150,[],false,true,0,0,49160,
1431950914374,com.cleanmaster.service.PermanentService,com.cleanmaster.mguard:service,10138,653,94138,[STARTED],false,true,1,1,70608601,
1431950914374,com.google.android.music.dial.DialMediaRouteProviderService,com.google.android.music:main,10073,0,57202,[],false,true,0,0,57212,
1431950914374,ch.unige.css.services.PingService,ch.unige.ping,10149,1632,74659909,[STARTED],false,true,0,0,74659920,
1431950914374,com.google.android.search.core.service.BroadcastListenerService,com.google.android.googlequicksearchbox:search,10026,3168,75471,[STARTED],false,true,0,0,70525555,
1431950914374,com.android.systemui.keyguard.KeyguardService,com.android.systemui,10014,930,44352,[PERSISTENT],false,false,2,2,68066,
1431950914374,openiab.StoreService,cm.aptoide.pt,10148,0,54787,[],false,true,0,0,54797,
1431950914374,ch.unige.css.services.main.CssRegistryService,ch.unige.ping:background,10149,31837,60171236,[STARTED],false,true,0,0,60171508,
1431950914374,com.google.android.finsky.billing.iab.InAppBillingService,com.android.vending,10024,29546,70599330,[],false,true,1,1,70599340,
1431950914374,org.cyanogenmod.audiofx.HeadsetService,org.cyanogenmod.audiofx,10000,1289,67364,"[PERSISTENT,STARTED]",false,true,0,0,67374,
1431950974587,com.android.bluetooth.hid.HidService,com.android.bluetooth,1002,0,49150,[],false,true,0,0,49160,
1431950974587,com.cleanmaster.service.PermanentService,com.cleanmaster.mguard:service,10138,653,94138,[STARTED],false,true,1,1,70608601,
1431950974587,com.google.android.music.dial.DialMediaRouteProviderService,com.google.android.music:main,10073,0,57202,[],false,true,0,0,57212,
1431950974587,ch.unige.css.services.PingService,ch.unige.ping,10149,1632,74720124,[STARTED],false,true,0,0,74720135,
1431950974587,com.google.android.search.core.service.BroadcastListenerService,com.google.android.googlequicksearchbox:search,10026,3168,75471,[STARTED],false,true,0,0,70525555,
1431950974587,com.android.systemui.keyguard.KeyguardService,com.android.systemui,10014,930,44352,[PERSISTENT],false,false,2,2,68066,
1431950974587,openiab.StoreService,cm.aptoide.pt,10148,0,54787,[],false,true,0,0,54797,
1431950974587,ch.unige.css.services.main.CssRegistryService,ch.unige.ping:background,10149,31837,60171236,[STARTED],false,true,0,0,60171508,
1431950974587,com.google.android.finsky.billing.iab.InAppBillingService,com.android.vending,10024,29546,70599330,[],false,true,1,1,70599340,
1431950974587,org.cyanogenmod.audiofx.HeadsetService,org.cyanogenmod.audiofx,10000,1289,67364,"[PERSISTENT,STARTED]",false,true,0,0,67374,
1431951034648,com.android.bluetooth.hid.HidService,com.android.bluetooth,1002,0,49150,[],false,true,0,0,49160,
1431951034648,com.cleanmaster.service.PermanentService,com.cleanmaster.mguard:service,10138,653,94138,[STARTED],false,true,1,1,74777221,
1431951034648,com.google.android.music.dial.DialMediaRouteProviderService,com.google.android.music:main,10073,0,57202,[],false,true,0,0,57212,
1431951034648,ch.unige.css.services.PingService,ch.unige.ping,10149,1632,74780198,[STARTED],false,true,0,0,74780209,
1431951034648,com.google.android.search.core.service.BroadcastListenerService,com.google.android.googlequicksearchbox:search,10026,3168,75471,[STARTED],false,true,0,0,70525555,
1431951034648,com.android.systemui.keyguard.KeyguardService,com.android.systemui,10014,930,44352,[PERSISTENT],false,false,2,2,68066,
1431951034648,openiab.StoreService,cm.aptoide.pt,10148,0,54787,[],false,true,0,0,54797,
1431951034648,ch.unige.css.services.main.CssRegistryService,ch.unige.ping:background,10149,31837,60171236,[STARTED],false,true,0,0,60171508,
1431951034648,com.google.android.finsky.billing.iab.InAppBillingService,com.android.vending,10024,29546,70599330,[],false,true,1,1,70599340,
1431951034648,org.cyanogenmod.audiofx.HeadsetService,org.cyanogenmod.audiofx,10000,1289,67364,"[PERSISTENT,STARTED]",false,true,0,0,67374,
1431951094821,com.android.bluetooth.hid.HidService,com.android.bluetooth,1002,0,49150,[],false,true,0,0,49160,
1431951094821,com.cleanmaster.service.PermanentService,com.cleanmaster.mguard:service,10138,653,94138,[STARTED],false,true,1,1,74777221,
1431951094821,com.google.android.music.dial.DialMediaRouteProviderService,com.google.android.music:main,10073,0,57202,[],false,true,0,0,57212,
1431951094821,ch.unige.css.services.PingService,ch.unige.ping,10149,1632,74840407,[STARTED],false,true,0,0,74840417,
1431951094821,com.google.android.search.core.service.BroadcastListenerService,com.google.android.googlequicksearchbox:search,10026,3168,75471,[STARTED],false,true,0,0,70525555,
1431951094821,com.android.systemui.keyguard.KeyguardService,com.android.systemui,10014,930,44352,[PERSISTENT],false,false,2,2,68066,
1431951094821,openiab.StoreService,cm.aptoide.pt,10148,0,54787,[],false,true,0,0,54797,
1431951094821,ch.unige.css.services.main.CssRegistryService,ch.unige.ping:background,10149,31837,60171236,[STARTED],false,true,0,0,60171508,
1431951094821,com.google.android.finsky.billing.iab.InAppBillingService,com.android.vending,10024,29546,70599330,[],false,true,1,1,70599340,
1431951094821,org.cyanogenmod.audiofx.HeadsetService,org.cyanogenmod.audiofx,10000,1289,67364,"[PERSISTENT,STARTED]",false,true,0,0,67374,
1431951154878,com.android.bluetooth.hid.HidService,com.android.bluetooth,1002,0,49150,[],false,true,0,0,49160,
1431951154878,com.cleanmaster.service.PermanentService,com.cleanmaster.mguard:service,10138,653,94138,[STARTED],false,true,1,1,74777221,
1431951154878,com.google.android.music.dial.DialMediaRouteProviderService,com.google.android.music:main,10073,0,57202,[],false,true,0,0,57212,
1431951154878,ch.unige.css.services.PingService,ch.unige.ping,10149,1632,74900444,[STARTED],false,true,0,0,74900455,
1431951154878,com.google.android.search.core.service.BroadcastListenerService,com.google.android.googlequicksearchbox:search,10026,3168,75471,[STARTED],false,true,0,0,70525555,
1431951154878,com.android.systemui.keyguard.KeyguardService,com.android.systemui,10014,930,44352,[PERSISTENT],false,false,2,2,68066,
1431951154878,openiab.StoreService,cm.aptoide.pt,10148,0,54787,[],false,true,0,0,54797,
1431951154878,ch.unige.css.services.main.CssRegistryService,ch.unige.ping:background,10149,31837,60171236,[STARTED],false,true,0,0,60171508,
1431951154878,com.google.android.finsky.billing.iab.InAppBillingService,com.android.vending,10024,29546,70599330,[],false,true,1,1,70599340,
1431951154878,org.cyanogenmod.audiofx.HeadsetService,org.cyanogenmod.audiofx,10000,1289,67364,"[PERSISTENT,STARTED]",false,true,0,0,67374,
1431951235306,com.android.bluetooth.hid.HidService,com.android.bluetooth,1002,0,49150,[],false,true,0,0,49160,
1431951235306,com.cleanmaster.service.PermanentService,com.cleanmaster.mguard:service,10138,653,94138,[STARTED],false,true,1,1,74777221,
1431951235306,com.google.android.music.dial.DialMediaRouteProviderService,com.google.android.music:main,10073,0,57202,[],false,true,0,0,57212,
1431951235306,ch.unige.css.services.PingService,ch.unige.ping,10149,1632,74980819,[STARTED],false,true,0,0,74980830,
1431951235306,com.google.android.search.core.service.BroadcastListenerService,com.google.android.googlequicksearchbox:search,10026,3168,75471,[STARTED],false,true,0,0,70525555,
1431951235306,com.android.systemui.keyguard.KeyguardService,com.android.systemui,10014,930,44352,[PERSISTENT],false,false,2,2,68066,
1431951235306,openiab.StoreService,cm.aptoide.pt,10148,0,54787,[],false,true,0,0,54797,
1431951235306,ch.unige.css.services.main.CssRegistryService,ch.unige.ping:background,10149,31837,60171236,[STARTED],false,true,0,0,60171508,
1431951235306,com.google.android.finsky.billing.iab.InAppBillingService,com.android.vending,10024,29546,70599330,[],false,true,1,1,70599340,
1431951235306,org.cyanogenmod.audiofx.HeadsetService,org.cyanogenmod.audiofx,10000,1289,67364,"[PERSISTENT,STARTED]",false,true,0,0,67374,
1431951295605,com.android.bluetooth.hid.HidService,com.android.bluetooth,1002,0,49150,[],false,true,0,0,49160,
1431951295605,com.cleanmaster.service.PermanentService,com.cleanmaster.mguard:service,10138,653,94138,[STARTED],false,true,1,1,74777221,
1431951295605,com.google.android.music.dial.DialMediaRouteProviderService,com.google.android.music:main,10073,0,57202,[],false,true,0,0,57212,
1431951295605,ch.unige.css.services.PingService,ch.unige.ping,10149,1632,75041151,[STARTED],false,true,0,0,75041162,
1431951295605,com.google.android.search.core.service.BroadcastListenerService,com.google.android.googlequicksearchbox:search,10026,3168,75471,[STARTED],false,true,0,0,70525555,
1431951295605,com.android.systemui.keyguard.KeyguardService,com.android.systemui,10014,930,44352,[PERSISTENT],false,false,2,2,68066,
1431951295605,openiab.StoreService,cm.aptoide.pt,10148,0,54787,[],false,true,0,0,54797,
1431951295605,ch.unige.css.services.main.CssRegistryService,ch.unige.ping:background,10149,31837,60171236,[STARTED],false,true,0,0,60171508,
1431951295605,com.google.android.finsky.billing.iab.InAppBillingService,com.android.vending,10024,29546,70599330,[],false,true,1,1,70599340,
1431951295605,org.cyanogenmod.audiofx.HeadsetService,org.cyanogenmod.audiofx,10000,1289,67364,"[PERSISTENT,STARTED]",false,true,0,0,67374,
1431951356005,com.android.bluetooth.hid.HidService,com.android.bluetooth,1002,0,49150,[],false,true,0,0,49160,
1431951356005,com.cleanmaster.service.PermanentService,com.cleanmaster.mguard:service,10138,653,94138,[STARTED],false,true,1,1,74777221,
1431951356005,com.google.android.music.dial.DialMediaRouteProviderService,com.google.android.music:main,10073,0,57202,[],false,true,0,0,57212,
1431951356005,ch.unige.css.services.PingService,ch.unige.ping,10149,1632,75101456,[STARTED],false,true,0,0,75101467,
1431951356005,com.google.android.search.core.service.BroadcastListenerService,com.google.android.googlequicksearchbox:search,10026,3168,75471,[STARTED],false,true,0,0,70525555,
1431951356005,com.android.systemui.keyguard.KeyguardService,com.android.systemui,10014,930,44352,[PERSISTENT],false,false,2,2,68066,
1431951356005,openiab.StoreService,cm.aptoide.pt,10148,0,54787,[],false,true,0,0,54797,
1431951356005,ch.unige.css.services.main.CssRegistryService,ch.unige.ping:background,10149,31837,60171236,[STARTED],false,true,0,0,60171508,
1431951356005,com.google.android.finsky.billing.iab.InAppBillingService,com.android.vending,10024,29546,70599330,[],false,true,1,1,70599340,
1431951356005,org.cyanogenmod.audiofx.HeadsetService,org.cyanogenmod.audiofx,10000,1289,67364,"[PERSISTENT,STARTED]",false,true,0,0,67374,
1431951416209,com.android.bluetooth.hid.HidService,com.android.bluetooth,1002,0,49150,[],false,true,0,0,49160,
1431951416209,com.cleanmaster.service.PermanentService,com.cleanmaster.mguard:service,10138,653,94138,[STARTED],false,true,1,1,74777221,
1431951416209,com.google.android.music.dial.DialMediaRouteProviderService,com.google.android.music:main,10073,0,57202,[],false,true,0,0,57212,
1431951416209,ch.unige.css.services.PingService,ch.unige.ping,10149,1632,75161767,[STARTED],false,true,0,0,75161778,
1431951416209,com.google.android.search.core.service.BroadcastListenerService,com.google.android.googlequicksearchbox:search,10026,3168,75471,[STARTED],false,true,0,0,70525555,
1431951416209,com.android.systemui.keyguard.KeyguardService,com.android.systemui,10014,930,44352,[PERSISTENT],false,false,2,2,68066,
1431951416209,openiab.StoreService,cm.aptoide.pt,10148,0,54787,[],false,true,0,0,54797,
1431951416209,ch.unige.css.services.main.CssRegistryService,ch.unige.ping:background,10149,31837,60171236,[STARTED],false,true,0,0,60171508,
1431951416209,com.google.android.finsky.billing.iab.InAppBillingService,com.android.vending,10024,29546,70599330,[],false,true,1,1,70599340,
1431951416209,org.cyanogenmod.audiofx.HeadsetService,org.cyanogenmod.audiofx,10000,1289,67364,"[PERSISTENT,STARTED]",false,true,0,0,67374,
1431951476610,com.android.bluetooth.hid.HidService,com.android.bluetooth,1002,0,49150,[],false,true,0,0,49160,
1431951476610,com.cleanmaster.service.PermanentService,com.cleanmaster.mguard:service,10138,653,94138,[STARTED],false,true,1,1,74777221,
1431951476610,com.google.android.music.dial.DialMediaRouteProviderService,com.google.android.music:main,10073,0,57202,[],false,true,0,0,57212,
1431951476610,ch.unige.css.services.PingService,ch.unige.ping,10149,1632,75222149,[STARTED],false,true,0,0,75222160,
1431951476610,com.google.android.search.core.service.BroadcastListenerService,com.google.android.googlequicksearchbox:search,10026,3168,75471,[STARTED],false,true,0,0,70525555,
1431951476610,com.android.systemui.keyguard.KeyguardService,com.android.systemui,10014,930,44352,[PERSISTENT],false,false,2,2,68066,
1431951476610,openiab.StoreService,cm.aptoide.pt,10148,0,54787,[],false,true,0,0,54797,
1431951476610,ch.unige.css.services.main.CssRegistryService,ch.unige.ping:background,10149,31837,60171236,[STARTED],false,true,0,0,60171508,
1431951476610,com.google.android.finsky.billing.iab.InAppBillingService,com.android.vending,10024,29546,70599330,[],false,true,1,1,70599340,
1431951476610,org.cyanogenmod.audiofx.HeadsetService,org.cyanogenmod.audiofx,10000,1289,67364,"[PERSISTENT,STARTED]",false,true,0,0,67374,
1431951537013,com.android.bluetooth.hid.HidService,com.android.bluetooth,1002,0,49150,[],false,true,0,0,49160,
1431951537013,com.cleanmaster.service.PermanentService,com.cleanmaster.mguard:service,10138,653,94138,[STARTED],false,true,1,1,74777221,
1431951537013,com.google.android.music.dial.DialMediaRouteProviderService,com.google.android.music:main,10073,0,57202,[],false,true,0,0,57212,
1431951537013,ch.unige.css.services.PingService,ch.unige.ping,10149,1632,75282570,[STARTED],false,true,0,0,75282581,
1431951537013,com.google.android.search.core.service.BroadcastListenerService,com.google.android.googlequicksearchbox:search,10026,3168,75471,[STARTED],false,true,0,0,70525555,
1431951537013,com.android.systemui.keyguard.KeyguardService,com.android.systemui,10014,930,44352,[PERSISTENT],false,false,2,2,68066,
1431951537013,openiab.StoreService,cm.aptoide.pt,10148,0,54787,[],false,true,0,0,54797,
1431951537013,ch.unige.css.services.main.CssRegistryService,ch.unige.ping:background,10149,31837,60171236,[STARTED],false,true,0,0,60171508,
1431951537013,com.google.android.finsky.billing.iab.InAppBillingService,com.android.vending,10024,29546,70599330,[],false,true,1,1,70599340,
1431951537013,org.cyanogenmod.audiofx.HeadsetService,org.cyanogenmod.audiofx,10000,1289,67364,"[PERSISTENT,STARTED]",false,true,0,0,67374,
1431951597290,com.android.bluetooth.hid.HidService,com.android.bluetooth,1002,0,49150,[],false,true,0,0,49160,
1431951597290,com.cleanmaster.service.PermanentService,com.cleanmaster.mguard:service,10138,653,94138,[STARTED],false,true,1,1,74777221,
1431951597290,com.google.android.music.dial.DialMediaRouteProviderService,com.google.android.music:main,10073,0,57202,[],false,true,0,0,57212,
1431951597290,ch.unige.css.services.PingService,ch.unige.ping,10149,1632,75342835,[STARTED],false,true,0,0,75342846,
1431951597290,com.google.android.search.core.service.BroadcastListenerService,com.google.android.googlequicksearchbox:search,10026,3168,75471,[STARTED],false,true,0,0,70525555,
1431951597290,com.android.systemui.keyguard.KeyguardService,com.android.systemui,10014,930,44352,[PERSISTENT],false,false,2,2,68066,
1431951597290,openiab.StoreService,cm.aptoide.pt,10148,0,54787,[],false,true,0,0,54797,
1431951597290,ch.unige.css.services.main.CssRegistryService,ch.unige.ping:background,10149,31837,60171236,[STARTED],false,true,0,0,60171508,
1431951597290,com.google.android.finsky.billing.iab.InAppBillingService,com.android.vending,10024,29546,70599330,[],false,true,1,1,70599340,
1431951597290,org.cyanogenmod.audiofx.HeadsetService,org.cyanogenmod.audiofx,10000,1289,67364,"[PERSISTENT,STARTED]",false,true,0,0,67374,
1431951657698,com.android.bluetooth.hid.HidService,com.android.bluetooth,1002,0,49150,[],false,true,0,0,49160,
1431951657698,com.cleanmaster.service.PermanentService,com.cleanmaster.mguard:service,10138,653,94138,[STARTED],false,true,1,1,74777221,
1431951657698,com.google.android.music.dial.DialMediaRouteProviderService,com.google.android.music:main,10073,0,57202,[],false,true,0,0,57212,
1431951657698,ch.unige.css.services.PingService,ch.unige.ping,10149,1632,75403280,[STARTED],false,true,0,0,75403291,
1431951657698,com.google.android.search.core.service.BroadcastListenerService,com.google.android.googlequicksearchbox:search,10026,3168,75471,[STARTED],false,true,0,0,70525555,
1431951657698,com.android.systemui.keyguard.KeyguardService,com.android.systemui,10014,930,44352,[PERSISTENT],false,false,2,2,68066,
1431951657698,openiab.StoreService,cm.aptoide.pt,10148,0,54787,[],false,true,0,0,54797,
1431951657698,ch.unige.css.services.main.CssRegistryService,ch.unige.ping:background,10149,31837,60171236,[STARTED],false,true,0,0,60171508,
1431951657698,com.google.android.finsky.billing.iab.InAppBillingService,com.android.vending,10024,29546,70599330,[],false,true,1,1,70599340,
1431951657698,org.cyanogenmod.audiofx.HeadsetService,org.cyanogenmod.audiofx,10000,1289,67364,"[PERSISTENT,STARTED]",false,true,0,0,67374,
1431951717985,com.android.bluetooth.hid.HidService,com.android.bluetooth,1002,0,49150,[],false,true,0,0,49160,
1431951717985,com.cleanmaster.service.PermanentService,com.cleanmaster.mguard:service,10138,653,94138,[STARTED],false,true,1,1,74777221,
1431951717985,com.google.android.music.dial.DialMediaRouteProviderService,com.google.android.music:main,10073,0,57202,[],false,true,0,0,57212,
1431951717985,ch.unige.css.services.PingService,ch.unige.ping,10149,1632,75463504,[STARTED],false,true,0,0,75463515,
1431951717985,com.google.android.search.core.service.BroadcastListenerService,com.google.android.googlequicksearchbox:search,10026,3168,75471,[STARTED],false,true,0,0,70525555,
1431951717985,com.android.systemui.keyguard.KeyguardService,com.android.systemui,10014,930,44352,[PERSISTENT],false,false,2,2,68066,
1431951717985,openiab.StoreService,cm.aptoide.pt,10148,0,54787,[],false,true,0,0,54797,
1431951717985,ch.unige.css.services.main.CssRegistryService,ch.unige.ping:background,10149,31837,60171236,[STARTED],false,true,0,0,60171508,
1431951717985,com.google.android.finsky.billing.iab.InAppBillingService,com.android.vending,10024,29546,70599330,[],false,true,1,1,70599340,
1431951717985,org.cyanogenmod.audiofx.HeadsetService,org.cyanogenmod.audiofx,10000,1289,67364,"[PERSISTENT,STARTED]",false,true,0,0,67374,
1431951778268,com.android.bluetooth.hid.HidService,com.android.bluetooth,1002,0,49150,[],false,true,0,0,49160,
1431951778268,com.cleanmaster.service.PermanentService,com.cleanmaster.mguard:service,10138,653,94138,[STARTED],false,true,1,1,74777221,
1431951778268,com.google.android.music.dial.DialMediaRouteProviderService,com.google.android.music:main,10073,0,57202,[],false,true,0,0,57212,
1431951778268,ch.unige.css.services.PingService,ch.unige.ping,10149,1632,75523797,[STARTED],false,true,0,0,75523808,
1431951778268,com.google.android.search.core.service.BroadcastListenerService,com.google.android.googlequicksearchbox:search,10026,3168,75471,[STARTED],false,true,0,0,70525555,
1431951778268,com.android.systemui.keyguard.KeyguardService,com.android.systemui,10014,930,44352,[PERSISTENT],false,false,2,2,68066,
1431951778268,openiab.StoreService,cm.aptoide.pt,10148,0,54787,[],false,true,0,0,54797,
1431951778268,ch.unige.css.services.main.CssRegistryService,ch.unige.ping:background,10149,31837,60171236,[STARTED],false,true,0,0,60171508,
1431951778268,com.google.android.finsky.billing.iab.InAppBillingService,com.android.vending,10024,29546,70599330,[],false,true,1,1,70599340,
1431951778268,org.cyanogenmod.audiofx.HeadsetService,org.cyanogenmod.audiofx,10000,1289,67364,"[PERSISTENT,STARTED]",false,true,0,0,67374,
1431951838561,com.android.bluetooth.hid.HidService,com.android.bluetooth,1002,0,49150,[],false,true,0,0,49160,
1431951838561,com.cleanmaster.service.PermanentService,com.cleanmaster.mguard:service,10138,653,94138,[STARTED],false,true,1,1,74777221,
1431951838561,com.google.android.music.dial.DialMediaRouteProviderService,com.google.android.music:main,10073,0,57202,[],false,true,0,0,57212,
1431951838561,ch.unige.css.services.PingService,ch.unige.ping,10149,1632,75584098,[STARTED],false,true,0,0,75584109,
1431951838561,com.google.android.search.core.service.BroadcastListenerService,com.google.android.googlequicksearchbox:search,10026,3168,75471,[STARTED],false,true,0,0,70525555,
1431951838561,com.android.systemui.keyguard.KeyguardService,com.android.systemui,10014,930,44352,[PERSISTENT],false,false,2,2,68066,
1431951838561,openiab.StoreService,cm.aptoide.pt,10148,0,54787,[],false,true,0,0,54797,
1431951838561,ch.unige.css.services.main.CssRegistryService,ch.unige.ping:background,10149,31837,60171236,[STARTED],false,true,0,0,60171508,
1431951838561,com.google.android.finsky.billing.iab.InAppBillingService,com.android.vending,10024,29546,70599330,[],false,true,1,1,70599340,
1431951838561,org.cyanogenmod.audiofx.HeadsetService,org.cyanogenmod.audiofx,10000,1289,67364,"[PERSISTENT,STARTED]",false,true,0,0,67374,
1431951899032,com.android.bluetooth.hid.HidService,com.android.bluetooth,1002,0,49150,[],false,true,0,0,49160,
1431951899032,com.cleanmaster.service.PermanentService,com.cleanmaster.mguard:service,10138,653,94138,[STARTED],false,true,1,1,74777221,
1431951899032,com.google.android.music.dial.DialMediaRouteProviderService,com.google.android.music:main,10073,0,57202,[],false,true,0,0,57212,
1431951899032,ch.unige.css.services.PingService,ch.unige.ping,10149,1632,75644522,[STARTED],false,true,0,0,75644533,
1431951899032,com.google.android.search.core.service.BroadcastListenerService,com.google.android.googlequicksearchbox:search,10026,3168,75471,[STARTED],false,true,0,0,70525555,
1431951899032,com.android.systemui.keyguard.KeyguardService,com.android.systemui,10014,930,44352,[PERSISTENT],false,false,2,2,68066,
1431951899032,openiab.StoreService,cm.aptoide.pt,10148,0,54787,[],false,true,0,0,54797,
1431951899032,ch.unige.css.services.main.CssRegistryService,ch.unige.ping:background,10149,31837,60171236,[STARTED],false,true,0,0,60171508,
1431951899032,org.cyanogenmod.audiofx.HeadsetService,org.cyanogenmod.audiofx,10000,1289,67364,"[PERSISTENT,STARTED]",false,true,0,0,67374,
1431951899032,com.whatsapp.messaging.MessageService,com.whatsapp,10110,2813,67811,[STARTED],false,true,1,1,70506826,
1431951959819,com.android.bluetooth.hid.HidService,com.android.bluetooth,1002,0,49150,[],false,true,0,0,49160,
1431951959819,com.cleanmaster.service.PermanentService,com.cleanmaster.mguard:service,10138,653,94138,[STARTED],false,true,1,1,74777221,
1431951959819,com.google.android.music.dial.DialMediaRouteProviderService,com.google.android.music:main,10073,0,57202,[],false,true,0,0,57212,
1431951959819,ch.unige.css.services.PingService,ch.unige.ping,10149,1632,75705357,[STARTED],false,true,0,0,75705368,
1431951959819,com.google.android.search.core.service.BroadcastListenerService,com.google.android.googlequicksearchbox:search,10026,3168,75471,[STARTED],false,true,0,0,70525555,
1431951959819,com.android.systemui.keyguard.KeyguardService,com.android.systemui,10014,930,44352,[PERSISTENT],false,false,2,2,68066,
1431951959819,openiab.StoreService,cm.aptoide.pt,10148,0,54787,[],false,true,0,0,54797,
1431951959819,ch.unige.css.services.main.CssRegistryService,ch.unige.ping:background,10149,31837,60171236,[STARTED],false,true,0,0,60171508,
1431951959819,com.google.android.finsky.billing.iab.InAppBillingService,com.android.vending,10024,10574,75644958,[],false,true,1,1,75645955,
1431951959819,org.cyanogenmod.audiofx.HeadsetService,org.cyanogenmod.audiofx,10000,1289,67364,"[PERSISTENT,STARTED]",false,true,0,0,67374,
1431952020205,com.android.bluetooth.hid.HidService,com.android.bluetooth,1002,0,49150,[],false,true,0,0,49160,
1431952020205,com.cleanmaster.service.PermanentService,com.cleanmaster.mguard:service,10138,653,94138,[STARTED],false,true,1,1,74777221,
1431952020205,com.google.android.music.dial.DialMediaRouteProviderService,com.google.android.music:main,10073,0,57202,[],false,true,0,0,57212,
1431952020205,ch.unige.css.services.PingService,ch.unige.ping,10149,1632,75765718,[STARTED],false,true,0,0,75765729,
1431952020205,com.google.android.search.core.service.BroadcastListenerService,com.google.android.googlequicksearchbox:search,10026,3168,75471,[STARTED],false,true,0,0,70525555,
1431952020205,com.android.systemui.keyguard.KeyguardService,com.android.systemui,10014,930,44352,[PERSISTENT],false,false,2,2,68066,
1431952020205,openiab.StoreService,cm.aptoide.pt,10148,0,54787,[],false,true,0,0,54797,
1431952020205,ch.unige.css.services.main.CssRegistryService,ch.unige.ping:background,10149,31837,60171236,[STARTED],false,true,0,0,60171508,
1431952020205,com.google.android.finsky.billing.iab.InAppBillingService,com.android.vending,10024,10574,75644958,[],false,true,1,1,75645955,
1431952020205,org.cyanogenmod.audiofx.HeadsetService,org.cyanogenmod.audiofx,10000,1289,67364,"[PERSISTENT,STARTED]",false,true,0,0,67374,
1431952080561,com.android.bluetooth.hid.HidService,com.android.bluetooth,1002,0,49150,[],false,true,0,0,49160,
1431952080561,com.cleanmaster.service.PermanentService,com.cleanmaster.mguard:service,10138,653,94138,[STARTED],false,true,1,1,74777221,
1431952080561,com.google.android.music.dial.DialMediaRouteProviderService,com.google.android.music:main,10073,0,57202,[],false,true,0,0,57212,
1431952080561,ch.unige.css.services.PingService,ch.unige.ping,10149,1632,75826055,[STARTED],false,true,0,0,75826066,
1431952080561,com.google.android.search.core.service.BroadcastListenerService,com.google.android.googlequicksearchbox:search,10026,3168,75471,[STARTED],false,true,0,0,70525555,
1431952080561,com.android.systemui.keyguard.KeyguardService,com.android.systemui,10014,930,44352,[PERSISTENT],false,false,2,2,68066,
1431952080561,openiab.StoreService,cm.aptoide.pt,10148,0,54787,[],false,true,0,0,54797,
1431952080561,ch.unige.css.services.main.CssRegistryService,ch.unige.ping:background,10149,31837,60171236,[STARTED],false,true,0,0,60171508,
1431952080561,com.google.android.finsky.billing.iab.InAppBillingService,com.android.vending,10024,10574,75644958,[],false,true,1,1,75645955,
1431952080561,org.cyanogenmod.audiofx.HeadsetService,org.cyanogenmod.audiofx,10000,1289,67364,"[PERSISTENT,STARTED]",false,true,0,0,67374,
1431952140803,com.android.bluetooth.hid.HidService,com.android.bluetooth,1002,0,49150,[],false,true,0,0,49160,
1431952140803,com.cleanmaster.service.PermanentService,com.cleanmaster.mguard:service,10138,653,94138,[STARTED],false,true,1,1,74777221,
1431952140803,com.google.android.music.dial.DialMediaRouteProviderService,com.google.android.music:main,10073,0,57202,[],false,true,0,0,57212,
1431952140803,ch.unige.css.services.PingService,ch.unige.ping,10149,1632,75886339,[STARTED],false,true,0,0,75886350,
1431952140803,com.google.android.search.core.service.BroadcastListenerService,com.google.android.googlequicksearchbox:search,10026,3168,75471,[STARTED],false,true,0,0,70525555,
1431952140803,com.android.systemui.keyguard.KeyguardService,com.android.systemui,10014,930,44352,[PERSISTENT],false,false,2,2,68066,
1431952140803,openiab.StoreService,cm.aptoide.pt,10148,0,54787,[],false,true,0,0,54797,
1431952140803,ch.unige.css.services.main.CssRegistryService,ch.unige.ping:background,10149,31837,60171236,[STARTED],false,true,0,0,60171508,
1431952140803,com.google.android.finsky.billing.iab.InAppBillingService,com.android.vending,10024,10574,75644958,[],false,true,1,1,75645955,
1431952140803,org.cyanogenmod.audiofx.HeadsetService,org.cyanogenmod.audiofx,10000,1289,67364,"[PERSISTENT,STARTED]",false,true,0,0,67374,
1431952200871,com.android.bluetooth.hid.HidService,com.android.bluetooth,1002,0,49150,[],false,true,0,0,49160,
1431952200871,com.cleanmaster.service.PermanentService,com.cleanmaster.mguard:service,10138,653,94138,[STARTED],false,true,1,1,74777221,
1431952200871,com.google.android.music.dial.DialMediaRouteProviderService,com.google.android.music:main,10073,0,57202,[],false,true,0,0,57212,
1431952200871,ch.unige.css.services.PingService,ch.unige.ping,10149,1632,75946438,[STARTED],false,true,0,0,75946449,
1431952200871,com.google.android.search.core.service.BroadcastListenerService,com.google.android.googlequicksearchbox:search,10026,3168,75471,[STARTED],false,true,0,0,70525555,
1431952200871,com.android.systemui.keyguard.KeyguardService,com.android.systemui,10014,930,44352,[PERSISTENT],false,false,2,2,68066,
1431952200871,openiab.StoreService,cm.aptoide.pt,10148,0,54787,[],false,true,0,0,54797,
1431952200871,ch.unige.css.services.main.CssRegistryService,ch.unige.ping:background,10149,31837,60171236,[STARTED],false,true,0,0,60171508,
1431952200871,com.google.android.finsky.billing.iab.InAppBillingService,com.android.vending,10024,10574,75644958,[],false,true,1,1,75645955,
1431952200871,org.cyanogenmod.audiofx.HeadsetService,org.cyanogenmod.audiofx,10000,1289,67364,"[PERSISTENT,STARTED]",false,true,0,0,67374,
1431952261717,com.android.bluetooth.hid.HidService,com.android.bluetooth,1002,0,49150,[],false,true,0,0,49160,
1431952261717,com.cleanmaster.service.PermanentService,com.cleanmaster.mguard:service,10138,653,94138,[STARTED],false,true,1,1,74777221,
1431952261717,com.google.android.music.dial.DialMediaRouteProviderService,com.google.android.music:main,10073,0,57202,[],false,true,0,0,57212,
1431952261717,ch.unige.css.services.PingService,ch.unige.ping,10149,1632,76007219,[STARTED],false,true,0,0,76007230,
1431952261717,com.google.android.search.core.service.BroadcastListenerService,com.google.android.googlequicksearchbox:search,10026,3168,75471,[STARTED],false,true,0,0,70525555,
1431952261717,com.android.systemui.keyguard.KeyguardService,com.android.systemui,10014,930,44352,[PERSISTENT],false,false,2,2,68066,
1431952261717,openiab.StoreService,cm.aptoide.pt,10148,0,54787,[],false,true,0,0,54797,
1431952261717,ch.unige.css.services.main.CssRegistryService,ch.unige.ping:background,10149,31837,60171236,[STARTED],false,true,0,0,60171508,
1431952261717,com.google.android.finsky.billing.iab.InAppBillingService,com.android.vending,10024,10574,75644958,[],false,true,1,1,75645955,
1431952261717,org.cyanogenmod.audiofx.HeadsetService,org.cyanogenmod.audiofx,10000,1289,67364,"[PERSISTENT,STARTED]",false,true,0,0,67374,
1431952321755,com.android.bluetooth.hid.HidService,com.android.bluetooth,1002,0,49150,[],false,true,0,0,49160,
1431952321755,com.cleanmaster.service.PermanentService,com.cleanmaster.mguard:service,10138,653,94138,[STARTED],false,true,1,1,74777221,
1431952321755,com.google.android.music.dial.DialMediaRouteProviderService,com.google.android.music:main,10073,0,57202,[],false,true,0,0,57212,
1431952321755,ch.unige.css.services.PingService,ch.unige.ping,10149,1632,76067297,[STARTED],false,true,0,0,76067308,
1431952321755,com.google.android.search.core.service.BroadcastListenerService,com.google.android.googlequicksearchbox:search,10026,3168,75471,[STARTED],false,true,0,0,70525555,
1431952321755,com.android.systemui.keyguard.KeyguardService,com.android.systemui,10014,930,44352,[PERSISTENT],false,false,2,2,68066,
1431952321755,openiab.StoreService,cm.aptoide.pt,10148,0,54787,[],false,true,0,0,54797,
1431952321755,ch.unige.css.services.main.CssRegistryService,ch.unige.ping:background,10149,31837,60171236,[STARTED],false,true,0,0,60171508,
1431952321755,com.google.android.finsky.billing.iab.InAppBillingService,com.android.vending,10024,10574,75644958,[],false,true,1,1,75645955,
1431952321755,org.cyanogenmod.audiofx.HeadsetService,org.cyanogenmod.audiofx,10000,1289,67364,"[PERSISTENT,STARTED]",false,true,0,0,67374,
1431952382194,com.android.bluetooth.hid.HidService,com.android.bluetooth,1002,0,49150,[],false,true,0,0,49160,
1431952382194,com.cleanmaster.service.PermanentService,com.cleanmaster.mguard:service,10138,653,94138,[STARTED],false,true,1,1,74777221,
1431952382194,com.google.android.music.dial.DialMediaRouteProviderService,com.google.android.music:main,10073,0,57202,[],false,true,0,0,57212,
1431952382194,ch.unige.css.services.PingService,ch.unige.ping,10149,1632,76127755,[STARTED],false,true,0,0,76127766,
1431952382194,com.google.android.search.core.service.BroadcastListenerService,com.google.android.googlequicksearchbox:search,10026,3168,75471,[STARTED],false,true,0,0,70525555,
1431952382194,com.android.systemui.keyguard.KeyguardService,com.android.systemui,10014,930,44352,[PERSISTENT],false,false,2,2,68066,
1431952382194,openiab.StoreService,cm.aptoide.pt,10148,0,54787,[],false,true,0,0,54797,
1431952382194,ch.unige.css.services.main.CssRegistryService,ch.unige.ping:background,10149,31837,60171236,[STARTED],false,true,0,0,60171508,
1431952382194,com.google.android.finsky.billing.iab.InAppBillingService,com.android.vending,10024,10574,75644958,[],false,true,1,1,75645955,
1431952382194,org.cyanogenmod.audiofx.HeadsetService,org.cyanogenmod.audiofx,10000,1289,67364,"[PERSISTENT,STARTED]",false,true,0,0,67374,
1431952442455,com.android.bluetooth.hid.HidService,com.android.bluetooth,1002,0,49150,[],false,true,0,0,49160,
1431952442455,com.cleanmaster.service.PermanentService,com.cleanmaster.mguard:service,10138,653,94138,[STARTED],false,true,1,1,74777221,
1431952442455,com.google.android.music.dial.DialMediaRouteProviderService,com.google.android.music:main,10073,0,57202,[],false,true,0,0,57212,
1431952442455,ch.unige.css.services.PingService,ch.unige.ping,10149,1632,76188000,[STARTED],false,true,0,0,76188011,
1431952442455,com.google.android.search.core.service.BroadcastListenerService,com.google.android.googlequicksearchbox:search,10026,3168,75471,[STARTED],false,true,0,0,70525555,
1431952442455,com.android.systemui.keyguard.KeyguardService,com.android.systemui,10014,930,44352,[PERSISTENT],false,false,2,2,68066,
1431952442455,openiab.StoreService,cm.aptoide.pt,10148,0,54787,[],false,true,0,0,54797,
1431952442455,ch.unige.css.services.main.CssRegistryService,ch.unige.ping:background,10149,31837,60171236,[STARTED],false,true,0,0,60171508,
1431952442455,com.google.android.finsky.billing.iab.InAppBillingService,com.android.vending,10024,10574,75644958,[],false,true,1,1,75645955,
1431952442455,org.cyanogenmod.audiofx.HeadsetService,org.cyanogenmod.audiofx,10000,1289,67364,"[PERSISTENT,STARTED]",false,true,0,0,67374,
1431952502574,com.android.bluetooth.hid.HidService,com.android.bluetooth,1002,0,49150,[],false,true,0,0,49160,
1431952502574,com.cleanmaster.service.PermanentService,com.cleanmaster.mguard:service,10138,653,94138,[STARTED],false,true,1,1,74777221,
1431952502574,com.google.android.music.dial.DialMediaRouteProviderService,com.google.android.music:main,10073,0,57202,[],false,true,0,0,57212,
1431952502574,ch.unige.css.services.PingService,ch.unige.ping,10149,1632,76248110,[STARTED],false,true,0,0,76248121,
1431952502574,com.google.android.search.core.service.BroadcastListenerService,com.google.android.googlequicksearchbox:search,10026,3168,75471,[STARTED],false,true,0,0,70525555,
1431952502574,com.android.systemui.keyguard.KeyguardService,com.android.systemui,10014,930,44352,[PERSISTENT],false,false,2,2,68066,
1431952502574,openiab.StoreService,cm.aptoide.pt,10148,0,54787,[],false,true,0,0,54797,
1431952502574,ch.unige.css.services.main.CssRegistryService,ch.unige.ping:background,10149,31837,60171236,[STARTED],false,true,0,0,60171508,
1431952502574,com.google.android.finsky.billing.iab.InAppBillingService,com.android.vending,10024,10574,75644958,[],false,true,1,1,75645955,
1431952502574,org.cyanogenmod.audiofx.HeadsetService,org.cyanogenmod.audiofx,10000,1289,67364,"[PERSISTENT,STARTED]",false,true,0,0,67374,
1431952562876,com.android.bluetooth.hid.HidService,com.android.bluetooth,1002,0,49150,[],false,true,0,0,49160,
1431952562876,com.cleanmaster.service.PermanentService,com.cleanmaster.mguard:service,10138,653,94138,[STARTED],false,true,1,1,74777221,
1431952562876,com.google.android.music.dial.DialMediaRouteProviderService,com.google.android.music:main,10073,0,57202,[],false,true,0,0,57212,
1431952562876,ch.unige.css.services.PingService,ch.unige.ping,10149,1632,76308406,[STARTED],false,true,0,0,76308417,
1431952562876,com.google.android.search.core.service.BroadcastListenerService,com.google.android.googlequicksearchbox:search,10026,3168,75471,[STARTED],false,true,0,0,70525555,
1431952562876,com.android.systemui.keyguard.KeyguardService,com.android.systemui,10014,930,44352,[PERSISTENT],false,false,2,2,68066,
1431952562876,openiab.StoreService,cm.aptoide.pt,10148,0,54787,[],false,true,0,0,54797,
1431952562876,ch.unige.css.services.main.CssRegistryService,ch.unige.ping:background,10149,31837,60171236,[STARTED],false,true,0,0,60171508,
1431952562876,com.google.android.finsky.billing.iab.InAppBillingService,com.android.vending,10024,10574,75644958,[],false,true,1,1,75645955,
1431952562876,org.cyanogenmod.audiofx.HeadsetService,org.cyanogenmod.audiofx,10000,1289,67364,"[PERSISTENT,STARTED]",false,true,0,0,67374,
1431952623190,com.android.bluetooth.hid.HidService,com.android.bluetooth,1002,0,49150,[],false,true,0,0,49160,
1431952623190,com.cleanmaster.service.PermanentService,com.cleanmaster.mguard:service,10138,653,94138,[STARTED],false,true,1,1,74777221,
1431952623190,com.google.android.music.dial.DialMediaRouteProviderService,com.google.android.music:main,10073,0,57202,[],false,true,0,0,57212,
1431952623190,ch.unige.css.services.PingService,ch.unige.ping,10149,1632,76368704,[STARTED],false,true,0,0,76368715,
1431952623190,com.google.android.search.core.service.BroadcastListenerService,com.google.android.googlequicksearchbox:search,10026,3168,75471,[STARTED],false,true,0,0,70525555,
1431952623190,com.android.systemui.keyguard.KeyguardService,com.android.systemui,10014,930,44352,[PERSISTENT],false,false,2,2,68066,
1431952623190,openiab.StoreService,cm.aptoide.pt,10148,0,54787,[],false,true,0,0,54797,
1431952623190,ch.unige.css.services.main.CssRegistryService,ch.unige.ping:background,10149,31837,60171236,[STARTED],false,true,0,0,60171508,
1431952623190,com.google.android.finsky.billing.iab.InAppBillingService,com.android.vending,10024,10574,75644958,[],false,true,1,1,75645955,
1431952623190,org.cyanogenmod.audiofx.HeadsetService,org.cyanogenmod.audiofx,10000,1289,67364,"[PERSISTENT,STARTED]",false,true,0,0,67374,
1431952683178,com.android.bluetooth.hid.HidService,com.android.bluetooth,1002,0,49150,[],false,true,0,0,49160,
1431952683178,com.cleanmaster.service.PermanentService,com.cleanmaster.mguard:service,10138,653,94138,[STARTED],false,true,1,1,74777221,
1431952683178,com.google.android.music.dial.DialMediaRouteProviderService,com.google.android.music:main,10073,0,57202,[],false,true,0,0,57212,
1431952683178,ch.unige.css.services.PingService,ch.unige.ping,10149,1632,76428744,[STARTED],false,true,0,0,76428755,
1431952683178,com.google.android.search.core.service.BroadcastListenerService,com.google.android.googlequicksearchbox:search,10026,3168,75471,[STARTED],false,true,0,0,70525555,
1431952683178,com.android.systemui.keyguard.KeyguardService,com.android.systemui,10014,930,44352,[PERSISTENT],false,false,2,2,68066,
1431952683178,openiab.StoreService,cm.aptoide.pt,10148,0,54787,[],false,true,0,0,54797,
1431952683178,ch.unige.css.services.main.CssRegistryService,ch.unige.ping:background,10149,31837,60171236,[STARTED],false,true,0,0,60171508,
1431952683178,com.google.android.finsky.billing.iab.InAppBillingService,com.android.vending,10024,10574,75644958,[],false,true,1,1,75645955,
1431952683178,org.cyanogenmod.audiofx.HeadsetService,org.cyanogenmod.audiofx,10000,1289,67364,"[PERSISTENT,STARTED]",false,true,0,0,67374,
1431952743217,com.android.bluetooth.hid.HidService,com.android.bluetooth,1002,0,49150,[],false,true,0,0,49160,
1431952743217,com.cleanmaster.service.PermanentService,com.cleanmaster.mguard:service,10138,653,94138,[STARTED],false,true,1,1,74777221,
1431952743217,com.google.android.music.dial.DialMediaRouteProviderService,com.google.android.music:main,10073,0,57202,[],false,true,0,0,57212,
1431952743217,ch.unige.css.services.PingService,ch.unige.ping,10149,1632,76488789,[STARTED],false,true,0,0,76488799,
1431952743217,com.google.android.search.core.service.BroadcastListenerService,com.google.android.googlequicksearchbox:search,10026,3168,75471,[STARTED],false,true,0,0,70525555,
1431952743217,com.android.systemui.keyguard.KeyguardService,com.android.systemui,10014,930,44352,[PERSISTENT],false,false,2,2,68066,
1431952743217,openiab.StoreService,cm.aptoide.pt,10148,0,54787,[],false,true,0,0,54797,
1431952743217,ch.unige.css.services.main.CssRegistryService,ch.unige.ping:background,10149,31837,60171236,[STARTED],false,true,0,0,60171508,
1431952743217,com.google.android.finsky.billing.iab.InAppBillingService,com.android.vending,10024,10574,75644958,[],false,true,1,1,75645955,
1431952743217,org.cyanogenmod.audiofx.HeadsetService,org.cyanogenmod.audiofx,10000,1289,67364,"[PERSISTENT,STARTED]",false,true,0,0,67374,
1431952803282,com.android.bluetooth.hid.HidService,com.android.bluetooth,1002,0,49150,[],false,true,0,0,49160,
1431952803282,com.cleanmaster.service.PermanentService,com.cleanmaster.mguard:service,10138,653,94138,[STARTED],false,true,1,1,76539007,
1431952803282,com.google.android.music.dial.DialMediaRouteProviderService,com.google.android.music:main,10073,0,57202,[],false,true,0,0,57212,
1431952803282,ch.unige.css.services.PingService,ch.unige.ping,10149,1632,76548844,[STARTED],false,true,0,0,76548855,
1431952803282,com.google.android.search.core.service.BroadcastListenerService,com.google.android.googlequicksearchbox:search,10026,3168,75471,[STARTED],false,true,0,0,70525555,
1431952803282,com.android.systemui.keyguard.KeyguardService,com.android.systemui,10014,930,44352,[PERSISTENT],false,false,2,2,68066,
1431952803282,openiab.StoreService,cm.aptoide.pt,10148,0,54787,[],false,true,0,0,54797,
1431952803282,ch.unige.css.services.main.CssRegistryService,ch.unige.ping:background,10149,31837,60171236,[STARTED],false,true,0,0,60171508,
1431952803282,com.google.android.finsky.billing.iab.InAppBillingService,com.android.vending,10024,10574,75644958,[],false,true,1,1,75645955,
1431952803282,org.cyanogenmod.audiofx.HeadsetService,org.cyanogenmod.audiofx,10000,1289,67364,"[PERSISTENT,STARTED]",false,true,0,0,67374,
1431952863512,com.android.bluetooth.hid.HidService,com.android.bluetooth,1002,0,49150,[],false,true,0,0,49160,
1431952863512,com.cleanmaster.service.PermanentService,com.cleanmaster.mguard:service,10138,653,94138,[STARTED],false,true,1,1,76539007,
1431952863512,com.google.android.music.dial.DialMediaRouteProviderService,com.google.android.music:main,10073,0,57202,[],false,true,0,0,57212,
1431952863512,ch.unige.css.services.PingService,ch.unige.ping,10149,1632,76608903,[STARTED],false,true,0,0,76608914,
1431952863512,com.google.android.search.core.service.BroadcastListenerService,com.google.android.googlequicksearchbox:search,10026,3168,75471,[STARTED],false,true,0,0,70525555,
1431952863512,com.android.systemui.keyguard.KeyguardService,com.android.systemui,10014,930,44352,[PERSISTENT],false,false,2,2,68066,
1431952863512,openiab.StoreService,cm.aptoide.pt,10148,0,54787,[],false,true,0,0,54797,
1431952863512,ch.unige.css.services.main.CssRegistryService,ch.unige.ping:background,10149,31837,60171236,[STARTED],false,true,0,0,60171508,
1431952863512,org.cyanogenmod.audiofx.HeadsetService,org.cyanogenmod.audiofx,10000,1289,67364,"[PERSISTENT,STARTED]",false,true,0,0,67374,
1431952863512,com.whatsapp.messaging.MessageService,com.whatsapp,10110,2813,67811,[STARTED],false,true,1,1,76524548,
1431952925138,com.android.bluetooth.hid.HidService,com.android.bluetooth,1002,0,49150,[],false,true,0,0,49160,
1431952925138,com.cleanmaster.service.PermanentService,com.cleanmaster.mguard:service,10138,653,94138,[STARTED],false,true,1,1,76635850,
1431952925138,com.google.android.music.dial.DialMediaRouteProviderService,com.google.android.music:main,10073,0,57202,[],false,true,0,0,57212,
1431952925138,ch.unige.css.services.PingService,ch.unige.ping,10149,1632,76670705,[STARTED],false,true,0,0,76670716,
1431952925138,com.google.android.search.core.service.BroadcastListenerService,com.google.android.googlequicksearchbox:search,10026,3168,75471,[STARTED],false,true,0,0,70525555,
1431952925138,com.android.systemui.keyguard.KeyguardService,com.android.systemui,10014,930,44352,[PERSISTENT],false,false,2,2,68066,
1431952925138,openiab.StoreService,cm.aptoide.pt,10148,0,54787,[],false,true,0,0,54797,
1431952925138,ch.unige.css.services.main.CssRegistryService,ch.unige.ping:background,10149,31837,60171236,[STARTED],false,true,0,0,60171508,
1431952925138,com.google.android.finsky.billing.iab.InAppBillingService,com.android.vending,10024,13210,76637303,[],false,true,1,1,76637314,
1431952925138,org.cyanogenmod.audiofx.HeadsetService,org.cyanogenmod.audiofx,10000,1289,67364,"[PERSISTENT,STARTED]",false,true,0,0,67374,
1431952987526,com.android.bluetooth.hid.HidService,com.android.bluetooth,1002,0,49150,[],false,true,0,0,49160,
1431952987526,com.cleanmaster.service.PermanentService,com.cleanmaster.mguard:service,10138,653,94138,[STARTED],false,true,1,1,76695093,
1431952987526,com.google.android.music.dial.DialMediaRouteProviderService,com.google.android.music:main,10073,0,57202,[],false,true,0,0,57212,
1431952987526,ch.unige.css.services.PingService,ch.unige.ping,10149,1632,76733061,[STARTED],false,true,0,0,76733072,
1431952987526,com.google.android.search.core.service.BroadcastListenerService,com.google.android.googlequicksearchbox:search,10026,3168,75471,[STARTED],false,true,0,0,70525555,
1431952987526,com.android.systemui.keyguard.KeyguardService,com.android.systemui,10014,930,44352,[PERSISTENT],false,false,2,2,68066,
1431952987526,openiab.StoreService,cm.aptoide.pt,10148,0,54787,[],false,true,0,0,54797,
1431952987526,ch.unige.css.services.main.CssRegistryService,ch.unige.ping:background,10149,31837,60171236,[STARTED],false,true,0,0,60171508,
1431952987526,com.google.android.finsky.billing.iab.InAppBillingService,com.android.vending,10024,13210,76637303,[],false,true,1,1,76637314,
1431952987526,org.cyanogenmod.audiofx.HeadsetService,org.cyanogenmod.audiofx,10000,1289,67364,"[PERSISTENT,STARTED]",false,true,0,0,67374,
1431953048023,com.android.bluetooth.hid.HidService,com.android.bluetooth,1002,0,49150,[],false,true,0,0,49160,
1431953048023,com.cleanmaster.service.PermanentService,com.cleanmaster.mguard:service,10138,653,94138,[STARTED],false,true,1,1,76695093,
1431953048023,com.google.android.music.dial.DialMediaRouteProviderService,com.google.android.music:main,10073,0,57202,[],false,true,0,0,57212,
1431953048023,ch.unige.css.services.PingService,ch.unige.ping,10149,1632,76793555,[STARTED],false,true,0,0,76793566,
1431953048023,com.google.android.search.core.service.BroadcastListenerService,com.google.android.googlequicksearchbox:search,10026,3168,75471,[STARTED],false,true,0,0,70525555,
1431953048023,com.android.systemui.keyguard.KeyguardService,com.android.systemui,10014,930,44352,[PERSISTENT],false,false,2,2,68066,
1431953048023,openiab.StoreService,cm.aptoide.pt,10148,0,54787,[],false,true,0,0,54797,
1431953048023,ch.unige.css.services.main.CssRegistryService,ch.unige.ping:background,10149,31837,60171236,[STARTED],false,true,0,0,60171508,
1431953048023,com.google.android.finsky.billing.iab.InAppBillingService,com.android.vending,10024,13210,76637303,[],false,true,1,1,76637314,
1431953048023,org.cyanogenmod.audiofx.HeadsetService,org.cyanogenmod.audiofx,10000,1289,67364,"[PERSISTENT,STARTED]",false,true,0,0,67374,
1431953108356,com.android.bluetooth.hid.HidService,com.android.bluetooth,1002,0,49150,[],false,true,0,0,49160,
1431953108356,com.cleanmaster.service.PermanentService,com.cleanmaster.mguard:service,10138,653,94138,[STARTED],false,true,1,1,76695093,
1431953108356,com.google.android.music.dial.DialMediaRouteProviderService,com.google.android.music:main,10073,0,57202,[],false,true,0,0,57212,
1431953108356,ch.unige.css.services.PingService,ch.unige.ping,10149,1632,76853854,[STARTED],false,true,0,0,76853865,
1431953108356,com.google.android.search.core.service.BroadcastListenerService,com.google.android.googlequicksearchbox:search,10026,3168,75471,[STARTED],false,true,0,0,70525555,
1431953108356,com.android.systemui.keyguard.KeyguardService,com.android.systemui,10014,930,44352,[PERSISTENT],false,false,2,2,68066,
1431953108356,openiab.StoreService,cm.aptoide.pt,10148,0,54787,[],false,true,0,0,54797,
1431953108356,ch.unige.css.services.main.CssRegistryService,ch.unige.ping:background,10149,31837,60171236,[STARTED],false,true,0,0,60171508,
1431953108356,com.google.android.finsky.billing.iab.InAppBillingService,com.android.vending,10024,13210,76637303,[],false,true,1,1,76637314,
1431953108356,org.cyanogenmod.audiofx.HeadsetService,org.cyanogenmod.audiofx,10000,1289,67364,"[PERSISTENT,STARTED]",false,true,0,0,67374,
1431953168607,com.android.bluetooth.hid.HidService,com.android.bluetooth,1002,0,49150,[],false,true,0,0,49160,
1431953168607,com.cleanmaster.service.PermanentService,com.cleanmaster.mguard:service,10138,653,94138,[STARTED],false,true,1,1,76695093,
1431953168607,com.google.android.music.dial.DialMediaRouteProviderService,com.google.android.music:main,10073,0,57202,[],false,true,0,0,57212,
1431953168607,ch.unige.css.services.PingService,ch.unige.ping,10149,1632,76914103,[STARTED],false,true,0,0,76914114,
1431953168607,com.google.android.search.core.service.BroadcastListenerService,com.google.android.googlequicksearchbox:search,10026,3168,75471,[STARTED],false,true,0,0,70525555,
1431953168607,com.android.systemui.keyguard.KeyguardService,com.android.systemui,10014,930,44352,[PERSISTENT],false,false,2,2,68066,
1431953168607,openiab.StoreService,cm.aptoide.pt,10148,0,54787,[],false,true,0,0,54797,
1431953168607,ch.unige.css.services.main.CssRegistryService,ch.unige.ping:background,10149,31837,60171236,[STARTED],false,true,0,0,60171508,
1431953168607,com.google.android.finsky.billing.iab.InAppBillingService,com.android.vending,10024,13210,76637303,[],false,true,1,1,76637314,
1431953168607,org.cyanogenmod.audiofx.HeadsetService,org.cyanogenmod.audiofx,10000,1289,67364,"[PERSISTENT,STARTED]",false,true,0,0,67374,
1431953228943,com.android.bluetooth.hid.HidService,com.android.bluetooth,1002,0,49150,[],false,true,0,0,49160,
1431953228943,com.cleanmaster.service.PermanentService,com.cleanmaster.mguard:service,10138,653,94138,[STARTED],false,true,1,1,76965618,
1431953228943,com.google.android.music.dial.DialMediaRouteProviderService,com.google.android.music:main,10073,0,57202,[],false,true,0,0,57212,
1431953228943,ch.unige.css.services.PingService,ch.unige.ping,10149,1632,76974355,[STARTED],false,true,0,0,76974366,
1431953228943,com.google.android.search.core.service.BroadcastListenerService,com.google.android.googlequicksearchbox:search,10026,3168,75471,[STARTED],false,true,0,0,70525555,
1431953228943,com.android.systemui.keyguard.KeyguardService,com.android.systemui,10014,930,44352,[PERSISTENT],false,false,2,2,68066,
1431953228943,openiab.StoreService,cm.aptoide.pt,10148,0,54787,[],false,true,0,0,54797,
1431953228943,ch.unige.css.services.main.CssRegistryService,ch.unige.ping:background,10149,31837,60171236,[STARTED],false,true,0,0,60171508,
1431953228943,com.google.android.finsky.billing.iab.InAppBillingService,com.android.vending,10024,13210,76637303,[],false,true,1,1,76637314,
1431953228943,org.cyanogenmod.audiofx.HeadsetService,org.cyanogenmod.audiofx,10000,1289,67364,"[PERSISTENT,STARTED]",false,true,0,0,67374,
1431953288949,com.android.bluetooth.hid.HidService,com.android.bluetooth,1002,0,49150,[],false,true,0,0,49160,
1431953288949,com.cleanmaster.service.PermanentService,com.cleanmaster.mguard:service,10138,653,94138,[STARTED],false,true,1,1,76965618,
1431953288949,com.google.android.music.dial.DialMediaRouteProviderService,com.google.android.music:main,10073,0,57202,[],false,true,0,0,57212,
1431953288949,ch.unige.css.services.PingService,ch.unige.ping,10149,1632,77034435,[STARTED],false,true,0,0,77034446,
1431953288949,com.google.android.search.core.service.BroadcastListenerService,com.google.android.googlequicksearchbox:search,10026,3168,75471,[STARTED],false,true,0,0,70525555,
1431953288949,com.android.systemui.keyguard.KeyguardService,com.android.systemui,10014,930,44352,[PERSISTENT],false,false,2,2,68066,
1431953288949,openiab.StoreService,cm.aptoide.pt,10148,0,54787,[],false,true,0,0,54797,
1431953288949,ch.unige.css.services.main.CssRegistryService,ch.unige.ping:background,10149,31837,60171236,[STARTED],false,true,0,0,60171508,
1431953288949,com.google.android.finsky.billing.iab.InAppBillingService,com.android.vending,10024,13210,76637303,[],false,true,1,1,76637314,
1431953288949,org.cyanogenmod.audiofx.HeadsetService,org.cyanogenmod.audiofx,10000,1289,67364,"[PERSISTENT,STARTED]",false,true,0,0,67374,
1431953349191,com.android.bluetooth.hid.HidService,com.android.bluetooth,1002,0,49150,[],false,true,0,0,49160,
1431953349191,com.cleanmaster.service.PermanentService,com.cleanmaster.mguard:service,10138,653,94138,[STARTED],false,true,1,1,76965618,
1431953349191,com.google.android.music.dial.DialMediaRouteProviderService,com.google.android.music:main,10073,0,57202,[],false,true,0,0,57212,
1431953349191,ch.unige.css.services.PingService,ch.unige.ping,10149,1632,77094705,[STARTED],false,true,0,0,77094716,
1431953349191,com.google.android.search.core.service.BroadcastListenerService,com.google.android.googlequicksearchbox:search,10026,3168,75471,[STARTED],false,true,0,0,70525555,
1431953349191,com.android.systemui.keyguard.KeyguardService,com.android.systemui,10014,930,44352,[PERSISTENT],false,false,2,2,68066,
1431953349191,openiab.StoreService,cm.aptoide.pt,10148,0,54787,[],false,true,0,0,54797,
1431953349191,ch.unige.css.services.main.CssRegistryService,ch.unige.ping:background,10149,31837,60171236,[STARTED],false,true,0,0,60171508,
1431953349191,com.google.android.finsky.billing.iab.InAppBillingService,com.android.vending,10024,13210,76637303,[],false,true,1,1,76637314,
1431953349191,org.cyanogenmod.audiofx.HeadsetService,org.cyanogenmod.audiofx,10000,1289,67364,"[PERSISTENT,STARTED]",false,true,0,0,67374,
1431953409368,com.android.bluetooth.hid.HidService,com.android.bluetooth,1002,0,49150,[],false,true,0,0,49160,
1431953409368,com.cleanmaster.service.PermanentService,com.cleanmaster.mguard:service,10138,653,94138,[STARTED],false,true,1,1,76965618,
1431953409368,com.google.android.music.dial.DialMediaRouteProviderService,com.google.android.music:main,10073,0,57202,[],false,true,0,0,57212,
1431953409368,ch.unige.css.services.PingService,ch.unige.ping,10149,1632,77154853,[STARTED],false,true,0,0,77154864,
1431953409368,com.google.android.search.core.service.BroadcastListenerService,com.google.android.googlequicksearchbox:search,10026,3168,75471,[STARTED],false,true,0,0,70525555,
1431953409368,com.android.systemui.keyguard.KeyguardService,com.android.systemui,10014,930,44352,[PERSISTENT],false,false,2,2,68066,
1431953409368,openiab.StoreService,cm.aptoide.pt,10148,0,54787,[],false,true,0,0,54797,
1431953409368,ch.unige.css.services.main.CssRegistryService,ch.unige.ping:background,10149,31837,60171236,[STARTED],false,true,0,0,60171508,
1431953409368,com.google.android.finsky.billing.iab.InAppBillingService,com.android.vending,10024,13210,76637303,[],false,true,1,1,76637314,
1431953409368,org.cyanogenmod.audiofx.HeadsetService,org.cyanogenmod.audiofx,10000,1289,67364,"[PERSISTENT,STARTED]",false,true,0,0,67374,
1431953469581,com.android.bluetooth.hid.HidService,com.android.bluetooth,1002,0,49150,[],false,true,0,0,49160,
1431953469581,com.cleanmaster.service.PermanentService,com.cleanmaster.mguard:service,10138,653,94138,[STARTED],false,true,1,1,76965618,
1431953469581,com.google.android.music.dial.DialMediaRouteProviderService,com.google.android.music:main,10073,0,57202,[],false,true,0,0,57212,
1431953469581,ch.unige.css.services.PingService,ch.unige.ping,10149,1632,77215063,[STARTED],false,true,0,0,77215074,
1431953469581,com.google.android.search.core.service.BroadcastListenerService,com.google.android.googlequicksearchbox:search,10026,3168,75471,[STARTED],false,true,0,0,70525555,
1431953469581,com.android.systemui.keyguard.KeyguardService,com.android.systemui,10014,930,44352,[PERSISTENT],false,false,2,2,68066,
1431953469581,openiab.StoreService,cm.aptoide.pt,10148,0,54787,[],false,true,0,0,54797,
1431953469581,ch.unige.css.services.main.CssRegistryService,ch.unige.ping:background,10149,31837,60171236,[STARTED],false,true,0,0,60171508,
1431953469581,com.google.android.finsky.billing.iab.InAppBillingService,com.android.vending,10024,13210,76637303,[],false,true,1,1,76637314,
1431953469581,org.cyanogenmod.audiofx.HeadsetService,org.cyanogenmod.audiofx,10000,1289,67364,"[PERSISTENT,STARTED]",false,true,0,0,67374,
1431953529611,com.android.bluetooth.hid.HidService,com.android.bluetooth,1002,0,49150,[],false,true,0,0,49160,
1431953529611,com.cleanmaster.service.PermanentService,com.cleanmaster.mguard:service,10138,653,94138,[STARTED],false,true,1,1,76965618,
1431953529611,com.google.android.music.dial.DialMediaRouteProviderService,com.google.android.music:main,10073,0,57202,[],false,true,0,0,57212,
1431953529611,ch.unige.css.services.PingService,ch.unige.ping,10149,1632,77275139,[STARTED],false,true,0,0,77275150,
1431953529611,com.google.android.search.core.service.BroadcastListenerService,com.google.android.googlequicksearchbox:search,10026,3168,75471,[STARTED],false,true,0,0,70525555,
1431953529611,com.android.systemui.keyguard.KeyguardService,com.android.systemui,10014,930,44352,[PERSISTENT],false,false,2,2,68066,
1431953529611,openiab.StoreService,cm.aptoide.pt,10148,0,54787,[],false,true,0,0,54797,
1431953529611,ch.unige.css.services.main.CssRegistryService,ch.unige.ping:background,10149,31837,60171236,[STARTED],false,true,0,0,60171508,
1431953529611,com.google.android.finsky.billing.iab.InAppBillingService,com.android.vending,10024,13210,76637303,[],false,true,1,1,76637314,
1431953529611,org.cyanogenmod.audiofx.HeadsetService,org.cyanogenmod.audiofx,10000,1289,67364,"[PERSISTENT,STARTED]",false,true,0,0,67374,
1431953614385,com.android.bluetooth.hid.HidService,com.android.bluetooth,1002,0,49150,[],false,true,0,0,49160,
1431953614385,com.cleanmaster.service.PermanentService,com.cleanmaster.mguard:service,10138,653,94138,[STARTED],false,true,1,1,76965618,
1431953614385,com.google.android.music.dial.DialMediaRouteProviderService,com.google.android.music:main,10073,0,57202,[],false,true,0,0,57212,
1431953614385,ch.unige.css.services.PingService,ch.unige.ping,10149,1632,77359908,[STARTED],false,true,0,0,77359919,
1431953614385,com.google.android.search.core.service.BroadcastListenerService,com.google.android.googlequicksearchbox:search,10026,3168,75471,[STARTED],false,true,0,0,70525555,
1431953614385,com.android.systemui.keyguard.KeyguardService,com.android.systemui,10014,930,44352,[PERSISTENT],false,false,2,2,68066,
1431953614385,openiab.StoreService,cm.aptoide.pt,10148,0,54787,[],false,true,0,0,54797,
1431953614385,ch.unige.css.services.main.CssRegistryService,ch.unige.ping:background,10149,31837,60171236,[STARTED],false,true,0,0,60171508,
1431953614385,com.google.android.finsky.billing.iab.InAppBillingService,com.android.vending,10024,13210,76637303,[],false,true,1,1,76637314,
1431953614385,org.cyanogenmod.audiofx.HeadsetService,org.cyanogenmod.audiofx,10000,1289,67364,"[PERSISTENT,STARTED]",false,true,0,0,67374,
1431953694963,com.android.bluetooth.hid.HidService,com.android.bluetooth,1002,0,49150,[],false,true,0,0,49160,
1431953694963,com.cleanmaster.service.PermanentService,com.cleanmaster.mguard:service,10138,653,94138,[STARTED],false,true,1,1,76965618,
1431953694963,com.google.android.music.dial.DialMediaRouteProviderService,com.google.android.music:main,10073,0,57202,[],false,true,0,0,57212,
1431953694963,ch.unige.css.services.PingService,ch.unige.ping,10149,1632,77440466,[STARTED],false,true,0,0,77440477,
1431953694963,com.google.android.search.core.service.BroadcastListenerService,com.google.android.googlequicksearchbox:search,10026,3168,75471,[STARTED],false,true,0,0,70525555,
1431953694963,com.android.systemui.keyguard.KeyguardService,com.android.systemui,10014,930,44352,[PERSISTENT],false,false,2,2,68066,
1431953694963,openiab.StoreService,cm.aptoide.pt,10148,0,54787,[],false,true,0,0,54797,
1431953694963,ch.unige.css.services.main.CssRegistryService,ch.unige.ping:background,10149,31837,60171236,[STARTED],false,true,0,0,60171508,
1431953694963,com.google.android.finsky.billing.iab.InAppBillingService,com.android.vending,10024,13210,76637303,[],false,true,1,1,76637314,
1431953694963,org.cyanogenmod.audiofx.HeadsetService,org.cyanogenmod.audiofx,10000,1289,67364,"[PERSISTENT,STARTED]",false,true,0,0,67374,
1431953763916,com.android.bluetooth.hid.HidService,com.android.bluetooth,1002,0,49150,[],false,true,0,0,49160,
1431953763916,com.cleanmaster.service.PermanentService,com.cleanmaster.mguard:service,10138,653,94138,[STARTED],false,true,1,1,76965618,
1431953763916,com.google.android.music.dial.DialMediaRouteProviderService,com.google.android.music:main,10073,0,57202,[],false,true,0,0,57212,
1431953763916,ch.unige.css.services.PingService,ch.unige.ping,10149,1632,77509410,[STARTED],false,true,0,0,77509421,
1431953763916,com.google.android.search.core.service.BroadcastListenerService,com.google.android.googlequicksearchbox:search,10026,3168,75471,[STARTED],false,true,0,0,70525555,
1431953763916,com.android.systemui.keyguard.KeyguardService,com.android.systemui,10014,930,44352,[PERSISTENT],false,false,2,2,68066,
1431953763916,openiab.StoreService,cm.aptoide.pt,10148,0,54787,[],false,true,0,0,54797,
1431953763916,ch.unige.css.services.main.CssRegistryService,ch.unige.ping:background,10149,31837,60171236,[STARTED],false,true,0,0,60171508,
1431953763916,com.google.android.finsky.billing.iab.InAppBillingService,com.android.vending,10024,13210,76637303,[],false,true,1,1,76637314,
1431953763916,org.cyanogenmod.audiofx.HeadsetService,org.cyanogenmod.audiofx,10000,1289,67364,"[PERSISTENT,STARTED]",false,true,0,0,67374,
1431953857363,com.android.bluetooth.hid.HidService,com.android.bluetooth,1002,0,49150,[],false,true,0,0,49160,
1431953857363,com.cleanmaster.service.PermanentService,com.cleanmaster.mguard:service,10138,653,94138,[STARTED],false,true,1,1,76965618,
1431953857363,com.google.android.music.dial.DialMediaRouteProviderService,com.google.android.music:main,10073,0,57202,[],false,true,0,0,57212,
1431953857363,ch.unige.css.services.PingService,ch.unige.ping,10149,1632,77602758,[STARTED],false,true,0,0,77602769,
1431953857363,com.google.android.search.core.service.BroadcastListenerService,com.google.android.googlequicksearchbox:search,10026,3168,75471,[STARTED],false,true,0,0,70525555,
1431953857363,com.android.systemui.keyguard.KeyguardService,com.android.systemui,10014,930,44352,[PERSISTENT],false,false,2,2,68066,
1431953857363,openiab.StoreService,cm.aptoide.pt,10148,0,54787,[],false,true,0,0,54797,
1431953857363,ch.unige.css.services.main.CssRegistryService,ch.unige.ping:background,10149,31837,60171236,[STARTED],false,true,0,0,60171508,
1431953857363,com.google.android.finsky.billing.iab.InAppBillingService,com.android.vending,10024,13210,76637303,[],false,true,1,1,76637314,
1431953857363,org.cyanogenmod.audiofx.HeadsetService,org.cyanogenmod.audiofx,10000,1289,67364,"[PERSISTENT,STARTED]",false,true,0,0,67374,
1431953917303,com.android.bluetooth.hid.HidService,com.android.bluetooth,1002,0,49150,[],false,true,0,0,49160,
1431953917303,com.cleanmaster.service.PermanentService,com.cleanmaster.mguard:service,10138,653,94138,[STARTED],false,true,1,1,76965618,
1431953917303,com.google.android.music.dial.DialMediaRouteProviderService,com.google.android.music:main,10073,0,57202,[],false,true,0,0,57212,
1431953917303,ch.unige.css.services.PingService,ch.unige.ping,10149,1632,77662844,[STARTED],false,true,0,0,77662855,
1431953917303,com.android.calendar.widget.CalendarAppWidgetService,com.google.android.calendar,10069,12663,77660105,[],false,true,1,1,77660116,
1431953917303,com.google.android.search.core.service.BroadcastListenerService,com.google.android.googlequicksearchbox:search,10026,3168,75471,[STARTED],false,true,0,0,70525555,
1431953917303,com.android.systemui.keyguard.KeyguardService,com.android.systemui,10014,930,44352,[PERSISTENT],false,false,2,2,68066,
1431953917303,com.android.calendar.alerts.AlertService,com.android.calendar,10033,12531,77659951,[STARTED],false,true,0,0,77659962,
1431953917303,openiab.StoreService,cm.aptoide.pt,10148,0,54787,[],false,true,0,0,54797,
1431953917303,ch.unige.css.services.main.CssRegistryService,ch.unige.ping:background,10149,31837,60171236,[STARTED],false,true,0,0,60171508,
1431953979726,com.android.bluetooth.hid.HidService,com.android.bluetooth,1002,0,49150,[],false,true,0,0,49160,
1431953979726,com.cleanmaster.service.PermanentService,com.cleanmaster.mguard:service,10138,653,94138,[STARTED],false,true,1,1,76965618,
1431953979726,com.google.android.music.dial.DialMediaRouteProviderService,com.google.android.music:main,10073,0,57202,[],false,true,0,0,57212,
1431953979726,ch.unige.css.services.PingService,ch.unige.ping,10149,1632,77725258,[STARTED],false,true,0,0,77725269,
1431953979726,com.google.android.search.core.service.BroadcastListenerService,com.google.android.googlequicksearchbox:search,10026,3168,75471,[STARTED],false,true,0,0,70525555,
1431953979726,com.android.systemui.keyguard.KeyguardService,com.android.systemui,10014,930,44352,[PERSISTENT],false,false,2,2,68066,
1431953979726,openiab.StoreService,cm.aptoide.pt,10148,0,54787,[],false,true,0,0,54797,
1431953979726,ch.unige.css.services.main.CssRegistryService,ch.unige.ping:background,10149,31837,60171236,[STARTED],false,true,0,0,60171508,
1431953979726,com.google.android.finsky.billing.iab.InAppBillingService,com.android.vending,10024,13210,76637303,[],false,true,1,1,76637314,
1431953979726,org.cyanogenmod.audiofx.HeadsetService,org.cyanogenmod.audiofx,10000,1289,67364,"[PERSISTENT,STARTED]",false,true,0,0,67374,
1431954039862,com.android.bluetooth.hid.HidService,com.android.bluetooth,1002,0,49150,[],false,true,0,0,49160,
1431954039862,com.cleanmaster.service.PermanentService,com.cleanmaster.mguard:service,10138,653,94138,[STARTED],false,true,1,1,76965618,
1431954039862,com.google.android.music.dial.DialMediaRouteProviderService,com.google.android.music:main,10073,0,57202,[],false,true,0,0,57212,
1431954039862,ch.unige.css.services.PingService,ch.unige.ping,10149,1632,77785399,[STARTED],false,true,0,0,77785410,
1431954039862,com.google.android.search.core.service.BroadcastListenerService,com.google.android.googlequicksearchbox:search,10026,3168,75471,[STARTED],false,true,0,0,70525555,
1431954039862,com.android.systemui.keyguard.KeyguardService,com.android.systemui,10014,930,44352,[PERSISTENT],false,false,2,2,68066,
1431954039862,openiab.StoreService,cm.aptoide.pt,10148,0,54787,[],false,true,0,0,54797,
1431954039862,ch.unige.css.services.main.CssRegistryService,ch.unige.ping:background,10149,31837,60171236,[STARTED],false,true,0,0,60171508,
1431954039862,com.google.android.finsky.billing.iab.InAppBillingService,com.android.vending,10024,13210,76637303,[],false,true,1,1,76637314,
1431954039862,org.cyanogenmod.audiofx.HeadsetService,org.cyanogenmod.audiofx,10000,1289,67364,"[PERSISTENT,STARTED]",false,true,0,0,67374,
1431954100932,com.android.bluetooth.hid.HidService,com.android.bluetooth,1002,0,49150,[],false,true,0,0,49160,
1431954100932,com.cleanmaster.service.PermanentService,com.cleanmaster.mguard:service,10138,653,94138,[STARTED],false,true,1,1,76965618,
1431954100932,com.google.android.music.dial.DialMediaRouteProviderService,com.google.android.music:main,10073,0,57202,[],false,true,0,0,57212,
1431954100932,ch.unige.css.services.PingService,ch.unige.ping,10149,1632,77846494,[STARTED],false,true,0,0,77846505,
1431954100932,com.google.android.search.core.service.BroadcastListenerService,com.google.android.googlequicksearchbox:search,10026,3168,75471,[STARTED],false,true,0,0,70525555,
1431954100932,com.android.systemui.keyguard.KeyguardService,com.android.systemui,10014,930,44352,[PERSISTENT],false,false,2,2,68066,
1431954100932,openiab.StoreService,cm.aptoide.pt,10148,0,54787,[],false,true,0,0,54797,
1431954100932,ch.unige.css.services.main.CssRegistryService,ch.unige.ping:background,10149,31837,60171236,[STARTED],false,true,0,0,60171508,
1431954100932,com.google.android.finsky.billing.iab.InAppBillingService,com.android.vending,10024,13210,76637303,[],false,true,1,1,76637314,
1431954100932,org.cyanogenmod.audiofx.HeadsetService,org.cyanogenmod.audiofx,10000,1289,67364,"[PERSISTENT,STARTED]",false,true,0,0,67374,
1431954161091,com.android.bluetooth.hid.HidService,com.android.bluetooth,1002,0,49150,[],false,true,0,0,49160,
1431954161091,com.cleanmaster.service.PermanentService,com.cleanmaster.mguard:service,10138,653,94138,[STARTED],false,true,1,1,76965618,
1431954161091,com.google.android.music.dial.DialMediaRouteProviderService,com.google.android.music:main,10073,0,57202,[],false,true,0,0,57212,
1431954161091,ch.unige.css.services.PingService,ch.unige.ping,10149,1632,77906598,[STARTED],false,true,0,0,77906609,
1431954161091,com.google.android.search.core.service.BroadcastListenerService,com.google.android.googlequicksearchbox:search,10026,3168,75471,[STARTED],false,true,0,0,70525555,
1431954161091,com.android.systemui.keyguard.KeyguardService,com.android.systemui,10014,930,44352,[PERSISTENT],false,false,2,2,68066,
1431954161091,openiab.StoreService,cm.aptoide.pt,10148,0,54787,[],false,true,0,0,54797,
1431954161091,ch.unige.css.services.main.CssRegistryService,ch.unige.ping:background,10149,31837,60171236,[STARTED],false,true,0,0,60171508,
1431954161091,com.google.android.finsky.billing.iab.InAppBillingService,com.android.vending,10024,13210,76637303,[],false,true,1,1,76637314,
1431954161091,org.cyanogenmod.audiofx.HeadsetService,org.cyanogenmod.audiofx,10000,1289,67364,"[PERSISTENT,STARTED]",false,true,0,0,67374,
1431954221253,com.android.bluetooth.hid.HidService,com.android.bluetooth,1002,0,49150,[],false,true,0,0,49160,
1431954221253,com.cleanmaster.service.PermanentService,com.cleanmaster.mguard:service,10138,653,94138,[STARTED],false,true,1,1,76965618,
1431954221253,com.google.android.music.dial.DialMediaRouteProviderService,com.google.android.music:main,10073,0,57202,[],false,true,0,0,57212,
1431954221253,ch.unige.css.services.PingService,ch.unige.ping,10149,1632,77966744,[STARTED],false,true,0,0,77966755,
1431954221253,com.google.android.search.core.service.BroadcastListenerService,com.google.android.googlequicksearchbox:search,10026,3168,75471,[STARTED],false,true,0,0,70525555,
1431954221253,com.android.systemui.keyguard.KeyguardService,com.android.systemui,10014,930,44352,[PERSISTENT],false,false,2,2,68066,
1431954221253,openiab.StoreService,cm.aptoide.pt,10148,0,54787,[],false,true,0,0,54797,
1431954221253,ch.unige.css.services.main.CssRegistryService,ch.unige.ping:background,10149,31837,60171236,[STARTED],false,true,0,0,60171508,
1431954221253,com.google.android.finsky.billing.iab.InAppBillingService,com.android.vending,10024,13210,76637303,[],false,true,1,1,76637314,
1431954221253,org.cyanogenmod.audiofx.HeadsetService,org.cyanogenmod.audiofx,10000,1289,67364,"[PERSISTENT,STARTED]",false,true,0,0,67374,
1431954281398,com.android.bluetooth.hid.HidService,com.android.bluetooth,1002,0,49150,[],false,true,0,0,49160,
1431954281398,com.cleanmaster.service.PermanentService,com.cleanmaster.mguard:service,10138,653,94138,[STARTED],false,true,1,1,76965618,
1431954281398,com.google.android.music.dial.DialMediaRouteProviderService,com.google.android.music:main,10073,0,57202,[],false,true,0,0,57212,
1431954281398,ch.unige.css.services.PingService,ch.unige.ping,10149,1632,78026814,[STARTED],false,true,0,0,78026826,
1431954281398,com.google.android.search.core.service.BroadcastListenerService,com.google.android.googlequicksearchbox:search,10026,3168,75471,[STARTED],false,true,0,0,70525555,
1431954281398,com.android.systemui.keyguard.KeyguardService,com.android.systemui,10014,930,44352,[PERSISTENT],false,false,2,2,68066,
1431954281398,openiab.StoreService,cm.aptoide.pt,10148,0,54787,[],false,true,0,0,54797,
1431954281398,ch.unige.css.services.main.CssRegistryService,ch.unige.ping:background,10149,31837,60171236,[STARTED],false,true,0,0,60171508,
1431954281398,com.google.android.finsky.billing.iab.InAppBillingService,com.android.vending,10024,13210,76637303,[],false,true,1,1,76637314,
1431954281398,org.cyanogenmod.audiofx.HeadsetService,org.cyanogenmod.audiofx,10000,1289,67364,"[PERSISTENT,STARTED]",false,true,0,0,67374,
1431954343704,com.android.bluetooth.hid.HidService,com.android.bluetooth,1002,0,49150,[],false,true,0,0,49160,
1431954343704,com.cleanmaster.service.PermanentService,com.cleanmaster.mguard:service,10138,653,94138,[STARTED],false,true,1,1,76965618,
1431954343704,com.google.android.music.dial.DialMediaRouteProviderService,com.google.android.music:main,10073,0,57202,[],false,true,0,0,57212,
1431954343704,ch.unige.css.services.PingService,ch.unige.ping,10149,1632,78089204,[STARTED],false,true,0,0,78089215,
1431954343704,com.google.android.search.core.service.BroadcastListenerService,com.google.android.googlequicksearchbox:search,10026,3168,75471,[STARTED],false,true,0,0,70525555,
1431954343704,com.android.systemui.keyguard.KeyguardService,com.android.systemui,10014,930,44352,[PERSISTENT],false,false,2,2,68066,
1431954343704,openiab.StoreService,cm.aptoide.pt,10148,0,54787,[],false,true,0,0,54797,
1431954343704,ch.unige.css.services.main.CssRegistryService,ch.unige.ping:background,10149,31837,60171236,[STARTED],false,true,0,0,60171508,
1431954343704,com.google.android.finsky.billing.iab.InAppBillingService,com.android.vending,10024,13210,76637303,[],false,true,1,1,76637314,
1431954343704,org.cyanogenmod.audiofx.HeadsetService,org.cyanogenmod.audiofx,10000,1289,67364,"[PERSISTENT,STARTED]",false,true,0,0,67374,
1431954403743,com.android.bluetooth.hid.HidService,com.android.bluetooth,1002,0,49150,[],false,true,0,0,49160,
1431954403743,com.cleanmaster.service.PermanentService,com.cleanmaster.mguard:service,10138,653,94138,[STARTED],false,true,1,1,76965618,
1431954403743,com.google.android.music.dial.DialMediaRouteProviderService,com.google.android.music:main,10073,0,57202,[],false,true,0,0,57212,
1431954403743,ch.unige.css.services.PingService,ch.unige.ping,10149,1632,78149260,[STARTED],false,true,0,0,78149272,
1431954403743,com.google.android.search.core.service.BroadcastListenerService,com.google.android.googlequicksearchbox:search,10026,3168,75471,[STARTED],false,true,0,0,70525555,
1431954403743,com.android.systemui.keyguard.KeyguardService,com.android.systemui,10014,930,44352,[PERSISTENT],false,false,2,2,68066,
1431954403743,openiab.StoreService,cm.aptoide.pt,10148,0,54787,[],false,true,0,0,54797,
1431954403743,ch.unige.css.services.main.CssRegistryService,ch.unige.ping:background,10149,31837,60171236,[STARTED],false,true,0,0,60171508,
1431954403743,com.google.android.finsky.billing.iab.InAppBillingService,com.android.vending,10024,13210,76637303,[],false,true,1,1,76637314,
1431954403743,org.cyanogenmod.audiofx.HeadsetService,org.cyanogenmod.audiofx,10000,1289,67364,"[PERSISTENT,STARTED]",false,true,0,0,67374,
1431954463928,com.android.bluetooth.hid.HidService,com.android.bluetooth,1002,0,49150,[],false,true,0,0,49160,
1431954463928,com.cleanmaster.service.PermanentService,com.cleanmaster.mguard:service,10138,653,94138,[STARTED],false,true,1,1,76965618,
1431954463928,com.google.android.music.dial.DialMediaRouteProviderService,com.google.android.music:main,10073,0,57202,[],false,true,0,0,57212,
1431954463928,ch.unige.css.services.PingService,ch.unige.ping,10149,1632,78209466,[STARTED],false,true,0,0,78209477,
1431954463928,com.google.android.search.core.service.BroadcastListenerService,com.google.android.googlequicksearchbox:search,10026,3168,75471,[STARTED],false,true,0,0,70525555,
1431954463928,com.android.systemui.keyguard.KeyguardService,com.android.systemui,10014,930,44352,[PERSISTENT],false,false,2,2,68066,
1431954463928,openiab.StoreService,cm.aptoide.pt,10148,0,54787,[],false,true,0,0,54797,
1431954463928,ch.unige.css.services.main.CssRegistryService,ch.unige.ping:background,10149,31837,60171236,[STARTED],false,true,0,0,60171508,
1431954463928,com.google.android.finsky.billing.iab.InAppBillingService,com.android.vending,10024,13210,76637303,[],false,true,1,1,76637314,
1431954463928,org.cyanogenmod.audiofx.HeadsetService,org.cyanogenmod.audiofx,10000,1289,67364,"[PERSISTENT,STARTED]",false,true,0,0,67374,
1431954523642,com.android.bluetooth.hid.HidService,com.android.bluetooth,1002,0,49150,[],false,true,0,0,49160,
1431954523642,com.cleanmaster.service.PermanentService,com.cleanmaster.mguard:service,10138,653,94138,[STARTED],false,true,1,1,76965618,
1431954523642,com.google.android.music.dial.DialMediaRouteProviderService,com.google.android.music:main,10073,0,57202,[],false,true,0,0,57212,
1431954523642,ch.unige.css.services.PingService,ch.unige.ping,10149,1632,78269535,[STARTED],false,true,0,0,78269546,
1431954523642,com.android.calendar.widget.CalendarAppWidgetService,com.google.android.calendar,10069,12663,78268834,[],false,true,1,1,78268845,
1431954523642,com.google.android.search.core.service.BroadcastListenerService,com.google.android.googlequicksearchbox:search,10026,3168,75471,[STARTED],false,true,0,0,70525555,
1431954523642,com.android.systemui.keyguard.KeyguardService,com.android.systemui,10014,930,44352,[PERSISTENT],false,false,2,2,68066,
1431954523642,openiab.StoreService,cm.aptoide.pt,10148,0,54787,[],false,true,0,0,54797,
1431954523642,ch.unige.css.services.main.CssRegistryService,ch.unige.ping:background,10149,31837,60171236,[STARTED],false,true,0,0,60171508,
1431954523642,com.google.android.finsky.billing.iab.InAppBillingService,com.android.vending,10024,13210,76637303,[],false,true,1,1,76637314,
1431954585272,com.android.bluetooth.hid.HidService,com.android.bluetooth,1002,0,49150,[],false,true,0,0,49160,
1431954585272,com.cleanmaster.service.PermanentService,com.cleanmaster.mguard:service,10138,653,94138,[STARTED],false,true,1,1,76965618,
1431954585272,com.google.android.music.dial.DialMediaRouteProviderService,com.google.android.music:main,10073,0,57202,[],false,true,0,0,57212,
1431954585272,ch.unige.css.services.PingService,ch.unige.ping,10149,1632,78331147,[STARTED],false,true,0,0,78331158,
1431954585272,com.google.android.search.core.service.BroadcastListenerService,com.google.android.googlequicksearchbox:search,10026,3168,75471,[STARTED],false,true,0,0,70525555,
1431954585272,com.android.systemui.keyguard.KeyguardService,com.android.systemui,10014,930,44352,[PERSISTENT],false,false,2,2,68066,
1431954585272,openiab.StoreService,cm.aptoide.pt,10148,0,54787,[],false,true,0,0,54797,
1431954585272,ch.unige.css.services.main.CssRegistryService,ch.unige.ping:background,10149,31837,60171236,[STARTED],false,true,0,0,60171508,
1431954585272,com.google.android.finsky.billing.iab.InAppBillingService,com.android.vending,10024,13210,76637303,[],false,true,1,1,76637314,
1431954585272,org.cyanogenmod.audiofx.HeadsetService,org.cyanogenmod.audiofx,10000,1289,67364,"[PERSISTENT,STARTED]",false,true,0,0,67374,
1431954645167,com.android.bluetooth.hid.HidService,com.android.bluetooth,1002,0,49150,[],false,true,0,0,49160,
1431954645167,com.cleanmaster.service.PermanentService,com.cleanmaster.mguard:service,10138,653,94138,[STARTED],false,true,1,1,76965618,
1431954645167,com.google.android.music.dial.DialMediaRouteProviderService,com.google.android.music:main,10073,0,57202,[],false,true,0,0,57212,
1431954645167,ch.unige.css.services.PingService,ch.unige.ping,10149,1632,78391233,[STARTED],false,true,0,0,78391244,
1431954645167,com.google.android.search.core.service.BroadcastListenerService,com.google.android.googlequicksearchbox:search,10026,3168,75471,[STARTED],false,true,0,0,70525555,
1431954645167,com.android.systemui.keyguard.KeyguardService,com.android.systemui,10014,930,44352,[PERSISTENT],false,false,2,2,68066,
1431954645167,openiab.StoreService,cm.aptoide.pt,10148,0,54787,[],false,true,0,0,54797,
1431954645167,ch.unige.css.services.main.CssRegistryService,ch.unige.ping:background,10149,31837,60171236,[STARTED],false,true,0,0,60171508,
1431954645167,com.google.android.finsky.billing.iab.InAppBillingService,com.android.vending,10024,13210,76637303,[],false,true,1,1,76637314,
1431954645167,org.cyanogenmod.audiofx.HeadsetService,org.cyanogenmod.audiofx,10000,1289,67364,"[PERSISTENT,STARTED]",false,true,0,0,67374,
1431954707788,com.android.bluetooth.hid.HidService,com.android.bluetooth,1002,0,49150,[],false,true,0,0,49160,
1431954707788,com.cleanmaster.service.PermanentService,com.cleanmaster.mguard:service,10138,653,94138,[STARTED],false,true,1,1,76965618,
1431954707788,com.google.android.music.dial.DialMediaRouteProviderService,com.google.android.music:main,10073,0,57202,[],false,true,0,0,57212,
1431954707788,ch.unige.css.services.PingService,ch.unige.ping,10149,1632,78453834,[STARTED],false,true,0,0,78453845,
1431954707788,com.google.android.search.core.service.BroadcastListenerService,com.google.android.googlequicksearchbox:search,10026,3168,75471,[STARTED],false,true,0,0,70525555,
1431954707788,com.android.systemui.keyguard.KeyguardService,com.android.systemui,10014,930,44352,[PERSISTENT],false,false,2,2,68066,
1431954707788,openiab.StoreService,cm.aptoide.pt,10148,0,54787,[],false,true,0,0,54797,
1431954707788,ch.unige.css.services.main.CssRegistryService,ch.unige.ping:background,10149,31837,60171236,[STARTED],false,true,0,0,60171508,
1431954707788,com.google.android.finsky.billing.iab.InAppBillingService,com.android.vending,10024,13210,76637303,[],false,true,1,1,76637314,
1431954707788,org.cyanogenmod.audiofx.HeadsetService,org.cyanogenmod.audiofx,10000,1289,67364,"[PERSISTENT,STARTED]",false,true,0,0,67374,
1431954767912,com.android.bluetooth.hid.HidService,com.android.bluetooth,1002,0,49150,[],false,true,0,0,49160,
1431954767912,com.cleanmaster.service.PermanentService,com.cleanmaster.mguard:service,10138,653,94138,[STARTED],false,true,1,1,76965618,
1431954767912,com.google.android.music.dial.DialMediaRouteProviderService,com.google.android.music:main,10073,0,57202,[],false,true,0,0,57212,
1431954767912,ch.unige.css.services.PingService,ch.unige.ping,10149,1632,78513974,[STARTED],false,true,0,0,78513985,
1431954767912,com.google.android.search.core.service.BroadcastListenerService,com.google.android.googlequicksearchbox:search,10026,3168,75471,[STARTED],false,true,0,0,70525555,
1431954767912,com.android.systemui.keyguard.KeyguardService,com.android.systemui,10014,930,44352,[PERSISTENT],false,false,2,2,68066,
1431954767912,openiab.StoreService,cm.aptoide.pt,10148,0,54787,[],false,true,0,0,54797,
1431954767912,ch.unige.css.services.main.CssRegistryService,ch.unige.ping:background,10149,31837,60171236,[STARTED],false,true,0,0,60171508,
1431954767912,com.google.android.finsky.billing.iab.InAppBillingService,com.android.vending,10024,13210,76637303,[],false,true,1,1,76637314,
1431954767912,org.cyanogenmod.audiofx.HeadsetService,org.cyanogenmod.audiofx,10000,1289,67364,"[PERSISTENT,STARTED]",false,true,0,0,67374,
1431954828160,com.android.bluetooth.hid.HidService,com.android.bluetooth,1002,0,49150,[],false,true,0,0,49160,
1431954828160,com.cleanmaster.service.PermanentService,com.cleanmaster.mguard:service,10138,653,94138,[STARTED],false,true,1,1,76965618,
1431954828160,com.google.android.music.dial.DialMediaRouteProviderService,com.google.android.music:main,10073,0,57202,[],false,true,0,0,57212,
1431954828160,ch.unige.css.services.PingService,ch.unige.ping,10149,1632,78574188,[STARTED],false,true,0,0,78574199,
1431954828160,com.google.android.search.core.service.BroadcastListenerService,com.google.android.googlequicksearchbox:search,10026,3168,75471,[STARTED],false,true,0,0,70525555,
1431954828160,com.android.systemui.keyguard.KeyguardService,com.android.systemui,10014,930,44352,[PERSISTENT],false,false,2,2,68066,
1431954828160,openiab.StoreService,cm.aptoide.pt,10148,0,54787,[],false,true,0,0,54797,
1431954828160,ch.unige.css.services.main.CssRegistryService,ch.unige.ping:background,10149,31837,60171236,[STARTED],false,true,0,0,60171508,
1431954828160,com.google.android.finsky.billing.iab.InAppBillingService,com.android.vending,10024,13210,76637303,[],false,true,1,1,76637314,
1431954828160,org.cyanogenmod.audiofx.HeadsetService,org.cyanogenmod.audiofx,10000,1289,67364,"[PERSISTENT,STARTED]",false,true,0,0,67374,
1431954902866,com.android.bluetooth.hid.HidService,com.android.bluetooth,1002,0,49150,[],false,true,0,0,49160,
1431954902866,com.cleanmaster.service.PermanentService,com.cleanmaster.mguard:service,10138,653,94138,[STARTED],false,true,1,1,76965618,
1431954902866,com.google.android.music.dial.DialMediaRouteProviderService,com.google.android.music:main,10073,0,57202,[],false,true,0,0,57212,
1431954902866,ch.unige.css.services.PingService,ch.unige.ping,10149,1632,78648900,[STARTED],false,true,0,0,78648911,
1431954902866,com.google.android.search.core.service.BroadcastListenerService,com.google.android.googlequicksearchbox:search,10026,3168,75471,[STARTED],false,true,0,0,70525555,
1431954902866,com.android.systemui.keyguard.KeyguardService,com.android.systemui,10014,930,44352,[PERSISTENT],false,false,2,2,68066,
1431954902866,openiab.StoreService,cm.aptoide.pt,10148,0,54787,[],false,true,0,0,54797,
1431954902866,ch.unige.css.services.main.CssRegistryService,ch.unige.ping:background,10149,31837,60171236,[STARTED],false,true,0,0,60171508,
1431954902866,com.google.android.finsky.billing.iab.InAppBillingService,com.android.vending,10024,13210,76637303,[],false,true,1,1,76637314,
1431954902866,org.cyanogenmod.audiofx.HeadsetService,org.cyanogenmod.audiofx,10000,1289,67364,"[PERSISTENT,STARTED]",false,true,0,0,67374,
1431954963844,com.android.bluetooth.hid.HidService,com.android.bluetooth,1002,0,49150,[],false,true,0,0,49160,
1431954963844,com.cleanmaster.service.PermanentService,com.cleanmaster.mguard:service,10138,653,94138,[STARTED],false,true,1,1,76965618,
1431954963844,com.google.android.music.dial.DialMediaRouteProviderService,com.google.android.music:main,10073,0,57202,[],false,true,0,0,57212,
1431954963844,ch.unige.css.services.PingService,ch.unige.ping,10149,1632,78709096,[STARTED],false,true,0,0,78709107,
1431954963844,com.google.android.search.core.service.BroadcastListenerService,com.google.android.googlequicksearchbox:search,10026,3168,75471,[STARTED],false,true,0,0,70525555,
1431954963844,com.android.systemui.keyguard.KeyguardService,com.android.systemui,10014,930,44352,[PERSISTENT],false,false,2,2,68066,
1431954963844,openiab.StoreService,cm.aptoide.pt,10148,0,54787,[],false,true,0,0,54797,
1431954963844,ch.unige.css.services.main.CssRegistryService,ch.unige.ping:background,10149,31837,60171236,[STARTED],false,true,0,0,60171508,
1431954963844,com.google.android.finsky.billing.iab.InAppBillingService,com.android.vending,10024,13210,76637303,[],false,true,1,1,76637314,
1431954963844,org.cyanogenmod.audiofx.HeadsetService,org.cyanogenmod.audiofx,10000,1289,67364,"[PERSISTENT,STARTED]",false,true,0,0,67374,
1431955023983,com.android.bluetooth.hid.HidService,com.android.bluetooth,1002,0,49150,[],false,true,0,0,49160,
1431955023983,com.cleanmaster.service.PermanentService,com.cleanmaster.mguard:service,10138,653,94138,[STARTED],false,true,1,1,76965618,
1431955023983,com.google.android.music.dial.DialMediaRouteProviderService,com.google.android.music:main,10073,0,57202,[],false,true,0,0,57212,
1431955023983,ch.unige.css.services.PingService,ch.unige.ping,10149,1632,78769246,[STARTED],false,true,0,0,78769257,
1431955023983,com.google.android.search.core.service.BroadcastListenerService,com.google.android.googlequicksearchbox:search,10026,3168,75471,[STARTED],false,true,0,0,70525555,
1431955023983,com.android.systemui.keyguard.KeyguardService,com.android.systemui,10014,930,44352,[PERSISTENT],false,false,2,2,68066,
1431955023983,openiab.StoreService,cm.aptoide.pt,10148,0,54787,[],false,true,0,0,54797,
1431955023983,ch.unige.css.services.main.CssRegistryService,ch.unige.ping:background,10149,31837,60171236,[STARTED],false,true,0,0,60171508,
1431955023983,com.google.android.finsky.billing.iab.InAppBillingService,com.android.vending,10024,13210,76637303,[],false,true,1,1,76637314,
1431955023983,org.cyanogenmod.audiofx.HeadsetService,org.cyanogenmod.audiofx,10000,1289,67364,"[PERSISTENT,STARTED]",false,true,0,0,67374,
1431955084146,com.android.bluetooth.hid.HidService,com.android.bluetooth,1002,0,49150,[],false,true,0,0,49160,
1431955084146,com.cleanmaster.service.PermanentService,com.cleanmaster.mguard:service,10138,653,94138,[STARTED],false,true,1,1,76965618,
1431955084146,com.google.android.music.dial.DialMediaRouteProviderService,com.google.android.music:main,10073,0,57202,[],false,true,0,0,57212,
1431955084146,ch.unige.css.services.PingService,ch.unige.ping,10149,1632,78829402,[STARTED],false,true,0,0,78829413,
1431955084146,com.google.android.search.core.service.BroadcastListenerService,com.google.android.googlequicksearchbox:search,10026,3168,75471,[STARTED],false,true,0,0,70525555,
1431955084146,com.android.systemui.keyguard.KeyguardService,com.android.systemui,10014,930,44352,[PERSISTENT],false,false,2,2,68066,
1431955084146,openiab.StoreService,cm.aptoide.pt,10148,0,54787,[],false,true,0,0,54797,
1431955084146,ch.unige.css.services.main.CssRegistryService,ch.unige.ping:background,10149,31837,60171236,[STARTED],false,true,0,0,60171508,
1431955084146,com.google.android.finsky.billing.iab.InAppBillingService,com.android.vending,10024,13210,76637303,[],false,true,1,1,76637314,
1431955084146,org.cyanogenmod.audiofx.HeadsetService,org.cyanogenmod.audiofx,10000,1289,67364,"[PERSISTENT,STARTED]",false,true,0,0,67374,
1431955144308,com.android.bluetooth.hid.HidService,com.android.bluetooth,1002,0,49150,[],false,true,0,0,49160,
1431955144308,com.cleanmaster.service.PermanentService,com.cleanmaster.mguard:service,10138,653,94138,[STARTED],false,true,1,1,76965618,
1431955144308,com.google.android.music.dial.DialMediaRouteProviderService,com.google.android.music:main,10073,0,57202,[],false,true,0,0,57212,
1431955144308,ch.unige.css.services.PingService,ch.unige.ping,10149,1632,78889549,[STARTED],false,true,0,0,78889560,
1431955144308,com.google.android.search.core.service.BroadcastListenerService,com.google.android.googlequicksearchbox:search,10026,3168,75471,[STARTED],false,true,0,0,70525555,
1431955144308,com.android.systemui.keyguard.KeyguardService,com.android.systemui,10014,930,44352,[PERSISTENT],false,false,2,2,68066,
1431955144308,openiab.StoreService,cm.aptoide.pt,10148,0,54787,[],false,true,0,0,54797,
1431955144308,ch.unige.css.services.main.CssRegistryService,ch.unige.ping:background,10149,31837,60171236,[STARTED],false,true,0,0,60171508,
1431955144308,com.google.android.finsky.billing.iab.InAppBillingService,com.android.vending,10024,13210,76637303,[],false,true,1,1,76637314,
1431955144308,org.cyanogenmod.audiofx.HeadsetService,org.cyanogenmod.audiofx,10000,1289,67364,"[PERSISTENT,STARTED]",false,true,0,0,67374,
1431955212608,com.android.bluetooth.hid.HidService,com.android.bluetooth,1002,0,49150,[],false,true,0,0,49160,
1431955212608,com.cleanmaster.service.PermanentService,com.cleanmaster.mguard:service,10138,653,94138,[STARTED],false,true,1,1,76965618,
1431955212608,com.google.android.music.dial.DialMediaRouteProviderService,com.google.android.music:main,10073,0,57202,[],false,true,0,0,57212,
1431955212608,ch.unige.css.services.PingService,ch.unige.ping,10149,1632,78957892,[STARTED],false,true,0,0,78957903,
1431955212608,com.google.android.search.core.service.BroadcastListenerService,com.google.android.googlequicksearchbox:search,10026,3168,75471,[STARTED],false,true,0,0,70525555,
1431955212608,com.android.systemui.keyguard.KeyguardService,com.android.systemui,10014,930,44352,[PERSISTENT],false,false,2,2,68066,
1431955212608,openiab.StoreService,cm.aptoide.pt,10148,0,54787,[],false,true,0,0,54797,
1431955212608,ch.unige.css.services.main.CssRegistryService,ch.unige.ping:background,10149,31837,60171236,[STARTED],false,true,0,0,60171508,
1431955212608,com.google.android.finsky.billing.iab.InAppBillingService,com.android.vending,10024,13210,76637303,[],false,true,1,1,76637314,
1431955212608,org.cyanogenmod.audiofx.HeadsetService,org.cyanogenmod.audiofx,10000,1289,67364,"[PERSISTENT,STARTED]",false,true,0,0,67374,
1431955272694,com.android.bluetooth.hid.HidService,com.android.bluetooth,1002,0,49150,[],false,true,0,0,49160,
1431955272694,com.cleanmaster.service.PermanentService,com.cleanmaster.mguard:service,10138,17133,94138,[STARTED],false,true,2,2,79017387,
1431955272694,com.google.android.music.dial.DialMediaRouteProviderService,com.google.android.music:main,10073,0,57202,[],false,true,0,0,57212,
1431955272694,ch.unige.css.services.PingService,ch.unige.ping,10149,1632,79017954,[STARTED],false,true,0,0,79017965,
1431955272694,com.google.android.search.core.service.BroadcastListenerService,com.google.android.googlequicksearchbox:search,10026,17299,75471,[STARTED],false,true,0,0,78996829,
1431955272694,com.android.systemui.keyguard.KeyguardService,com.android.systemui,10014,930,44352,[PERSISTENT],false,false,2,2,68066,
1431955272694,openiab.StoreService,cm.aptoide.pt,10148,0,54787,[],false,true,0,0,54797,
1431955272694,ch.unige.css.services.main.CssRegistryService,ch.unige.ping:background,10149,31837,60171236,[STARTED],false,true,0,0,60171508,
1431955272694,org.cyanogenmod.audiofx.HeadsetService,org.cyanogenmod.audiofx,10000,1289,67364,"[PERSISTENT,STARTED]",false,true,0,0,67374,
1431955272694,com.whatsapp.messaging.MessageService,com.whatsapp,10110,2813,67811,[STARTED],false,true,1,1,78128232,
1431955332798,com.android.bluetooth.hid.HidService,com.android.bluetooth,1002,0,49150,[],false,true,0,0,49160,
1431955332798,com.cleanmaster.service.PermanentService,com.cleanmaster.mguard:service,10138,17133,94138,[STARTED],false,true,1,1,79024402,
1431955332798,com.google.android.music.dial.DialMediaRouteProviderService,com.google.android.music:main,10073,0,57202,[],false,true,0,0,57212,
1431955332798,ch.unige.css.services.PingService,ch.unige.ping,10149,1632,79078050,[STARTED],false,true,0,0,79078061,
1431955332798,com.google.android.search.core.service.BroadcastListenerService,com.google.android.googlequicksearchbox:search,10026,17299,75471,[STARTED],false,true,0,0,78996829,
1431955332798,com.android.systemui.keyguard.KeyguardService,com.android.systemui,10014,930,44352,[PERSISTENT],false,false,2,2,68066,
1431955332798,openiab.StoreService,cm.aptoide.pt,10148,0,54787,[],false,true,0,0,54797,
1431955332798,ch.unige.css.services.main.CssRegistryService,ch.unige.ping:background,10149,18127,79078041,[STARTED],false,true,0,0,79078052,
1431955332798,com.google.android.finsky.billing.iab.InAppBillingService,com.android.vending,10024,16998,79023395,[],false,true,1,1,79023406,
1431955332798,org.cyanogenmod.audiofx.HeadsetService,org.cyanogenmod.audiofx,10000,1289,67364,"[PERSISTENT,STARTED]",false,true,0,0,67374,
1431955392864,com.android.bluetooth.hid.HidService,com.android.bluetooth,1002,0,49150,[],false,true,0,0,49160,
1431955392864,com.cleanmaster.service.PermanentService,com.cleanmaster.mguard:service,10138,17133,94138,[STARTED],false,true,1,1,79024402,
1431955392864,com.google.android.music.dial.DialMediaRouteProviderService,com.google.android.music:main,10073,0,57202,[],false,true,0,0,57212,
1431955392864,ch.unige.css.services.PingService,ch.unige.ping,10149,1632,79138154,[STARTED],false,true,0,0,79138165,
1431955392864,com.google.android.search.core.service.BroadcastListenerService,com.google.android.googlequicksearchbox:search,10026,17299,75471,[STARTED],false,true,0,0,78996829,
1431955392864,com.android.systemui.keyguard.KeyguardService,com.android.systemui,10014,930,44352,[PERSISTENT],false,false,2,2,68066,
1431955392864,openiab.StoreService,cm.aptoide.pt,10148,0,54787,[],false,true,0,0,54797,
1431955392864,ch.unige.css.services.main.CssRegistryService,ch.unige.ping:background,10149,18127,79078041,[STARTED],false,true,0,0,79078052,
1431955392864,com.google.android.finsky.billing.iab.InAppBillingService,com.android.vending,10024,16998,79023395,[],false,true,1,1,79023406,
1431955392864,org.cyanogenmod.audiofx.HeadsetService,org.cyanogenmod.audiofx,10000,1289,67364,"[PERSISTENT,STARTED]",false,true,0,0,67374,
1431955454192,com.android.bluetooth.hid.HidService,com.android.bluetooth,1002,0,49150,[],false,true,0,0,49160,
1431955454192,com.cleanmaster.service.PermanentService,com.cleanmaster.mguard:service,10138,17133,94138,[STARTED],false,true,1,1,79024402,
1431955454192,com.google.android.music.dial.DialMediaRouteProviderService,com.google.android.music:main,10073,0,57202,[],false,true,0,0,57212,
1431955454192,ch.unige.css.services.PingService,ch.unige.ping,10149,1632,79199514,[STARTED],false,true,0,0,79199525,
1431955454192,com.google.android.search.core.service.BroadcastListenerService,com.google.android.googlequicksearchbox:search,10026,17299,75471,[STARTED],false,true,0,0,78996829,
1431955454192,com.android.systemui.keyguard.KeyguardService,com.android.systemui,10014,930,44352,[PERSISTENT],false,false,2,2,68066,
1431955454192,openiab.StoreService,cm.aptoide.pt,10148,0,54787,[],false,true,0,0,54797,
1431955454192,ch.unige.css.services.main.CssRegistryService,ch.unige.ping:background,10149,18127,79078041,[STARTED],false,true,0,0,79078052,
1431955454192,com.google.android.finsky.billing.iab.InAppBillingService,com.android.vending,10024,16998,79023395,[],false,true,1,1,79023406,
1431955454192,org.cyanogenmod.audiofx.HeadsetService,org.cyanogenmod.audiofx,10000,1289,67364,"[PERSISTENT,STARTED]",false,true,0,0,67374,
1431955514194,com.android.bluetooth.hid.HidService,com.android.bluetooth,1002,0,49150,[],false,true,0,0,49160,
1431955514194,com.cleanmaster.service.PermanentService,com.cleanmaster.mguard:service,10138,17133,94138,[STARTED],false,true,1,1,79024402,
1431955514194,com.google.android.music.dial.DialMediaRouteProviderService,com.google.android.music:main,10073,0,57202,[],false,true,0,0,57212,
1431955514194,ch.unige.css.services.PingService,ch.unige.ping,10149,1632,79259536,[STARTED],false,true,0,0,79259547,
1431955514194,com.google.android.search.core.service.BroadcastListenerService,com.google.android.googlequicksearchbox:search,10026,17299,75471,[STARTED],false,true,0,0,78996829,
1431955514194,com.android.systemui.keyguard.KeyguardService,com.android.systemui,10014,930,44352,[PERSISTENT],false,false,2,2,68066,
1431955514194,openiab.StoreService,cm.aptoide.pt,10148,0,54787,[],false,true,0,0,54797,
1431955514194,ch.unige.css.services.main.CssRegistryService,ch.unige.ping:background,10149,18127,79078041,[STARTED],false,true,0,0,79078052,
1431955514194,org.cyanogenmod.audiofx.HeadsetService,org.cyanogenmod.audiofx,10000,1289,67364,"[PERSISTENT,STARTED]",false,true,0,0,67374,
1431955514194,com.whatsapp.messaging.MessageService,com.whatsapp,10110,2813,67811,[STARTED],false,true,1,1,79222269,
1431955576740,com.android.bluetooth.hid.HidService,com.android.bluetooth,1002,0,49150,[],false,true,0,0,49160,
1431955576740,com.cleanmaster.service.PermanentService,com.cleanmaster.mguard:service,10138,17133,94138,[STARTED],false,true,1,1,79024402,
1431955576740,com.google.android.music.dial.DialMediaRouteProviderService,com.google.android.music:main,10073,0,57202,[],false,true,0,0,57212,
1431955576740,ch.unige.css.services.PingService,ch.unige.ping,10149,1632,79321949,[STARTED],false,true,0,0,79321960,
1431955576740,com.google.android.search.core.service.BroadcastListenerService,com.google.android.googlequicksearchbox:search,10026,17299,75471,[STARTED],false,true,0,0,78996829,
1431955576740,com.android.systemui.keyguard.KeyguardService,com.android.systemui,10014,930,44352,[PERSISTENT],false,false,2,2,68066,
1431955576740,openiab.StoreService,cm.aptoide.pt,10148,0,54787,[],false,true,0,0,54797,
1431955576740,ch.unige.css.services.main.CssRegistryService,ch.unige.ping:background,10149,18127,79078041,[STARTED],false,true,0,0,79078052,
1431955576740,com.google.android.finsky.billing.iab.InAppBillingService,com.android.vending,10024,19123,79261010,[],false,true,1,1,79261021,
1431955576740,org.cyanogenmod.audiofx.HeadsetService,org.cyanogenmod.audiofx,10000,1289,67364,"[PERSISTENT,STARTED]",false,true,0,0,67374,
1431955636707,com.android.bluetooth.hid.HidService,com.android.bluetooth,1002,0,49150,[],false,true,0,0,49160,
1431955636707,com.cleanmaster.service.PermanentService,com.cleanmaster.mguard:service,10138,17133,94138,[STARTED],false,true,1,1,79024402,
1431955636707,com.google.android.music.dial.DialMediaRouteProviderService,com.google.android.music:main,10073,0,57202,[],false,true,0,0,57212,
1431955636707,ch.unige.css.services.PingService,ch.unige.ping,10149,1632,79382034,[STARTED],false,true,0,0,79382045,
1431955636707,com.google.android.search.core.service.BroadcastListenerService,com.google.android.googlequicksearchbox:search,10026,17299,75471,[STARTED],false,true,0,0,78996829,
1431955636707,com.android.systemui.keyguard.KeyguardService,com.android.systemui,10014,930,44352,[PERSISTENT],false,false,2,2,68066,
1431955636707,openiab.StoreService,cm.aptoide.pt,10148,0,54787,[],false,true,0,0,54797,
1431955636707,ch.unige.css.services.main.CssRegistryService,ch.unige.ping:background,10149,18127,79078041,[STARTED],false,true,0,0,79078052,
1431955636707,com.google.android.finsky.billing.iab.InAppBillingService,com.android.vending,10024,19123,79261010,[],false,true,1,1,79261021,
1431955636707,org.cyanogenmod.audiofx.HeadsetService,org.cyanogenmod.audiofx,10000,1289,67364,"[PERSISTENT,STARTED]",false,true,0,0,67374,
1431955696877,com.android.bluetooth.hid.HidService,com.android.bluetooth,1002,0,49150,[],false,true,0,0,49160,
1431955696877,com.cleanmaster.service.PermanentService,com.cleanmaster.mguard:service,10138,17133,94138,[STARTED],false,true,1,1,79024402,
1431955696877,com.google.android.music.dial.DialMediaRouteProviderService,com.google.android.music:main,10073,0,57202,[],false,true,0,0,57212,
1431955696877,ch.unige.css.services.PingService,ch.unige.ping,10149,1632,79442100,[STARTED],false,true,0,0,79442111,
1431955696877,com.google.android.search.core.service.BroadcastListenerService,com.google.android.googlequicksearchbox:search,10026,17299,75471,[STARTED],false,true,0,0,78996829,
1431955696877,com.android.systemui.keyguard.KeyguardService,com.android.systemui,10014,930,44352,[PERSISTENT],false,false,2,2,68066,
1431955696877,openiab.StoreService,cm.aptoide.pt,10148,0,54787,[],false,true,0,0,54797,
1431955696877,ch.unige.css.services.main.CssRegistryService,ch.unige.ping:background,10149,18127,79078041,[STARTED],false,true,0,0,79078052,
1431955696877,com.google.android.finsky.billing.iab.InAppBillingService,com.android.vending,10024,19123,79261010,[],false,true,1,1,79261021,
1431955696877,org.cyanogenmod.audiofx.HeadsetService,org.cyanogenmod.audiofx,10000,1289,67364,"[PERSISTENT,STARTED]",false,true,0,0,67374,
1431955758852,com.android.bluetooth.hid.HidService,com.android.bluetooth,1002,0,49150,[],false,true,0,0,49160,
1431955758852,com.cleanmaster.service.PermanentService,com.cleanmaster.mguard:service,10138,17133,94138,[STARTED],false,true,1,1,79024402,
1431955758852,com.google.android.music.dial.DialMediaRouteProviderService,com.google.android.music:main,10073,0,57202,[],false,true,0,0,57212,
1431955758852,ch.unige.css.services.PingService,ch.unige.ping,10149,1632,79504166,[STARTED],false,true,0,0,79504177,
1431955758852,com.google.android.search.core.service.BroadcastListenerService,com.google.android.googlequicksearchbox:search,10026,17299,75471,[STARTED],false,true,0,0,78996829,
1431955758852,com.android.systemui.keyguard.KeyguardService,com.android.systemui,10014,930,44352,[PERSISTENT],false,false,2,2,68066,
1431955758852,openiab.StoreService,cm.aptoide.pt,10148,0,54787,[],false,true,0,0,54797,
1431955758852,ch.unige.css.services.main.CssRegistryService,ch.unige.ping:background,10149,18127,79078041,[STARTED],false,true,0,0,79078052,
1431955758852,com.google.android.finsky.billing.iab.InAppBillingService,com.android.vending,10024,19123,79261010,[],false,true,1,1,79261021,
1431955758852,org.cyanogenmod.audiofx.HeadsetService,org.cyanogenmod.audiofx,10000,1289,67364,"[PERSISTENT,STARTED]",false,true,0,0,67374,
1431955821152,com.android.bluetooth.hid.HidService,com.android.bluetooth,1002,0,49150,[],false,true,0,0,49160,
1431955821152,com.cleanmaster.service.PermanentService,com.cleanmaster.mguard:service,10138,17133,94138,[STARTED],false,true,1,1,79024402,
1431955821152,com.google.android.music.dial.DialMediaRouteProviderService,com.google.android.music:main,10073,0,57202,[],false,true,0,0,57212,
1431955821152,ch.unige.css.services.PingService,ch.unige.ping,10149,1632,79566454,[STARTED],false,true,0,0,79566465,
1431955821152,com.google.android.search.core.service.BroadcastListenerService,com.google.android.googlequicksearchbox:search,10026,17299,75471,[STARTED],false,true,0,0,78996829,
1431955821152,com.android.systemui.keyguard.KeyguardService,com.android.systemui,10014,930,44352,[PERSISTENT],false,false,2,2,68066,
1431955821152,openiab.StoreService,cm.aptoide.pt,10148,0,54787,[],false,true,0,0,54797,
1431955821152,ch.unige.css.services.main.CssRegistryService,ch.unige.ping:background,10149,18127,79078041,[STARTED],false,true,0,0,79078052,
1431955821152,com.google.android.finsky.billing.iab.InAppBillingService,com.android.vending,10024,19123,79261010,[],false,true,1,1,79261021,
1431955821152,org.cyanogenmod.audiofx.HeadsetService,org.cyanogenmod.audiofx,10000,1289,67364,"[PERSISTENT,STARTED]",false,true,0,0,67374,
1431955881291,com.android.bluetooth.hid.HidService,com.android.bluetooth,1002,0,49150,[],false,true,0,0,49160,
1431955881291,com.cleanmaster.service.PermanentService,com.cleanmaster.mguard:service,10138,17133,94138,[STARTED],false,true,1,1,79024402,
1431955881291,com.google.android.music.dial.DialMediaRouteProviderService,com.google.android.music:main,10073,0,57202,[],false,true,0,0,57212,
1431955881291,ch.unige.css.services.PingService,ch.unige.ping,10149,1632,79626595,[STARTED],false,true,0,0,79626606,
1431955881291,com.google.android.search.core.service.BroadcastListenerService,com.google.android.googlequicksearchbox:search,10026,17299,75471,[STARTED],false,true,0,0,78996829,
1431955881291,com.android.systemui.keyguard.KeyguardService,com.android.systemui,10014,930,44352,[PERSISTENT],false,false,2,2,68066,
1431955881291,openiab.StoreService,cm.aptoide.pt,10148,0,54787,[],false,true,0,0,54797,
1431955881291,ch.unige.css.services.main.CssRegistryService,ch.unige.ping:background,10149,18127,79078041,[STARTED],false,true,0,0,79078052,
1431955881291,com.google.android.finsky.billing.iab.InAppBillingService,com.android.vending,10024,19123,79261010,[],false,true,1,1,79261021,
1431955881291,org.cyanogenmod.audiofx.HeadsetService,org.cyanogenmod.audiofx,10000,1289,67364,"[PERSISTENT,STARTED]",false,true,0,0,67374,
1431955961443,com.android.bluetooth.hid.HidService,com.android.bluetooth,1002,0,49150,[],false,true,0,0,49160,
1431955961443,com.cleanmaster.service.PermanentService,com.cleanmaster.mguard:service,10138,17133,94138,[STARTED],false,true,1,1,79024402,
1431955961443,com.google.android.music.dial.DialMediaRouteProviderService,com.google.android.music:main,10073,0,57202,[],false,true,0,0,57212,
1431955961443,ch.unige.css.services.PingService,ch.unige.ping,10149,1632,79706752,[STARTED],false,true,0,0,79706763,
1431955961443,com.google.android.search.core.service.BroadcastListenerService,com.google.android.googlequicksearchbox:search,10026,17299,75471,[STARTED],false,true,0,0,78996829,
1431955961443,com.android.systemui.keyguard.KeyguardService,com.android.systemui,10014,930,44352,[PERSISTENT],false,false,2,2,68066,
1431955961443,openiab.StoreService,cm.aptoide.pt,10148,0,54787,[],false,true,0,0,54797,
1431955961443,ch.unige.css.services.main.CssRegistryService,ch.unige.ping:background,10149,18127,79078041,[STARTED],false,true,0,0,79078052,
1431955961443,com.google.android.finsky.billing.iab.InAppBillingService,com.android.vending,10024,19123,79261010,[],false,true,1,1,79261021,
1431955961443,org.cyanogenmod.audiofx.HeadsetService,org.cyanogenmod.audiofx,10000,1289,67364,"[PERSISTENT,STARTED]",false,true,0,0,67374,
1431956021650,com.android.bluetooth.hid.HidService,com.android.bluetooth,1002,0,49150,[],false,true,0,0,49160,
1431956021650,com.cleanmaster.service.PermanentService,com.cleanmaster.mguard:service,10138,17133,94138,[STARTED],false,true,1,1,79751778,
1431956021650,com.google.android.music.dial.DialMediaRouteProviderService,com.google.android.music:main,10073,0,57202,[],false,true,0,0,57212,
1431956021650,ch.unige.css.services.PingService,ch.unige.ping,10149,1632,79766948,[STARTED],false,true,0,0,79766959,
1431956021650,com.google.android.search.core.service.BroadcastListenerService,com.google.android.googlequicksearchbox:search,10026,17299,75471,[STARTED],false,true,0,0,78996829,
1431956021650,com.android.systemui.keyguard.KeyguardService,com.android.systemui,10014,930,44352,[PERSISTENT],false,false,2,2,68066,
1431956021650,openiab.StoreService,cm.aptoide.pt,10148,0,54787,[],false,true,0,0,54797,
1431956021650,ch.unige.css.services.main.CssRegistryService,ch.unige.ping:background,10149,18127,79078041,[STARTED],false,true,0,0,79078052,
1431956021650,com.google.android.finsky.billing.iab.InAppBillingService,com.android.vending,10024,19123,79261010,[],false,true,1,1,79261021,
1431956021650,org.cyanogenmod.audiofx.HeadsetService,org.cyanogenmod.audiofx,10000,1289,67364,"[PERSISTENT,STARTED]",false,true,0,0,67374,
1431956093118,com.android.bluetooth.hid.HidService,com.android.bluetooth,1002,0,49150,[],false,true,0,0,49160,
1431956093118,com.cleanmaster.service.PermanentService,com.cleanmaster.mguard:service,10138,17133,94138,[STARTED],false,true,1,1,79751778,
1431956093118,com.google.android.music.dial.DialMediaRouteProviderService,com.google.android.music:main,10073,0,57202,[],false,true,0,0,57212,
1431956093118,ch.unige.css.services.PingService,ch.unige.ping,10149,1632,79838417,[STARTED],false,true,0,0,79838428,
1431956093118,com.google.android.search.core.service.BroadcastListenerService,com.google.android.googlequicksearchbox:search,10026,17299,75471,[STARTED],false,true,0,0,78996829,
1431956093118,com.android.systemui.keyguard.KeyguardService,com.android.systemui,10014,930,44352,[PERSISTENT],false,false,2,2,68066,
1431956093118,openiab.StoreService,cm.aptoide.pt,10148,0,54787,[],false,true,0,0,54797,
1431956093118,ch.unige.css.services.main.CssRegistryService,ch.unige.ping:background,10149,18127,79078041,[STARTED],false,true,0,0,79078052,
1431956093118,com.google.android.finsky.billing.iab.InAppBillingService,com.android.vending,10024,19123,79261010,[],false,true,1,1,79261021,
1431956093118,org.cyanogenmod.audiofx.HeadsetService,org.cyanogenmod.audiofx,10000,1289,67364,"[PERSISTENT,STARTED]",false,true,0,0,67374,
1431956153275,com.android.bluetooth.hid.HidService,com.android.bluetooth,1002,0,49150,[],false,true,0,0,49160,
1431956153275,com.cleanmaster.service.PermanentService,com.cleanmaster.mguard:service,10138,17133,94138,[STARTED],false,true,1,1,79751778,
1431956153275,com.google.android.music.dial.DialMediaRouteProviderService,com.google.android.music:main,10073,0,57202,[],false,true,0,0,57212,
1431956153275,ch.unige.css.services.PingService,ch.unige.ping,10149,1632,79898500,[STARTED],false,true,0,0,79898511,
1431956153275,com.google.android.search.core.service.BroadcastListenerService,com.google.android.googlequicksearchbox:search,10026,17299,75471,[STARTED],false,true,0,0,78996829,
1431956153275,com.android.systemui.keyguard.KeyguardService,com.android.systemui,10014,930,44352,[PERSISTENT],false,false,2,2,68066,
1431956153275,openiab.StoreService,cm.aptoide.pt,10148,0,54787,[],false,true,0,0,54797,
1431956153275,ch.unige.css.services.main.CssRegistryService,ch.unige.ping:background,10149,18127,79078041,[STARTED],false,true,0,0,79078052,
1431956153275,com.google.android.finsky.billing.iab.InAppBillingService,com.android.vending,10024,19123,79261010,[],false,true,1,1,79261021,
1431956153275,org.cyanogenmod.audiofx.HeadsetService,org.cyanogenmod.audiofx,10000,1289,67364,"[PERSISTENT,STARTED]",false,true,0,0,67374,
1431956213640,com.android.bluetooth.hid.HidService,com.android.bluetooth,1002,0,49150,[],false,true,0,0,49160,
1431956213640,com.cleanmaster.service.PermanentService,com.cleanmaster.mguard:service,10138,17133,94138,[STARTED],false,true,1,1,79751778,
1431956213640,com.google.android.music.dial.DialMediaRouteProviderService,com.google.android.music:main,10073,0,57202,[],false,true,0,0,57212,
1431956213640,ch.unige.css.services.PingService,ch.unige.ping,10149,1632,79958942,[STARTED],false,true,0,0,79958953,
1431956213640,com.google.android.search.core.service.BroadcastListenerService,com.google.android.googlequicksearchbox:search,10026,17299,75471,[STARTED],false,true,0,0,78996829,
1431956213640,com.android.systemui.keyguard.KeyguardService,com.android.systemui,10014,930,44352,[PERSISTENT],false,false,2,2,68066,
1431956213640,openiab.StoreService,cm.aptoide.pt,10148,0,54787,[],false,true,0,0,54797,
1431956213640,ch.unige.css.services.main.CssRegistryService,ch.unige.ping:background,10149,18127,79078041,[STARTED],false,true,0,0,79078052,
1431956213640,com.google.android.finsky.billing.iab.InAppBillingService,com.android.vending,10024,19123,79261010,[],false,true,1,1,79261021,
1431956213640,org.cyanogenmod.audiofx.HeadsetService,org.cyanogenmod.audiofx,10000,1289,67364,"[PERSISTENT,STARTED]",false,true,0,0,67374,
1431956273962,com.android.bluetooth.hid.HidService,com.android.bluetooth,1002,0,49150,[],false,true,0,0,49160,
1431956273962,com.cleanmaster.service.PermanentService,com.cleanmaster.mguard:service,10138,17133,94138,[STARTED],false,true,1,1,79751778,
1431956273962,com.google.android.music.dial.DialMediaRouteProviderService,com.google.android.music:main,10073,0,57202,[],false,true,0,0,57212,
1431956273962,ch.unige.css.services.PingService,ch.unige.ping,10149,1632,80019266,[STARTED],false,true,0,0,80019277,
1431956273962,com.google.android.search.core.service.BroadcastListenerService,com.google.android.googlequicksearchbox:search,10026,17299,75471,[STARTED],false,true,0,0,78996829,
1431956273962,com.android.systemui.keyguard.KeyguardService,com.android.systemui,10014,930,44352,[PERSISTENT],false,false,2,2,68066,
1431956273962,openiab.StoreService,cm.aptoide.pt,10148,0,54787,[],false,true,0,0,54797,
1431956273962,ch.unige.css.services.main.CssRegistryService,ch.unige.ping:background,10149,18127,79078041,[STARTED],false,true,0,0,79078052,
1431956273962,com.google.android.finsky.billing.iab.InAppBillingService,com.android.vending,10024,19123,79261010,[],false,true,1,1,79261021,
1431956273962,org.cyanogenmod.audiofx.HeadsetService,org.cyanogenmod.audiofx,10000,1289,67364,"[PERSISTENT,STARTED]",false,true,0,0,67374,
1431956334249,com.android.bluetooth.hid.HidService,com.android.bluetooth,1002,0,49150,[],false,true,0,0,49160,
1431956334249,com.cleanmaster.service.PermanentService,com.cleanmaster.mguard:service,10138,17133,94138,[STARTED],false,true,1,1,79751778,
1431956334249,com.google.android.music.dial.DialMediaRouteProviderService,com.google.android.music:main,10073,0,57202,[],false,true,0,0,57212,
1431956334249,ch.unige.css.services.PingService,ch.unige.ping,10149,1632,80079545,[STARTED],false,true,0,0,80079556,
1431956334249,com.google.android.search.core.service.BroadcastListenerService,com.google.android.googlequicksearchbox:search,10026,17299,75471,[STARTED],false,true,0,0,78996829,
1431956334249,com.android.systemui.keyguard.KeyguardService,com.android.systemui,10014,930,44352,[PERSISTENT],false,false,2,2,68066,
1431956334249,openiab.StoreService,cm.aptoide.pt,10148,0,54787,[],false,true,0,0,54797,
1431956334249,ch.unige.css.services.main.CssRegistryService,ch.unige.ping:background,10149,18127,79078041,[STARTED],false,true,0,0,79078052,
1431956334249,com.google.android.finsky.billing.iab.InAppBillingService,com.android.vending,10024,19123,79261010,[],false,true,1,1,79261021,
1431956334249,org.cyanogenmod.audiofx.HeadsetService,org.cyanogenmod.audiofx,10000,1289,67364,"[PERSISTENT,STARTED]",false,true,0,0,67374,
1431956394555,com.android.bluetooth.hid.HidService,com.android.bluetooth,1002,0,49150,[],false,true,0,0,49160,
1431956394555,com.cleanmaster.service.PermanentService,com.cleanmaster.mguard:service,10138,17133,94138,[STARTED],false,true,1,1,79751778,
1431956394555,com.google.android.music.dial.DialMediaRouteProviderService,com.google.android.music:main,10073,0,57202,[],false,true,0,0,57212,
1431956394555,ch.unige.css.services.PingService,ch.unige.ping,10149,1632,80139849,[STARTED],false,true,0,0,80139860,
1431956394555,com.google.android.search.core.service.BroadcastListenerService,com.google.android.googlequicksearchbox:search,10026,17299,75471,[STARTED],false,true,0,0,78996829,
1431956394555,com.android.systemui.keyguard.KeyguardService,com.android.systemui,10014,930,44352,[PERSISTENT],false,false,2,2,68066,
1431956394555,openiab.StoreService,cm.aptoide.pt,10148,0,54787,[],false,true,0,0,54797,
1431956394555,ch.unige.css.services.main.CssRegistryService,ch.unige.ping:background,10149,18127,79078041,[STARTED],false,true,0,0,79078052,
1431956394555,com.google.android.finsky.billing.iab.InAppBillingService,com.android.vending,10024,19123,79261010,[],false,true,1,1,79261021,
1431956394555,org.cyanogenmod.audiofx.HeadsetService,org.cyanogenmod.audiofx,10000,1289,67364,"[PERSISTENT,STARTED]",false,true,0,0,67374,
1431956455032,com.android.bluetooth.hid.HidService,com.android.bluetooth,1002,0,49150,[],false,true,0,0,49160,
1431956455032,com.cleanmaster.service.PermanentService,com.cleanmaster.mguard:service,10138,17133,94138,[STARTED],false,true,1,1,79751778,
1431956455032,com.google.android.music.dial.DialMediaRouteProviderService,com.google.android.music:main,10073,0,57202,[],false,true,0,0,57212,
1431956455032,ch.unige.css.services.PingService,ch.unige.ping,10149,1632,80200290,[STARTED],false,true,0,0,80200301,
1431956455032,com.google.android.search.core.service.BroadcastListenerService,com.google.android.googlequicksearchbox:search,10026,17299,75471,[STARTED],false,true,0,0,78996829,
1431956455032,com.android.systemui.keyguard.KeyguardService,com.android.systemui,10014,930,44352,[PERSISTENT],false,false,2,2,68066,
1431956455032,openiab.StoreService,cm.aptoide.pt,10148,0,54787,[],false,true,0,0,54797,
1431956455032,ch.unige.css.services.main.CssRegistryService,ch.unige.ping:background,10149,18127,79078041,[STARTED],false,true,0,0,79078052,
1431956455032,com.google.android.finsky.billing.iab.InAppBillingService,com.android.vending,10024,19123,79261010,[],false,true,1,1,79261021,
1431956455032,org.cyanogenmod.audiofx.HeadsetService,org.cyanogenmod.audiofx,10000,1289,67364,"[PERSISTENT,STARTED]",false,true,0,0,67374,
1431956517771,com.android.bluetooth.hid.HidService,com.android.bluetooth,1002,0,49150,[],false,true,0,0,49160,
1431956517771,com.cleanmaster.service.PermanentService,com.cleanmaster.mguard:service,10138,17133,94138,[STARTED],false,true,1,1,79751778,
1431956517771,com.google.android.music.dial.DialMediaRouteProviderService,com.google.android.music:main,10073,0,57202,[],false,true,0,0,57212,
1431956517771,ch.unige.css.services.PingService,ch.unige.ping,10149,1632,80263058,[STARTED],false,true,0,0,80263069,
1431956517771,com.google.android.search.core.service.BroadcastListenerService,com.google.android.googlequicksearchbox:search,10026,17299,75471,[STARTED],false,true,0,0,78996829,
1431956517771,com.android.systemui.keyguard.KeyguardService,com.android.systemui,10014,930,44352,[PERSISTENT],false,false,2,2,68066,
1431956517771,openiab.StoreService,cm.aptoide.pt,10148,0,54787,[],false,true,0,0,54797,
1431956517771,ch.unige.css.services.main.CssRegistryService,ch.unige.ping:background,10149,18127,79078041,[STARTED],false,true,0,0,79078052,
1431956517771,com.google.android.finsky.billing.iab.InAppBillingService,com.android.vending,10024,19123,79261010,[],false,true,1,1,79261021,
1431956517771,org.cyanogenmod.audiofx.HeadsetService,org.cyanogenmod.audiofx,10000,1289,67364,"[PERSISTENT,STARTED]",false,true,0,0,67374,
1431956577911,com.android.bluetooth.hid.HidService,com.android.bluetooth,1002,0,49150,[],false,true,0,0,49160,
1431956577911,com.cleanmaster.service.PermanentService,com.cleanmaster.mguard:service,10138,17133,94138,[STARTED],false,true,1,1,79751778,
1431956577911,com.google.android.music.dial.DialMediaRouteProviderService,com.google.android.music:main,10073,0,57202,[],false,true,0,0,57212,
1431956577911,ch.unige.css.services.PingService,ch.unige.ping,10149,1632,80323125,[STARTED],false,true,0,0,80323136,
1431956577911,com.google.android.search.core.service.BroadcastListenerService,com.google.android.googlequicksearchbox:search,10026,17299,75471,[STARTED],false,true,0,0,78996829,
1431956577911,com.android.systemui.keyguard.KeyguardService,com.android.systemui,10014,930,44352,[PERSISTENT],false,false,2,2,68066,
1431956577911,openiab.StoreService,cm.aptoide.pt,10148,0,54787,[],false,true,0,0,54797,
1431956577911,ch.unige.css.services.main.CssRegistryService,ch.unige.ping:background,10149,18127,79078041,[STARTED],false,true,0,0,79078052,
1431956577911,com.google.android.finsky.billing.iab.InAppBillingService,com.android.vending,10024,19123,79261010,[],false,true,1,1,79261021,
1431956577911,org.cyanogenmod.audiofx.HeadsetService,org.cyanogenmod.audiofx,10000,1289,67364,"[PERSISTENT,STARTED]",false,true,0,0,67374,
1431956637842,com.android.bluetooth.hid.HidService,com.android.bluetooth,1002,0,49150,[],false,true,0,0,49160,
1431956637842,com.cleanmaster.service.PermanentService,com.cleanmaster.mguard:service,10138,17133,94138,[STARTED],false,true,1,1,79751778,
1431956637842,com.google.android.music.dial.DialMediaRouteProviderService,com.google.android.music:main,10073,0,57202,[],false,true,0,0,57212,
1431956637842,ch.unige.css.services.PingService,ch.unige.ping,10149,1632,80383183,[STARTED],false,true,0,0,80383194,
1431956637842,com.google.android.search.core.service.BroadcastListenerService,com.google.android.googlequicksearchbox:search,10026,17299,75471,[STARTED],false,true,0,0,78996829,
1431956637842,com.android.systemui.keyguard.KeyguardService,com.android.systemui,10014,930,44352,[PERSISTENT],false,false,2,2,68066,
1431956637842,openiab.StoreService,cm.aptoide.pt,10148,0,54787,[],false,true,0,0,54797,
1431956637842,ch.unige.css.services.main.CssRegistryService,ch.unige.ping:background,10149,18127,79078041,[STARTED],false,true,0,0,79078052,
1431956637842,com.google.android.finsky.billing.iab.InAppBillingService,com.android.vending,10024,19123,79261010,[],false,true,1,1,79261021,
1431956637842,org.cyanogenmod.audiofx.HeadsetService,org.cyanogenmod.audiofx,10000,1289,67364,"[PERSISTENT,STARTED]",false,true,0,0,67374,
1431956697041,com.android.bluetooth.hid.HidService,com.android.bluetooth,1002,0,49150,[],false,true,0,0,49160,
1431956697041,com.cleanmaster.service.PermanentService,com.cleanmaster.mguard:service,10138,17133,94138,[STARTED],false,true,1,1,80392837,
1431956697041,com.google.android.music.dial.DialMediaRouteProviderService,com.google.android.music:main,10073,0,57202,[],false,true,0,0,57212,
1431956697041,ch.unige.css.services.PingService,ch.unige.ping,10149,1632,80443196,[STARTED],false,true,0,0,80443207,
1431956697041,com.google.android.search.core.service.BroadcastListenerService,com.google.android.googlequicksearchbox:search,10026,17299,75471,[STARTED],false,true,0,0,78996829,
1431956697041,com.google.android.gms.car.InCallServiceImpl,com.google.android.gms:car,10020,21477,80396320,[],false,true,1,1,80396785,
1431956697041,com.android.systemui.keyguard.KeyguardService,com.android.systemui,10014,930,44352,[PERSISTENT],false,false,2,2,68066,
1431956697041,openiab.StoreService,cm.aptoide.pt,10148,0,54787,[],false,true,0,0,54797,
1431956697041,ch.unige.css.services.main.CssRegistryService,ch.unige.ping:background,10149,18127,79078041,[STARTED],false,true,0,0,79078052,
1431956697041,org.cyanogenmod.audiofx.HeadsetService,org.cyanogenmod.audiofx,10000,1289,67364,"[PERSISTENT,STARTED]",false,true,0,0,67374,
1431956758345,com.android.bluetooth.hid.HidService,com.android.bluetooth,1002,0,49150,[],false,true,0,0,49160,
1431956758345,com.cleanmaster.service.PermanentService,com.cleanmaster.mguard:service,10138,17133,94138,[STARTED],false,true,1,1,80470221,
1431956758345,com.google.android.music.dial.DialMediaRouteProviderService,com.google.android.music:main,10073,0,57202,[],false,true,0,0,57212,
1431956758345,ch.unige.css.services.PingService,ch.unige.ping,10149,1632,80504420,[STARTED],false,true,0,0,80504431,
1431956758345,com.google.android.search.core.service.BroadcastListenerService,com.google.android.googlequicksearchbox:search,10026,17299,75471,[STARTED],false,true,0,0,78996829,
1431956758345,com.android.systemui.keyguard.KeyguardService,com.android.systemui,10014,930,44352,[PERSISTENT],false,false,2,2,68066,
1431956758345,openiab.StoreService,cm.aptoide.pt,10148,0,54787,[],false,true,0,0,54797,
1431956758345,ch.unige.css.services.main.CssRegistryService,ch.unige.ping:background,10149,18127,79078041,[STARTED],false,true,0,0,79078052,
1431956758345,com.google.android.finsky.billing.iab.InAppBillingService,com.android.vending,10024,22456,80471680,[],false,true,1,1,80471691,
1431956758345,org.cyanogenmod.audiofx.HeadsetService,org.cyanogenmod.audiofx,10000,1289,67364,"[PERSISTENT,STARTED]",false,true,0,0,67374,
1431956820244,com.android.bluetooth.hid.HidService,com.android.bluetooth,1002,0,49150,[],false,true,0,0,49160,
1431956820244,com.cleanmaster.service.PermanentService,com.cleanmaster.mguard:service,10138,17133,94138,[STARTED],false,true,1,1,80529985,
1431956820244,com.google.android.music.dial.DialMediaRouteProviderService,com.google.android.music:main,10073,0,57202,[],false,true,0,0,57212,
1431956820244,ch.unige.css.services.PingService,ch.unige.ping,10149,1632,80565572,[STARTED],false,true,0,0,80565583,
1431956820244,com.google.android.search.core.service.BroadcastListenerService,com.google.android.googlequicksearchbox:search,10026,17299,75471,[STARTED],false,true,0,0,78996829,
1431956820244,com.android.systemui.keyguard.KeyguardService,com.android.systemui,10014,930,44352,[PERSISTENT],false,false,2,2,68066,
1431956820244,openiab.StoreService,cm.aptoide.pt,10148,0,54787,[],false,true,0,0,54797,
1431956820244,ch.unige.css.services.main.CssRegistryService,ch.unige.ping:background,10149,18127,79078041,[STARTED],false,true,0,0,79078052,
1431956820244,com.google.android.finsky.billing.iab.InAppBillingService,com.android.vending,10024,22456,80471680,[],false,true,1,1,80471691,
1431956820244,org.cyanogenmod.audiofx.HeadsetService,org.cyanogenmod.audiofx,10000,1289,67364,"[PERSISTENT,STARTED]",false,true,0,0,67374,
1431956880274,com.android.bluetooth.hid.HidService,com.android.bluetooth,1002,0,49150,[],false,true,0,0,49160,
1431956880274,com.cleanmaster.service.PermanentService,com.cleanmaster.mguard:service,10138,17133,94138,[STARTED],false,true,1,1,80621867,
1431956880274,com.google.android.music.dial.DialMediaRouteProviderService,com.google.android.music:main,10073,0,57202,[],false,true,0,0,57212,
1431956880274,ch.unige.css.services.PingService,ch.unige.ping,10149,1632,80625648,[STARTED],false,true,0,0,80625659,
1431956880274,com.google.android.search.core.service.BroadcastListenerService,com.google.android.googlequicksearchbox:search,10026,17299,75471,[STARTED],false,true,0,0,78996829,
1431956880274,com.android.systemui.keyguard.KeyguardService,com.android.systemui,10014,930,44352,[PERSISTENT],false,false,2,2,68066,
1431956880274,openiab.StoreService,cm.aptoide.pt,10148,0,54787,[],false,true,0,0,54797,
1431956880274,ch.unige.css.services.main.CssRegistryService,ch.unige.ping:background,10149,18127,79078041,[STARTED],false,true,0,0,79078052,
1431956880274,com.google.android.finsky.billing.iab.InAppBillingService,com.android.vending,10024,22456,80471680,[],false,true,1,1,80471691,
1431956880274,org.cyanogenmod.audiofx.HeadsetService,org.cyanogenmod.audiofx,10000,1289,67364,"[PERSISTENT,STARTED]",false,true,0,0,67374,
1431956939723,com.android.bluetooth.hid.HidService,com.android.bluetooth,1002,0,49150,[],false,true,0,0,49160,
1431956939723,com.cleanmaster.service.PermanentService,com.cleanmaster.mguard:service,10138,17133,94138,[STARTED],false,true,1,1,80621867,
1431956939723,com.google.android.music.dial.DialMediaRouteProviderService,com.google.android.music:main,10073,0,57202,[],false,true,0,0,57212,
1431956939723,ch.unige.css.services.PingService,ch.unige.ping,10149,1632,80685715,[STARTED],false,true,0,0,80685727,
1431956939723,com.google.android.search.core.service.BroadcastListenerService,com.google.android.googlequicksearchbox:search,10026,17299,75471,[STARTED],false,true,0,0,78996829,
1431956939723,com.android.systemui.keyguard.KeyguardService,com.android.systemui,10014,930,44352,[PERSISTENT],false,false,2,2,68066,
1431956939723,openiab.StoreService,cm.aptoide.pt,10148,0,54787,[],false,true,0,0,54797,
1431956939723,ch.unige.css.services.main.CssRegistryService,ch.unige.ping:background,10149,18127,79078041,[STARTED],false,true,0,0,79078052,
1431956939723,org.cyanogenmod.audiofx.HeadsetService,org.cyanogenmod.audiofx,10000,1289,67364,"[PERSISTENT,STARTED]",false,true,0,0,67374,
1431956939723,com.whatsapp.messaging.MessageService,com.whatsapp,10110,2813,67811,[STARTED],false,true,1,1,79423706,
1431956999779,com.android.bluetooth.hid.HidService,com.android.bluetooth,1002,0,49150,[],false,true,0,0,49160,
1431956999779,com.cleanmaster.service.PermanentService,com.cleanmaster.mguard:service,10138,17133,94138,[STARTED],false,true,1,1,80621867,
1431956999779,com.google.android.music.dial.DialMediaRouteProviderService,com.google.android.music:main,10073,0,57202,[],false,true,0,0,57212,
1431956999779,ch.unige.css.services.PingService,ch.unige.ping,10149,1632,80745744,[STARTED],false,true,0,0,80745756,
1431956999779,com.google.android.gms.car.CarService,com.google.android.gms:car,10020,24140,80742169,[],false,true,1,1,80742348,
1431956999779,com.google.android.search.core.service.BroadcastListenerService,com.google.android.googlequicksearchbox:search,10026,17299,75471,[STARTED],false,true,0,0,78996829,
1431956999779,com.google.android.vending.verifier.PackageVerificationService,com.android.vending,10024,24079,80745146,[STARTED],false,true,0,0,80745158,
1431956999779,com.android.systemui.keyguard.KeyguardService,com.android.systemui,10014,930,44352,[PERSISTENT],false,false,2,2,68066,
1431956999779,openiab.StoreService,cm.aptoide.pt,10148,0,54787,[],false,true,0,0,54797,
1431956999779,ch.unige.css.services.main.CssRegistryService,ch.unige.ping:background,10149,18127,79078041,[STARTED],false,true,0,0,79078052,
1431957060908,com.android.bluetooth.hid.HidService,com.android.bluetooth,1002,0,49150,[],false,true,0,0,49160,
1431957060908,com.cleanmaster.service.PermanentService,com.cleanmaster.mguard:service,10138,17133,94138,[STARTED],false,true,1,1,80621867,
1431957060908,com.google.android.music.dial.DialMediaRouteProviderService,com.google.android.music:main,10073,0,57202,[],false,true,0,0,57212,
1431957060908,ch.unige.css.services.PingService,ch.unige.ping,10149,1632,80806892,[STARTED],false,true,0,0,80806904,
1431957060908,com.google.android.search.core.service.BroadcastListenerService,com.google.android.googlequicksearchbox:search,10026,17299,75471,[STARTED],false,true,0,0,78996829,
1431957060908,com.android.systemui.keyguard.KeyguardService,com.android.systemui,10014,930,44352,[PERSISTENT],false,false,2,2,68066,
1431957060908,openiab.StoreService,cm.aptoide.pt,10148,0,54787,[],false,true,0,0,54797,
1431957060908,ch.unige.css.services.main.CssRegistryService,ch.unige.ping:background,10149,18127,79078041,[STARTED],false,true,0,0,79078052,
1431957060908,org.cyanogenmod.audiofx.HeadsetService,org.cyanogenmod.audiofx,10000,1289,67364,"[PERSISTENT,STARTED]",false,true,0,0,67374,
1431957060908,com.whatsapp.messaging.MessageService,com.whatsapp,10110,2813,67811,[STARTED],false,true,1,1,79423706,
1431957121070,com.android.bluetooth.hid.HidService,com.android.bluetooth,1002,0,49150,[],false,true,0,0,49160,
1431957121070,com.cleanmaster.service.PermanentService,com.cleanmaster.mguard:service,10138,17133,94138,[STARTED],false,true,1,1,80621867,
1431957121070,com.google.android.music.dial.DialMediaRouteProviderService,com.google.android.music:main,10073,0,57202,[],false,true,0,0,57212,
1431957121070,ch.unige.css.services.PingService,ch.unige.ping,10149,1632,80867062,[STARTED],false,true,0,0,80867073,
1431957121070,com.google.android.search.core.service.BroadcastListenerService,com.google.android.googlequicksearchbox:search,10026,17299,75471,[STARTED],false,true,0,0,78996829,
1431957121070,com.android.systemui.keyguard.KeyguardService,com.android.systemui,10014,930,44352,[PERSISTENT],false,false,2,2,68066,
1431957121070,openiab.StoreService,cm.aptoide.pt,10148,0,54787,[],false,true,0,0,54797,
1431957121070,ch.unige.css.services.main.CssRegistryService,ch.unige.ping:background,10149,18127,79078041,[STARTED],false,true,0,0,79078052,
1431957121070,org.cyanogenmod.audiofx.HeadsetService,org.cyanogenmod.audiofx,10000,1289,67364,"[PERSISTENT,STARTED]",false,true,0,0,67374,
1431957121070,com.whatsapp.messaging.MessageService,com.whatsapp,10110,2813,67811,[STARTED],false,true,1,1,79423706,
1431957181224,com.android.bluetooth.hid.HidService,com.android.bluetooth,1002,0,49150,[],false,true,0,0,49160,
1431957181224,com.cleanmaster.service.PermanentService,com.cleanmaster.mguard:service,10138,17133,94138,[STARTED],false,true,1,1,80621867,
1431957181224,com.google.android.music.dial.DialMediaRouteProviderService,com.google.android.music:main,10073,0,57202,[],false,true,0,0,57212,
1431957181224,ch.unige.css.services.PingService,ch.unige.ping,10149,1632,80927202,[STARTED],false,true,0,0,80927213,
1431957181224,com.google.android.search.core.service.BroadcastListenerService,com.google.android.googlequicksearchbox:search,10026,17299,75471,[STARTED],false,true,0,0,78996829,
1431957181224,com.android.systemui.keyguard.KeyguardService,com.android.systemui,10014,930,44352,[PERSISTENT],false,false,2,2,68066,
1431957181224,openiab.StoreService,cm.aptoide.pt,10148,0,54787,[],false,true,0,0,54797,
1431957181224,ch.unige.css.services.main.CssRegistryService,ch.unige.ping:background,10149,18127,79078041,[STARTED],false,true,0,0,79078052,
1431957181224,org.cyanogenmod.audiofx.HeadsetService,org.cyanogenmod.audiofx,10000,1289,67364,"[PERSISTENT,STARTED]",false,true,0,0,67374,
1431957181224,com.whatsapp.messaging.MessageService,com.whatsapp,10110,2813,67811,[STARTED],false,true,1,1,79423706,
1431957242283,com.android.bluetooth.hid.HidService,com.android.bluetooth,1002,0,49150,[],false,true,0,0,49160,
1431957242283,com.cleanmaster.service.PermanentService,com.cleanmaster.mguard:service,10138,17133,94138,[STARTED],false,true,1,1,80621867,
1431957242283,com.google.android.music.dial.DialMediaRouteProviderService,com.google.android.music:main,10073,0,57202,[],false,true,0,0,57212,
1431957242283,ch.unige.css.services.PingService,ch.unige.ping,10149,1632,80988234,[STARTED],false,true,0,0,80988245,
1431957242283,com.google.android.search.core.service.BroadcastListenerService,com.google.android.googlequicksearchbox:search,10026,17299,75471,[STARTED],false,true,0,0,78996829,
1431957242283,com.android.systemui.keyguard.KeyguardService,com.android.systemui,10014,930,44352,[PERSISTENT],false,false,2,2,68066,
1431957242283,openiab.StoreService,cm.aptoide.pt,10148,0,54787,[],false,true,0,0,54797,
1431957242283,ch.unige.css.services.main.CssRegistryService,ch.unige.ping:background,10149,18127,79078041,[STARTED],false,true,0,0,79078052,
1431957242283,org.cyanogenmod.audiofx.HeadsetService,org.cyanogenmod.audiofx,10000,1289,67364,"[PERSISTENT,STARTED]",false,true,0,0,67374,
1431957242283,com.whatsapp.messaging.MessageService,com.whatsapp,10110,2813,67811,[STARTED],false,true,1,1,79423706,
1431957302465,com.android.bluetooth.hid.HidService,com.android.bluetooth,1002,0,49150,[],false,true,0,0,49160,
1431957302465,com.cleanmaster.service.PermanentService,com.cleanmaster.mguard:service,10138,17133,94138,[STARTED],false,true,1,1,80621867,
1431957302465,com.google.android.music.dial.DialMediaRouteProviderService,com.google.android.music:main,10073,0,57202,[],false,true,0,0,57212,
1431957302465,ch.unige.css.services.PingService,ch.unige.ping,10149,1632,81048424,[STARTED],false,true,0,0,81048435,
1431957302465,com.google.android.search.core.service.BroadcastListenerService,com.google.android.googlequicksearchbox:search,10026,17299,75471,[STARTED],false,true,0,0,78996829,
1431957302465,com.android.systemui.keyguard.KeyguardService,com.android.systemui,10014,930,44352,[PERSISTENT],false,false,2,2,68066,
1431957302465,openiab.StoreService,cm.aptoide.pt,10148,0,54787,[],false,true,0,0,54797,
1431957302465,ch.unige.css.services.main.CssRegistryService,ch.unige.ping:background,10149,18127,79078041,[STARTED],false,true,0,0,79078052,
1431957302465,org.cyanogenmod.audiofx.HeadsetService,org.cyanogenmod.audiofx,10000,1289,67364,"[PERSISTENT,STARTED]",false,true,0,0,67374,
1431957302465,com.whatsapp.messaging.MessageService,com.whatsapp,10110,2813,67811,[STARTED],false,true,1,1,79423706,
1431957363484,com.android.bluetooth.hid.HidService,com.android.bluetooth,1002,0,49150,[],false,true,0,0,49160,
1431957363484,com.cleanmaster.service.PermanentService,com.cleanmaster.mguard:service,10138,17133,94138,[STARTED],false,true,1,1,80621867,
1431957363484,com.google.android.music.dial.DialMediaRouteProviderService,com.google.android.music:main,10073,0,57202,[],false,true,0,0,57212,
1431957363484,ch.unige.css.services.PingService,ch.unige.ping,10149,1632,81109347,[STARTED],false,true,0,0,81109358,
1431957363484,com.google.android.search.core.service.BroadcastListenerService,com.google.android.googlequicksearchbox:search,10026,17299,75471,[STARTED],false,true,0,0,78996829,
1431957363484,com.android.systemui.keyguard.KeyguardService,com.android.systemui,10014,930,44352,[PERSISTENT],false,false,2,2,68066,
1431957363484,openiab.StoreService,cm.aptoide.pt,10148,0,54787,[],false,true,0,0,54797,
1431957363484,ch.unige.css.services.main.CssRegistryService,ch.unige.ping:background,10149,18127,79078041,[STARTED],false,true,0,0,79078052,
1431957363484,com.google.android.finsky.billing.iab.InAppBillingService,com.android.vending,10024,24079,81049270,[],false,true,1,1,81049281,
1431957363484,org.cyanogenmod.audiofx.HeadsetService,org.cyanogenmod.audiofx,10000,1289,67364,"[PERSISTENT,STARTED]",false,true,0,0,67374,
1431957423747,com.android.bluetooth.hid.HidService,com.android.bluetooth,1002,0,49150,[],false,true,0,0,49160,
1431957423747,com.cleanmaster.service.PermanentService,com.cleanmaster.mguard:service,10138,17133,94138,[STARTED],false,true,1,1,80621867,
1431957423747,com.google.android.music.dial.DialMediaRouteProviderService,com.google.android.music:main,10073,0,57202,[],false,true,0,0,57212,
1431957423747,ch.unige.css.services.PingService,ch.unige.ping,10149,1632,81169647,[STARTED],false,true,0,0,81169658,
1431957423747,com.google.android.search.core.service.BroadcastListenerService,com.google.android.googlequicksearchbox:search,10026,17299,75471,[STARTED],false,true,0,0,78996829,
1431957423747,com.android.systemui.keyguard.KeyguardService,com.android.systemui,10014,930,44352,[PERSISTENT],false,false,2,2,68066,
1431957423747,openiab.StoreService,cm.aptoide.pt,10148,0,54787,[],false,true,0,0,54797,
1431957423747,ch.unige.css.services.main.CssRegistryService,ch.unige.ping:background,10149,18127,79078041,[STARTED],false,true,0,0,79078052,
1431957423747,com.google.android.finsky.billing.iab.InAppBillingService,com.android.vending,10024,24079,81049270,[],false,true,1,1,81049281,
1431957423747,org.cyanogenmod.audiofx.HeadsetService,org.cyanogenmod.audiofx,10000,1289,67364,"[PERSISTENT,STARTED]",false,true,0,0,67374,
1431957483817,com.android.bluetooth.hid.HidService,com.android.bluetooth,1002,0,49150,[],false,true,0,0,49160,
1431957483817,com.cleanmaster.service.PermanentService,com.cleanmaster.mguard:service,10138,17133,94138,[STARTED],false,true,1,1,80621867,
1431957483817,com.google.android.music.dial.DialMediaRouteProviderService,com.google.android.music:main,10073,0,57202,[],false,true,0,0,57212,
1431957483817,ch.unige.css.services.PingService,ch.unige.ping,10149,1632,81229798,[STARTED],false,true,0,0,81229809,
1431957483817,com.google.android.search.core.service.BroadcastListenerService,com.google.android.googlequicksearchbox:search,10026,17299,75471,[STARTED],false,true,0,0,78996829,
1431957483817,com.android.systemui.keyguard.KeyguardService,com.android.systemui,10014,930,44352,[PERSISTENT],false,false,2,2,68066,
1431957483817,openiab.StoreService,cm.aptoide.pt,10148,0,54787,[],false,true,0,0,54797,
1431957483817,ch.unige.css.services.main.CssRegistryService,ch.unige.ping:background,10149,18127,79078041,[STARTED],false,true,0,0,79078052,
1431957483817,com.google.android.finsky.billing.iab.InAppBillingService,com.android.vending,10024,24079,81049270,[],false,true,1,1,81049281,
1431957483817,org.cyanogenmod.audiofx.HeadsetService,org.cyanogenmod.audiofx,10000,1289,67364,"[PERSISTENT,STARTED]",false,true,0,0,67374,
1431957544008,com.android.bluetooth.hid.HidService,com.android.bluetooth,1002,0,49150,[],false,true,0,0,49160,
1431957544008,com.cleanmaster.service.PermanentService,com.cleanmaster.mguard:service,10138,17133,94138,[STARTED],false,true,1,1,80621867,
1431957544008,com.google.android.music.dial.DialMediaRouteProviderService,com.google.android.music:main,10073,0,57202,[],false,true,0,0,57212,
1431957544008,ch.unige.css.services.PingService,ch.unige.ping,10149,1632,81289961,[STARTED],false,true,0,0,81289972,
1431957544008,com.google.android.search.core.service.BroadcastListenerService,com.google.android.googlequicksearchbox:search,10026,17299,75471,[STARTED],false,true,0,0,78996829,
1431957544008,com.android.systemui.keyguard.KeyguardService,com.android.systemui,10014,930,44352,[PERSISTENT],false,false,2,2,68066,
1431957544008,openiab.StoreService,cm.aptoide.pt,10148,0,54787,[],false,true,0,0,54797,
1431957544008,ch.unige.css.services.main.CssRegistryService,ch.unige.ping:background,10149,18127,79078041,[STARTED],false,true,0,0,79078052,
1431957544008,com.google.android.finsky.billing.iab.InAppBillingService,com.android.vending,10024,24079,81049270,[],false,true,1,1,81049281,
1431957544008,org.cyanogenmod.audiofx.HeadsetService,org.cyanogenmod.audiofx,10000,1289,67364,"[PERSISTENT,STARTED]",false,true,0,0,67374,
1431957604221,com.android.bluetooth.hid.HidService,com.android.bluetooth,1002,0,49150,[],false,true,0,0,49160,
1431957604221,com.cleanmaster.service.PermanentService,com.cleanmaster.mguard:service,10138,17133,94138,[STARTED],false,true,1,1,80621867,
1431957604221,com.google.android.music.dial.DialMediaRouteProviderService,com.google.android.music:main,10073,0,57202,[],false,true,0,0,57212,
1431957604221,ch.unige.css.services.PingService,ch.unige.ping,10149,1632,81350202,[STARTED],false,true,0,0,81350213,
1431957604221,com.google.android.search.core.service.BroadcastListenerService,com.google.android.googlequicksearchbox:search,10026,17299,75471,[STARTED],false,true,0,0,78996829,
1431957604221,com.android.systemui.keyguard.KeyguardService,com.android.systemui,10014,930,44352,[PERSISTENT],false,false,2,2,68066,
1431957604221,openiab.StoreService,cm.aptoide.pt,10148,0,54787,[],false,true,0,0,54797,
1431957604221,ch.unige.css.services.main.CssRegistryService,ch.unige.ping:background,10149,18127,79078041,[STARTED],false,true,0,0,79078052,
1431957604221,com.google.android.finsky.billing.iab.InAppBillingService,com.android.vending,10024,24079,81049270,[],false,true,1,1,81049281,
1431957604221,org.cyanogenmod.audiofx.HeadsetService,org.cyanogenmod.audiofx,10000,1289,67364,"[PERSISTENT,STARTED]",false,true,0,0,67374,
1431957664501,com.android.bluetooth.hid.HidService,com.android.bluetooth,1002,0,49150,[],false,true,0,0,49160,
1431957664501,com.cleanmaster.service.PermanentService,com.cleanmaster.mguard:service,10138,17133,94138,[STARTED],false,true,1,1,80621867,
1431957664501,com.google.android.music.dial.DialMediaRouteProviderService,com.google.android.music:main,10073,0,57202,[],false,true,0,0,57212,
1431957664501,ch.unige.css.services.PingService,ch.unige.ping,10149,1632,81410391,[STARTED],false,true,0,0,81410402,
1431957664501,com.google.android.search.core.service.BroadcastListenerService,com.google.android.googlequicksearchbox:search,10026,17299,75471,[STARTED],false,true,0,0,78996829,
1431957664501,com.android.systemui.keyguard.KeyguardService,com.android.systemui,10014,930,44352,[PERSISTENT],false,false,2,2,68066,
1431957664501,openiab.StoreService,cm.aptoide.pt,10148,0,54787,[],false,true,0,0,54797,
1431957664501,ch.unige.css.services.main.CssRegistryService,ch.unige.ping:background,10149,18127,79078041,[STARTED],false,true,0,0,79078052,
1431957664501,com.google.android.finsky.billing.iab.InAppBillingService,com.android.vending,10024,24079,81049270,[],false,true,1,1,81049281,
1431957664501,org.cyanogenmod.audiofx.HeadsetService,org.cyanogenmod.audiofx,10000,1289,67364,"[PERSISTENT,STARTED]",false,true,0,0,67374,
1431957724680,com.android.bluetooth.hid.HidService,com.android.bluetooth,1002,0,49150,[],false,true,0,0,49160,
1431957724680,com.cleanmaster.service.PermanentService,com.cleanmaster.mguard:service,10138,17133,94138,[STARTED],false,true,1,1,80621867,
1431957724680,com.google.android.music.dial.DialMediaRouteProviderService,com.google.android.music:main,10073,0,57202,[],false,true,0,0,57212,
1431957724680,ch.unige.css.services.PingService,ch.unige.ping,10149,1632,81470581,[STARTED],false,true,0,0,81470593,
1431957724680,com.google.android.search.core.service.BroadcastListenerService,com.google.android.googlequicksearchbox:search,10026,17299,75471,[STARTED],false,true,0,0,78996829,
1431957724680,com.android.systemui.keyguard.KeyguardService,com.android.systemui,10014,930,44352,[PERSISTENT],false,false,2,2,68066,
1431957724680,openiab.StoreService,cm.aptoide.pt,10148,0,54787,[],false,true,0,0,54797,
1431957724680,ch.unige.css.services.main.CssRegistryService,ch.unige.ping:background,10149,18127,79078041,[STARTED],false,true,0,0,79078052,
1431957724680,com.google.android.finsky.billing.iab.InAppBillingService,com.android.vending,10024,24079,81049270,[],false,true,1,1,81049281,
1431957724680,org.cyanogenmod.audiofx.HeadsetService,org.cyanogenmod.audiofx,10000,1289,67364,"[PERSISTENT,STARTED]",false,true,0,0,67374,
1431957784811,com.android.bluetooth.hid.HidService,com.android.bluetooth,1002,0,49150,[],false,true,0,0,49160,
1431957784811,com.cleanmaster.service.PermanentService,com.cleanmaster.mguard:service,10138,17133,94138,[STARTED],false,true,1,1,80621867,
1431957784811,com.google.android.music.dial.DialMediaRouteProviderService,com.google.android.music:main,10073,0,57202,[],false,true,0,0,57212,
1431957784811,ch.unige.css.services.PingService,ch.unige.ping,10149,1632,81530802,[STARTED],false,true,0,0,81530813,
1431957784811,com.google.android.search.core.service.BroadcastListenerService,com.google.android.googlequicksearchbox:search,10026,17299,75471,[STARTED],false,true,0,0,78996829,
1431957784811,com.android.systemui.keyguard.KeyguardService,com.android.systemui,10014,930,44352,[PERSISTENT],false,false,2,2,68066,
1431957784811,openiab.StoreService,cm.aptoide.pt,10148,0,54787,[],false,true,0,0,54797,
1431957784811,ch.unige.css.services.main.CssRegistryService,ch.unige.ping:background,10149,18127,79078041,[STARTED],false,true,0,0,79078052,
1431957784811,com.google.android.finsky.billing.iab.InAppBillingService,com.android.vending,10024,24079,81049270,[],false,true,1,1,81049281,
1431957784811,org.cyanogenmod.audiofx.HeadsetService,org.cyanogenmod.audiofx,10000,1289,67364,"[PERSISTENT,STARTED]",false,true,0,0,67374,
1431957845181,com.android.bluetooth.hid.HidService,com.android.bluetooth,1002,0,49150,[],false,true,0,0,49160,
1431957845181,com.cleanmaster.service.PermanentService,com.cleanmaster.mguard:service,10138,17133,94138,[STARTED],false,true,1,1,80621867,
1431957845181,com.google.android.music.dial.DialMediaRouteProviderService,com.google.android.music:main,10073,0,57202,[],false,true,0,0,57212,
1431957845181,ch.unige.css.services.PingService,ch.unige.ping,10149,1632,81591059,[STARTED],false,true,0,0,81591070,
1431957845181,com.google.android.search.core.service.BroadcastListenerService,com.google.android.googlequicksearchbox:search,10026,17299,75471,[STARTED],false,true,0,0,78996829,
1431957845181,com.android.systemui.keyguard.KeyguardService,com.android.systemui,10014,930,44352,[PERSISTENT],false,false,2,2,68066,
1431957845181,openiab.StoreService,cm.aptoide.pt,10148,0,54787,[],false,true,0,0,54797,
1431957845181,ch.unige.css.services.main.CssRegistryService,ch.unige.ping:background,10149,18127,79078041,[STARTED],false,true,0,0,79078052,
1431957845181,com.google.android.finsky.billing.iab.InAppBillingService,com.android.vending,10024,24079,81049270,[],false,true,1,1,81049281,
1431957845181,org.cyanogenmod.audiofx.HeadsetService,org.cyanogenmod.audiofx,10000,1289,67364,"[PERSISTENT,STARTED]",false,true,0,0,67374,
1431957905114,com.android.bluetooth.hid.HidService,com.android.bluetooth,1002,0,49150,[],false,true,0,0,49160,
1431957905114,com.cleanmaster.service.PermanentService,com.cleanmaster.mguard:service,10138,17133,94138,[STARTED],false,true,1,1,80621867,
1431957905114,com.google.android.music.dial.DialMediaRouteProviderService,com.google.android.music:main,10073,0,57202,[],false,true,0,0,57212,
1431957905114,ch.unige.css.services.PingService,ch.unige.ping,10149,1632,81651135,[STARTED],false,true,0,0,81651146,
1431957905114,com.google.android.search.core.service.BroadcastListenerService,com.google.android.googlequicksearchbox:search,10026,17299,75471,[STARTED],false,true,0,0,78996829,
1431957905114,com.android.systemui.keyguard.KeyguardService,com.android.systemui,10014,930,44352,[PERSISTENT],false,false,2,2,68066,
1431957905114,openiab.StoreService,cm.aptoide.pt,10148,0,54787,[],false,true,0,0,54797,
1431957905114,ch.unige.css.services.main.CssRegistryService,ch.unige.ping:background,10149,18127,79078041,[STARTED],false,true,0,0,79078052,
1431957905114,com.google.android.finsky.billing.iab.InAppBillingService,com.android.vending,10024,24079,81049270,[],false,true,1,1,81049281,
1431957905114,org.cyanogenmod.audiofx.HeadsetService,org.cyanogenmod.audiofx,10000,1289,67364,"[PERSISTENT,STARTED]",false,true,0,0,67374,
1431957965374,com.android.bluetooth.hid.HidService,com.android.bluetooth,1002,0,49150,[],false,true,0,0,49160,
1431957965374,com.cleanmaster.service.PermanentService,com.cleanmaster.mguard:service,10138,17133,94138,[STARTED],false,true,1,1,80621867,
1431957965374,com.google.android.music.dial.DialMediaRouteProviderService,com.google.android.music:main,10073,0,57202,[],false,true,0,0,57212,
1431957965374,ch.unige.css.services.PingService,ch.unige.ping,10149,1632,81711346,[STARTED],false,true,0,0,81711357,
1431957965374,com.google.android.search.core.service.BroadcastListenerService,com.google.android.googlequicksearchbox:search,10026,17299,75471,[STARTED],false,true,0,0,78996829,
1431957965374,com.android.systemui.keyguard.KeyguardService,com.android.systemui,10014,930,44352,[PERSISTENT],false,false,2,2,68066,
1431957965374,openiab.StoreService,cm.aptoide.pt,10148,0,54787,[],false,true,0,0,54797,
1431957965374,ch.unige.css.services.main.CssRegistryService,ch.unige.ping:background,10149,18127,79078041,[STARTED],false,true,0,0,79078052,
1431957965374,com.google.android.finsky.billing.iab.InAppBillingService,com.android.vending,10024,24079,81049270,[],false,true,1,1,81049281,
1431957965374,org.cyanogenmod.audiofx.HeadsetService,org.cyanogenmod.audiofx,10000,1289,67364,"[PERSISTENT,STARTED]",false,true,0,0,67374,
1431958025543,com.android.bluetooth.hid.HidService,com.android.bluetooth,1002,0,49150,[],false,true,0,0,49160,
1431958025543,com.cleanmaster.service.PermanentService,com.cleanmaster.mguard:service,10138,17133,94138,[STARTED],false,true,1,1,80621867,
1431958025543,com.google.android.music.dial.DialMediaRouteProviderService,com.google.android.music:main,10073,0,57202,[],false,true,0,0,57212,
1431958025543,ch.unige.css.services.PingService,ch.unige.ping,10149,1632,81771503,[STARTED],false,true,0,0,81771514,
1431958025543,com.google.android.search.core.service.BroadcastListenerService,com.google.android.googlequicksearchbox:search,10026,17299,75471,[STARTED],false,true,0,0,78996829,
1431958025543,com.android.systemui.keyguard.KeyguardService,com.android.systemui,10014,930,44352,[PERSISTENT],false,false,2,2,68066,
1431958025543,openiab.StoreService,cm.aptoide.pt,10148,0,54787,[],false,true,0,0,54797,
1431958025543,ch.unige.css.services.main.CssRegistryService,ch.unige.ping:background,10149,18127,79078041,[STARTED],false,true,0,0,79078052,
1431958025543,com.google.android.finsky.billing.iab.InAppBillingService,com.android.vending,10024,24079,81049270,[],false,true,1,1,81049281,
1431958025543,org.cyanogenmod.audiofx.HeadsetService,org.cyanogenmod.audiofx,10000,1289,67364,"[PERSISTENT,STARTED]",false,true,0,0,67374,
1431958085673,com.android.bluetooth.hid.HidService,com.android.bluetooth,1002,0,49150,[],false,true,0,0,49160,
1431958085673,com.cleanmaster.service.PermanentService,com.cleanmaster.mguard:service,10138,17133,94138,[STARTED],false,true,1,1,80621867,
1431958085673,com.google.android.music.dial.DialMediaRouteProviderService,com.google.android.music:main,10073,0,57202,[],false,true,0,0,57212,
1431958085673,ch.unige.css.services.PingService,ch.unige.ping,10149,1632,81831653,[STARTED],false,true,0,0,81831664,
1431958085673,com.google.android.search.core.service.BroadcastListenerService,com.google.android.googlequicksearchbox:search,10026,17299,75471,[STARTED],false,true,0,0,78996829,
1431958085673,com.android.systemui.keyguard.KeyguardService,com.android.systemui,10014,930,44352,[PERSISTENT],false,false,2,2,68066,
1431958085673,openiab.StoreService,cm.aptoide.pt,10148,0,54787,[],false,true,0,0,54797,
1431958085673,ch.unige.css.services.main.CssRegistryService,ch.unige.ping:background,10149,18127,79078041,[STARTED],false,true,0,0,79078052,
1431958085673,com.google.android.finsky.billing.iab.InAppBillingService,com.android.vending,10024,24079,81049270,[],false,true,1,1,81049281,
1431958085673,org.cyanogenmod.audiofx.HeadsetService,org.cyanogenmod.audiofx,10000,1289,67364,"[PERSISTENT,STARTED]",false,true,0,0,67374,
1431958145662,com.android.bluetooth.hid.HidService,com.android.bluetooth,1002,0,49150,[],false,true,0,0,49160,
1431958145662,com.cleanmaster.service.PermanentService,com.cleanmaster.mguard:service,10138,17133,94138,[STARTED],false,true,1,1,80621867,
1431958145662,com.google.android.music.dial.DialMediaRouteProviderService,com.google.android.music:main,10073,0,57202,[],false,true,0,0,57212,
1431958145662,ch.unige.css.services.PingService,ch.unige.ping,10149,1632,81891683,[STARTED],false,true,0,0,81891694,
1431958145662,com.google.android.search.core.service.BroadcastListenerService,com.google.android.googlequicksearchbox:search,10026,17299,75471,[STARTED],false,true,0,0,78996829,
1431958145662,com.android.systemui.keyguard.KeyguardService,com.android.systemui,10014,930,44352,[PERSISTENT],false,false,2,2,68066,
1431958145662,openiab.StoreService,cm.aptoide.pt,10148,0,54787,[],false,true,0,0,54797,
1431958145662,ch.unige.css.services.main.CssRegistryService,ch.unige.ping:background,10149,18127,79078041,[STARTED],false,true,0,0,79078052,
1431958145662,com.google.android.finsky.billing.iab.InAppBillingService,com.android.vending,10024,24079,81049270,[],false,true,1,1,81049281,
1431958145662,org.cyanogenmod.audiofx.HeadsetService,org.cyanogenmod.audiofx,10000,1289,67364,"[PERSISTENT,STARTED]",false,true,0,0,67374,
1431958205745,com.android.bluetooth.hid.HidService,com.android.bluetooth,1002,0,49150,[],false,true,0,0,49160,
1431958205745,com.cleanmaster.service.PermanentService,com.cleanmaster.mguard:service,10138,17133,94138,[STARTED],false,true,1,1,80621867,
1431958205745,com.google.android.music.dial.DialMediaRouteProviderService,com.google.android.music:main,10073,0,57202,[],false,true,0,0,57212,
1431958205745,ch.unige.css.services.PingService,ch.unige.ping,10149,1632,81951745,[STARTED],false,true,0,0,81951756,
1431958205745,com.google.android.search.core.service.BroadcastListenerService,com.google.android.googlequicksearchbox:search,10026,17299,75471,[STARTED],false,true,0,0,78996829,
1431958205745,com.android.systemui.keyguard.KeyguardService,com.android.systemui,10014,930,44352,[PERSISTENT],false,false,2,2,68066,
1431958205745,openiab.StoreService,cm.aptoide.pt,10148,0,54787,[],false,true,0,0,54797,
1431958205745,ch.unige.css.services.main.CssRegistryService,ch.unige.ping:background,10149,18127,79078041,[STARTED],false,true,0,0,79078052,
1431958205745,com.google.android.finsky.billing.iab.InAppBillingService,com.android.vending,10024,24079,81049270,[],false,true,1,1,81049281,
1431958205745,org.cyanogenmod.audiofx.HeadsetService,org.cyanogenmod.audiofx,10000,1289,67364,"[PERSISTENT,STARTED]",false,true,0,0,67374,
1431958265998,com.android.bluetooth.hid.HidService,com.android.bluetooth,1002,0,49150,[],false,true,0,0,49160,
1431958265998,com.cleanmaster.service.PermanentService,com.cleanmaster.mguard:service,10138,17133,94138,[STARTED],false,true,1,1,80621867,
1431958265998,com.google.android.music.dial.DialMediaRouteProviderService,com.google.android.music:main,10073,0,57202,[],false,true,0,0,57212,
1431958265998,ch.unige.css.services.PingService,ch.unige.ping,10149,1632,82011953,[STARTED],false,true,0,0,82011964,
1431958265998,com.google.android.search.core.service.BroadcastListenerService,com.google.android.googlequicksearchbox:search,10026,17299,75471,[STARTED],false,true,0,0,78996829,
1431958265998,com.android.systemui.keyguard.KeyguardService,com.android.systemui,10014,930,44352,[PERSISTENT],false,false,2,2,68066,
1431958265998,openiab.StoreService,cm.aptoide.pt,10148,0,54787,[],false,true,0,0,54797,
1431958265998,ch.unige.css.services.main.CssRegistryService,ch.unige.ping:background,10149,18127,79078041,[STARTED],false,true,0,0,79078052,
1431958265998,com.google.android.finsky.billing.iab.InAppBillingService,com.android.vending,10024,24079,81049270,[],false,true,1,1,81049281,
1431958265998,org.cyanogenmod.audiofx.HeadsetService,org.cyanogenmod.audiofx,10000,1289,67364,"[PERSISTENT,STARTED]",false,true,0,0,67374,
1431958326264,com.android.bluetooth.hid.HidService,com.android.bluetooth,1002,0,49150,[],false,true,0,0,49160,
1431958326264,com.cleanmaster.service.PermanentService,com.cleanmaster.mguard:service,10138,17133,94138,[STARTED],false,true,1,1,80621867,
1431958326264,com.google.android.music.dial.DialMediaRouteProviderService,com.google.android.music:main,10073,0,57202,[],false,true,0,0,57212,
1431958326264,ch.unige.css.services.PingService,ch.unige.ping,10149,1632,82072259,[STARTED],false,true,0,0,82072270,
1431958326264,com.google.android.search.core.service.BroadcastListenerService,com.google.android.googlequicksearchbox:search,10026,17299,75471,[STARTED],false,true,0,0,78996829,
1431958326264,com.android.systemui.keyguard.KeyguardService,com.android.systemui,10014,930,44352,[PERSISTENT],false,false,2,2,68066,
1431958326264,openiab.StoreService,cm.aptoide.pt,10148,0,54787,[],false,true,0,0,54797,
1431958326264,ch.unige.css.services.main.CssRegistryService,ch.unige.ping:background,10149,18127,79078041,[STARTED],false,true,0,0,79078052,
1431958326264,com.google.android.finsky.billing.iab.InAppBillingService,com.android.vending,10024,24079,81049270,[],false,true,1,1,81049281,
1431958326264,org.cyanogenmod.audiofx.HeadsetService,org.cyanogenmod.audiofx,10000,1289,67364,"[PERSISTENT,STARTED]",false,true,0,0,67374,
1431958386354,com.android.bluetooth.hid.HidService,com.android.bluetooth,1002,0,49150,[],false,true,0,0,49160,
1431958386354,com.cleanmaster.service.PermanentService,com.cleanmaster.mguard:service,10138,17133,94138,[STARTED],false,true,1,1,80621867,
1431958386354,com.google.android.music.dial.DialMediaRouteProviderService,com.google.android.music:main,10073,0,57202,[],false,true,0,0,57212,
1431958386354,ch.unige.css.services.PingService,ch.unige.ping,10149,1632,82132340,[STARTED],false,true,0,0,82132351,
1431958386354,com.google.android.search.core.service.BroadcastListenerService,com.google.android.googlequicksearchbox:search,10026,17299,75471,[STARTED],false,true,0,0,78996829,
1431958386354,com.android.systemui.keyguard.KeyguardService,com.android.systemui,10014,930,44352,[PERSISTENT],false,false,2,2,68066,
1431958386354,openiab.StoreService,cm.aptoide.pt,10148,0,54787,[],false,true,0,0,54797,
1431958386354,ch.unige.css.services.main.CssRegistryService,ch.unige.ping:background,10149,18127,79078041,[STARTED],false,true,0,0,79078052,
1431958386354,com.google.android.finsky.billing.iab.InAppBillingService,com.android.vending,10024,24079,81049270,[],false,true,1,1,81049281,
1431958386354,org.cyanogenmod.audiofx.HeadsetService,org.cyanogenmod.audiofx,10000,1289,67364,"[PERSISTENT,STARTED]",false,true,0,0,67374,
1431958446438,com.android.bluetooth.hid.HidService,com.android.bluetooth,1002,0,49150,[],false,true,0,0,49160,
1431958446438,com.cleanmaster.service.PermanentService,com.cleanmaster.mguard:service,10138,17133,94138,[STARTED],false,true,1,1,80621867,
1431958446438,com.google.android.music.dial.DialMediaRouteProviderService,com.google.android.music:main,10073,0,57202,[],false,true,0,0,57212,
1431958446438,ch.unige.css.services.PingService,ch.unige.ping,10149,1632,82192428,[STARTED],false,true,0,0,82192439,
1431958446438,com.google.android.search.core.service.BroadcastListenerService,com.google.android.googlequicksearchbox:search,10026,17299,75471,[STARTED],false,true,0,0,78996829,
1431958446438,com.android.systemui.keyguard.KeyguardService,com.android.systemui,10014,930,44352,[PERSISTENT],false,false,2,2,68066,
1431958446438,openiab.StoreService,cm.aptoide.pt,10148,0,54787,[],false,true,0,0,54797,
1431958446438,ch.unige.css.services.main.CssRegistryService,ch.unige.ping:background,10149,18127,79078041,[STARTED],false,true,0,0,79078052,
1431958446438,com.google.android.finsky.billing.iab.InAppBillingService,com.android.vending,10024,24079,81049270,[],false,true,1,1,81049281,
1431958446438,org.cyanogenmod.audiofx.HeadsetService,org.cyanogenmod.audiofx,10000,1289,67364,"[PERSISTENT,STARTED]",false,true,0,0,67374,
1431958508598,com.android.bluetooth.hid.HidService,com.android.bluetooth,1002,0,49150,[],false,true,0,0,49160,
1431958508598,com.cleanmaster.service.PermanentService,com.cleanmaster.mguard:service,10138,17133,94138,[STARTED],false,true,1,1,80621867,
1431958508598,com.google.android.music.dial.DialMediaRouteProviderService,com.google.android.music:main,10073,0,57202,[],false,true,0,0,57212,
1431958508598,ch.unige.css.services.PingService,ch.unige.ping,10149,1632,82254625,[STARTED],false,true,0,0,82254636,
1431958508598,com.google.android.search.core.service.BroadcastListenerService,com.google.android.googlequicksearchbox:search,10026,17299,75471,[STARTED],false,true,0,0,78996829,
1431958508598,com.android.systemui.keyguard.KeyguardService,com.android.systemui,10014,930,44352,[PERSISTENT],false,false,2,2,68066,
1431958508598,openiab.StoreService,cm.aptoide.pt,10148,0,54787,[],false,true,0,0,54797,
1431958508598,ch.unige.css.services.main.CssRegistryService,ch.unige.ping:background,10149,18127,79078041,[STARTED],false,true,0,0,79078052,
1431958508598,com.google.android.finsky.billing.iab.InAppBillingService,com.android.vending,10024,24079,81049270,[],false,true,1,1,81049281,
1431958508598,org.cyanogenmod.audiofx.HeadsetService,org.cyanogenmod.audiofx,10000,1289,67364,"[PERSISTENT,STARTED]",false,true,0,0,67374,
1431958568610,com.android.bluetooth.hid.HidService,com.android.bluetooth,1002,0,49150,[],false,true,0,0,49160,
1431958568610,com.cleanmaster.service.PermanentService,com.cleanmaster.mguard:service,10138,17133,94138,[STARTED],false,true,1,1,82313906,
1431958568610,com.google.android.music.dial.DialMediaRouteProviderService,com.google.android.music:main,10073,0,57202,[],false,true,0,0,57212,
1431958568610,ch.unige.css.services.PingService,ch.unige.ping,10149,1632,82314641,[STARTED],false,true,0,0,82314652,
1431958568610,com.google.android.search.core.service.BroadcastListenerService,com.google.android.googlequicksearchbox:search,10026,17299,75471,[STARTED],false,true,0,0,78996829,
1431958568610,com.android.systemui.keyguard.KeyguardService,com.android.systemui,10014,930,44352,[PERSISTENT],false,false,2,2,68066,
1431958568610,openiab.StoreService,cm.aptoide.pt,10148,0,54787,[],false,true,0,0,54797,
1431958568610,ch.unige.css.services.main.CssRegistryService,ch.unige.ping:background,10149,18127,79078041,[STARTED],false,true,0,0,79078052,
1431958568610,com.google.android.finsky.billing.iab.InAppBillingService,com.android.vending,10024,24079,81049270,[],false,true,1,1,81049281,
1431958568610,org.cyanogenmod.audiofx.HeadsetService,org.cyanogenmod.audiofx,10000,1289,67364,"[PERSISTENT,STARTED]",false,true,0,0,67374,
1431958628646,com.android.bluetooth.hid.HidService,com.android.bluetooth,1002,0,49150,[],false,true,0,0,49160,
1431958628646,com.cleanmaster.service.PermanentService,com.cleanmaster.mguard:service,10138,17133,94138,[STARTED],false,true,1,1,82313906,
1431958628646,com.google.android.music.dial.DialMediaRouteProviderService,com.google.android.music:main,10073,0,57202,[],false,true,0,0,57212,
1431958628646,ch.unige.css.services.PingService,ch.unige.ping,10149,1632,82374662,[STARTED],false,true,0,0,82374673,
1431958628646,com.google.android.search.core.service.BroadcastListenerService,com.google.android.googlequicksearchbox:search,10026,17299,75471,[STARTED],false,true,0,0,78996829,
1431958628646,com.android.systemui.keyguard.KeyguardService,com.android.systemui,10014,930,44352,[PERSISTENT],false,false,2,2,68066,
1431958628646,openiab.StoreService,cm.aptoide.pt,10148,0,54787,[],false,true,0,0,54797,
1431958628646,ch.unige.css.services.main.CssRegistryService,ch.unige.ping:background,10149,18127,79078041,[STARTED],false,true,0,0,79078052,
1431958628646,com.google.android.finsky.billing.iab.InAppBillingService,com.android.vending,10024,24079,81049270,[],false,true,1,1,81049281,
1431958628646,org.cyanogenmod.audiofx.HeadsetService,org.cyanogenmod.audiofx,10000,1289,67364,"[PERSISTENT,STARTED]",false,true,0,0,67374,
1431958688684,com.android.bluetooth.hid.HidService,com.android.bluetooth,1002,0,49150,[],false,true,0,0,49160,
1431958688684,com.cleanmaster.service.PermanentService,com.cleanmaster.mguard:service,10138,17133,94138,[STARTED],false,true,1,1,82313906,
1431958688684,com.google.android.music.dial.DialMediaRouteProviderService,com.google.android.music:main,10073,0,57202,[],false,true,0,0,57212,
1431958688684,ch.unige.css.services.PingService,ch.unige.ping,10149,1632,82434677,[STARTED],false,true,0,0,82434688,
1431958688684,com.google.android.search.core.service.BroadcastListenerService,com.google.android.googlequicksearchbox:search,10026,17299,75471,[STARTED],false,true,0,0,78996829,
1431958688684,com.android.systemui.keyguard.KeyguardService,com.android.systemui,10014,930,44352,[PERSISTENT],false,false,2,2,68066,
1431958688684,openiab.StoreService,cm.aptoide.pt,10148,0,54787,[],false,true,0,0,54797,
1431958688684,ch.unige.css.services.main.CssRegistryService,ch.unige.ping:background,10149,18127,79078041,[STARTED],false,true,0,0,79078052,
1431958688684,com.google.android.finsky.billing.iab.InAppBillingService,com.android.vending,10024,24079,81049270,[],false,true,1,1,81049281,
1431958688684,org.cyanogenmod.audiofx.HeadsetService,org.cyanogenmod.audiofx,10000,1289,67364,"[PERSISTENT,STARTED]",false,true,0,0,67374,
1431958748666,com.android.bluetooth.hid.HidService,com.android.bluetooth,1002,0,49150,[],false,true,0,0,49160,
1431958748666,com.cleanmaster.service.PermanentService,com.cleanmaster.mguard:service,10138,17133,94138,[STARTED],false,true,1,1,82313906,
1431958748666,com.google.android.music.dial.DialMediaRouteProviderService,com.google.android.music:main,10073,0,57202,[],false,true,0,0,57212,
1431958748666,ch.unige.css.services.PingService,ch.unige.ping,10149,1632,82494703,[STARTED],false,true,0,0,82494714,
1431958748666,com.google.android.search.core.service.BroadcastListenerService,com.google.android.googlequicksearchbox:search,10026,17299,75471,[STARTED],false,true,0,0,78996829,
1431958748666,com.android.systemui.keyguard.KeyguardService,com.android.systemui,10014,930,44352,[PERSISTENT],false,false,2,2,68066,
1431958748666,openiab.StoreService,cm.aptoide.pt,10148,0,54787,[],false,true,0,0,54797,
1431958748666,ch.unige.css.services.main.CssRegistryService,ch.unige.ping:background,10149,18127,79078041,[STARTED],false,true,0,0,79078052,
1431958748666,com.google.android.finsky.billing.iab.InAppBillingService,com.android.vending,10024,24079,81049270,[],false,true,1,1,81049281,
1431958748666,org.cyanogenmod.audiofx.HeadsetService,org.cyanogenmod.audiofx,10000,1289,67364,"[PERSISTENT,STARTED]",false,true,0,0,67374,
1431958809013,com.android.bluetooth.hid.HidService,com.android.bluetooth,1002,0,49150,[],false,true,0,0,49160,
1431958809013,com.cleanmaster.service.PermanentService,com.cleanmaster.mguard:service,10138,17133,94138,[STARTED],false,true,1,1,82543116,
1431958809013,com.google.android.music.dial.DialMediaRouteProviderService,com.google.android.music:main,10073,0,57202,[],false,true,0,0,57212,
1431958809013,ch.unige.css.services.PingService,ch.unige.ping,10149,1632,82554999,[STARTED],false,true,0,0,82555010,
1431958809013,com.google.android.search.core.service.BroadcastListenerService,com.google.android.googlequicksearchbox:search,10026,17299,75471,[STARTED],false,true,0,0,78996829,
1431958809013,com.android.systemui.keyguard.KeyguardService,com.android.systemui,10014,930,44352,[PERSISTENT],false,false,2,2,68066,
1431958809013,openiab.StoreService,cm.aptoide.pt,10148,0,54787,[],false,true,0,0,54797,
1431958809013,ch.unige.css.services.main.CssRegistryService,ch.unige.ping:background,10149,18127,79078041,[STARTED],false,true,0,0,79078052,
1431958809013,com.google.android.finsky.billing.iab.InAppBillingService,com.android.vending,10024,24079,81049270,[],false,true,1,1,81049281,
1431958809013,org.cyanogenmod.audiofx.HeadsetService,org.cyanogenmod.audiofx,10000,1289,67364,"[PERSISTENT,STARTED]",false,true,0,0,67374,
1431958869146,com.android.bluetooth.hid.HidService,com.android.bluetooth,1002,0,49150,[],false,true,0,0,49160,
1431958869146,com.cleanmaster.service.PermanentService,com.cleanmaster.mguard:service,10138,17133,94138,[STARTED],false,true,1,1,82543116,
1431958869146,com.google.android.music.dial.DialMediaRouteProviderService,com.google.android.music:main,10073,0,57202,[],false,true,0,0,57212,
1431958869146,ch.unige.css.services.PingService,ch.unige.ping,10149,1632,82615023,[STARTED],false,true,0,0,82615034,
1431958869146,com.google.android.search.core.service.BroadcastListenerService,com.google.android.googlequicksearchbox:search,10026,17299,75471,[STARTED],false,true,0,0,78996829,
1431958869146,com.android.systemui.keyguard.KeyguardService,com.android.systemui,10014,930,44352,[PERSISTENT],false,false,2,2,68066,
1431958869146,openiab.StoreService,cm.aptoide.pt,10148,0,54787,[],false,true,0,0,54797,
1431958869146,ch.unige.css.services.main.CssRegistryService,ch.unige.ping:background,10149,18127,79078041,[STARTED],false,true,0,0,79078052,
1431958869146,com.google.android.finsky.billing.iab.InAppBillingService,com.android.vending,10024,24079,81049270,[],false,true,1,1,81049281,
1431958869146,org.cyanogenmod.audiofx.HeadsetService,org.cyanogenmod.audiofx,10000,1289,67364,"[PERSISTENT,STARTED]",false,true,0,0,67374,
1431958929161,com.android.bluetooth.hid.HidService,com.android.bluetooth,1002,0,49150,[],false,true,0,0,49160,
1431958929161,com.cleanmaster.service.PermanentService,com.cleanmaster.mguard:service,10138,17133,94138,[STARTED],false,true,1,1,82543116,
1431958929161,com.google.android.music.dial.DialMediaRouteProviderService,com.google.android.music:main,10073,0,57202,[],false,true,0,0,57212,
1431958929161,ch.unige.css.services.PingService,ch.unige.ping,10149,1632,82675082,[STARTED],false,true,0,0,82675093,
1431958929161,com.google.android.search.core.service.BroadcastListenerService,com.google.android.googlequicksearchbox:search,10026,17299,75471,[STARTED],false,true,0,0,78996829,
1431958929161,com.android.systemui.keyguard.KeyguardService,com.android.systemui,10014,930,44352,[PERSISTENT],false,false,2,2,68066,
1431958929161,openiab.StoreService,cm.aptoide.pt,10148,0,54787,[],false,true,0,0,54797,
1431958929161,ch.unige.css.services.main.CssRegistryService,ch.unige.ping:background,10149,18127,79078041,[STARTED],false,true,0,0,79078052,
1431958929161,com.google.android.finsky.billing.iab.InAppBillingService,com.android.vending,10024,24079,81049270,[],false,true,1,1,81049281,
1431958929161,org.cyanogenmod.audiofx.HeadsetService,org.cyanogenmod.audiofx,10000,1289,67364,"[PERSISTENT,STARTED]",false,true,0,0,67374,
1431958989068,com.android.bluetooth.hid.HidService,com.android.bluetooth,1002,0,49150,[],false,true,0,0,49160,
1431958989068,com.cleanmaster.service.PermanentService,com.cleanmaster.mguard:service,10138,17133,94138,[STARTED],false,true,1,1,82725341,
1431958989068,com.google.android.music.dial.DialMediaRouteProviderService,com.google.android.music:main,10073,0,57202,[],false,true,0,0,57212,
1431958989068,ch.unige.css.services.PingService,ch.unige.ping,10149,1632,82735098,[STARTED],false,true,0,0,82735109,
1431958989068,com.google.android.search.core.service.BroadcastListenerService,com.google.android.googlequicksearchbox:search,10026,27564,75471,[STARTED],false,true,0,0,82727402,
1431958989068,com.android.systemui.keyguard.KeyguardService,com.android.systemui,10014,930,44352,[PERSISTENT],false,false,2,2,68066,
1431958989068,openiab.StoreService,cm.aptoide.pt,10148,0,54787,[],false,true,0,0,54797,
1431958989068,ch.unige.css.services.main.CssRegistryService,ch.unige.ping:background,10149,18127,79078041,[STARTED],false,true,0,0,79078052,
1431958989068,com.google.android.finsky.billing.iab.InAppBillingService,com.android.vending,10024,24079,81049270,[],false,true,1,1,81049281,
1431958989068,org.cyanogenmod.audiofx.HeadsetService,org.cyanogenmod.audiofx,10000,1289,67364,"[PERSISTENT,STARTED]",false,true,0,0,67374,
1431959049155,com.android.bluetooth.hid.HidService,com.android.bluetooth,1002,0,49150,[],false,true,0,0,49160,
1431959049155,com.cleanmaster.service.PermanentService,com.cleanmaster.mguard:service,10138,17133,94138,[STARTED],false,true,1,1,82725341,
1431959049155,com.google.android.music.dial.DialMediaRouteProviderService,com.google.android.music:main,10073,0,57202,[],false,true,0,0,57212,
1431959049155,ch.unige.css.services.PingService,ch.unige.ping,10149,1632,82795176,[STARTED],false,true,0,0,82795187,
1431959049155,com.google.android.search.core.service.BroadcastListenerService,com.google.android.googlequicksearchbox:search,10026,27564,75471,[STARTED],false,true,0,0,82727402,
1431959049155,com.android.systemui.keyguard.KeyguardService,com.android.systemui,10014,930,44352,[PERSISTENT],false,false,2,2,68066,
1431959049155,openiab.StoreService,cm.aptoide.pt,10148,0,54787,[],false,true,0,0,54797,
1431959049155,ch.unige.css.services.main.CssRegistryService,ch.unige.ping:background,10149,0,82795138,[STARTED],false,true,0,0,82795149,
1431959049155,org.cyanogenmod.audiofx.HeadsetService,org.cyanogenmod.audiofx,10000,1289,67364,"[PERSISTENT,STARTED]",false,true,0,0,67374,
1431959049155,com.whatsapp.messaging.MessageService,com.whatsapp,10110,2813,67811,[STARTED],false,true,1,1,82753262,
1431959114701,com.android.bluetooth.hid.HidService,com.android.bluetooth,1002,0,49150,[],false,true,0,0,49160,
1431959114701,com.cleanmaster.service.PermanentService,com.cleanmaster.mguard:service,10138,17133,94138,[STARTED],false,true,1,1,82825343,
1431959114701,com.google.android.music.dial.DialMediaRouteProviderService,com.google.android.music:main,10073,0,57202,[],false,true,0,0,57212,
1431959114701,ch.unige.css.services.PingService,ch.unige.ping,10149,1632,82860852,[STARTED],false,true,0,0,82860863,
1431959114701,com.google.android.search.core.service.BroadcastListenerService,com.google.android.googlequicksearchbox:search,10026,27564,75471,[STARTED],false,true,0,0,82727402,
1431959114701,com.google.android.gms.auth.GoogleAccountAuthenticatorService,com.google.process.gapps,10020,1581,82815611,[],false,true,1,1,82815622,
1431959114701,com.android.systemui.keyguard.KeyguardService,com.android.systemui,10014,930,44352,[PERSISTENT],false,false,2,2,68066,
1431959114701,openiab.StoreService,cm.aptoide.pt,10148,0,54787,[],false,true,0,0,54797,
1431959114701,ch.unige.css.services.main.CssRegistryService,ch.unige.ping:background,10149,28678,82795138,[STARTED],false,true,0,0,82795298,
1431959114701,org.cyanogenmod.audiofx.HeadsetService,org.cyanogenmod.audiofx,10000,1289,67364,"[PERSISTENT,STARTED]",false,true,0,0,67374,
1431959175116,com.android.bluetooth.hid.HidService,com.android.bluetooth,1002,0,49150,[],false,true,0,0,49160,
1431959175116,com.cleanmaster.service.PermanentService,com.cleanmaster.mguard:service,10138,17133,94138,[STARTED],false,true,1,1,82825343,
1431959175116,com.google.android.music.dial.DialMediaRouteProviderService,com.google.android.music:main,10073,0,57202,[],false,true,0,0,57212,
1431959175116,ch.unige.css.services.PingService,ch.unige.ping,10149,1632,82921260,[STARTED],false,true,0,0,82921271,
1431959175116,com.google.android.search.core.service.BroadcastListenerService,com.google.android.googlequicksearchbox:search,10026,27564,75471,[STARTED],false,true,0,0,82727402,
1431959175116,com.google.android.gms.auth.GoogleAccountAuthenticatorService,com.google.process.gapps,10020,1581,82903915,[],false,true,1,1,82903926,
1431959175116,com.android.systemui.keyguard.KeyguardService,com.android.systemui,10014,930,44352,[PERSISTENT],false,false,2,2,68066,
1431959175116,openiab.StoreService,cm.aptoide.pt,10148,0,54787,[],false,true,0,0,54797,
1431959175116,ch.unige.css.services.main.CssRegistryService,ch.unige.ping:background,10149,28678,82795138,[STARTED],false,true,0,0,82795298,
1431959175116,com.google.android.finsky.billing.iab.InAppBillingService,com.android.vending,10024,29585,82865341,[],false,true,1,1,82865595,
1431959237945,com.android.bluetooth.hid.HidService,com.android.bluetooth,1002,0,49150,[],false,true,0,0,49160,
1431959237945,com.cleanmaster.service.PermanentService,com.cleanmaster.mguard:service,10138,17133,94138,[STARTED],false,true,1,1,82825343,
1431959237945,com.google.android.music.dial.DialMediaRouteProviderService,com.google.android.music:main,10073,0,57202,[],false,true,0,0,57212,
1431959237945,ch.unige.css.services.PingService,ch.unige.ping,10149,1632,82984068,[STARTED],false,true,0,0,82984079,
1431959237945,com.google.android.search.core.service.BroadcastListenerService,com.google.android.googlequicksearchbox:search,10026,27564,75471,[STARTED],false,true,0,0,82727402,
1431959237945,com.google.android.gms.auth.GoogleAccountAuthenticatorService,com.google.process.gapps,10020,1581,82903915,[],false,true,2,2,82929225,
1431959237945,com.google.ipc.invalidation.ticl.android2.TiclService,com.android.chrome,10106,28887,82984048,[STARTED],false,true,0,0,82984059,
1431959237945,com.android.systemui.keyguard.KeyguardService,com.android.systemui,10014,930,44352,[PERSISTENT],false,false,2,2,68066,
1431959237945,openiab.StoreService,cm.aptoide.pt,10148,0,54787,[],false,true,0,0,54797,
1431959237945,ch.unige.css.services.main.CssRegistryService,ch.unige.ping:background,10149,28678,82795138,[STARTED],false,true,0,0,82795298,
1431959314692,com.android.bluetooth.hid.HidService,com.android.bluetooth,1002,0,49150,[],false,true,0,0,49160,
1431959314692,com.cleanmaster.service.PermanentService,com.cleanmaster.mguard:service,10138,17133,94138,[STARTED],false,true,1,1,82825343,
1431959314692,com.google.android.music.dial.DialMediaRouteProviderService,com.google.android.music:main,10073,0,57202,[],false,true,0,0,57212,
1431959314692,ch.unige.css.services.PingService,ch.unige.ping,10149,1632,83060828,[STARTED],false,true,0,0,83060839,
1431959314692,com.google.android.search.core.service.BroadcastListenerService,com.google.android.googlequicksearchbox:search,10026,27564,75471,[STARTED],false,true,0,0,82727402,
1431959314692,com.google.android.gms.auth.GoogleAccountAuthenticatorService,com.google.process.gapps,10020,1581,82903915,[],false,true,2,2,82929225,
1431959314692,com.google.ipc.invalidation.ticl.android2.TiclService,com.android.chrome,10106,28887,83060818,[STARTED],false,true,0,0,83060829,
1431959314692,com.android.systemui.keyguard.KeyguardService,com.android.systemui,10014,930,44352,[PERSISTENT],false,false,2,2,68066,
1431959314692,openiab.StoreService,cm.aptoide.pt,10148,0,54787,[],false,true,0,0,54797,
1431959314692,ch.unige.css.services.main.CssRegistryService,ch.unige.ping:background,10149,28678,82795138,[STARTED],false,true,0,0,82795298,
1431959385856,com.android.bluetooth.hid.HidService,com.android.bluetooth,1002,0,49150,[],false,true,0,0,49160,
1431959385856,com.cleanmaster.service.PermanentService,com.cleanmaster.mguard:service,10138,17133,94138,[STARTED],false,true,1,1,82825343,
1431959385856,com.google.android.music.dial.DialMediaRouteProviderService,com.google.android.music:main,10073,0,57202,[],false,true,0,0,57212,
1431959385856,ch.unige.css.services.PingService,ch.unige.ping,10149,1632,83131961,[STARTED],false,true,0,0,83131973,
1431959385856,com.google.android.search.core.service.BroadcastListenerService,com.google.android.googlequicksearchbox:search,10026,27564,75471,[STARTED],false,true,0,0,82727402,
1431959385856,com.google.android.gms.auth.GoogleAccountAuthenticatorService,com.google.process.gapps,10020,1581,82903915,[],false,true,3,3,83130408,
1431959385856,com.android.systemui.keyguard.KeyguardService,com.android.systemui,10014,930,44352,[PERSISTENT],false,false,2,2,68066,
1431959385856,openiab.StoreService,cm.aptoide.pt,10148,0,54787,[],false,true,0,0,54797,
1431959385856,ch.unige.css.services.main.CssRegistryService,ch.unige.ping:background,10149,28678,82795138,[STARTED],false,true,0,0,82795298,
1431959385856,org.cyanogenmod.audiofx.HeadsetService,org.cyanogenmod.audiofx,10000,1289,67364,"[PERSISTENT,STARTED]",false,true,0,0,67374,
1431959446117,com.android.bluetooth.hid.HidService,com.android.bluetooth,1002,0,49150,[],false,true,0,0,49160,
1431959446117,com.cleanmaster.service.PermanentService,com.cleanmaster.mguard:service,10138,17133,94138,[STARTED],false,true,1,1,82825343,
1431959446117,com.google.android.music.dial.DialMediaRouteProviderService,com.google.android.music:main,10073,0,57202,[],false,true,0,0,57212,
1431959446117,ch.unige.css.services.PingService,ch.unige.ping,10149,1632,83192132,[STARTED],false,true,0,0,83192143,
1431959446117,com.google.android.search.core.service.BroadcastListenerService,com.google.android.googlequicksearchbox:search,10026,27564,75471,[STARTED],false,true,0,0,82727402,
1431959446117,com.google.android.gms.auth.GoogleAccountAuthenticatorService,com.google.process.gapps,10020,1581,82903915,[],false,true,2,2,83130408,
1431959446117,com.android.systemui.keyguard.KeyguardService,com.android.systemui,10014,930,44352,[PERSISTENT],false,false,2,2,68066,
1431959446117,openiab.StoreService,cm.aptoide.pt,10148,0,54787,[],false,true,0,0,54797,
1431959446117,ch.unige.css.services.main.CssRegistryService,ch.unige.ping:background,10149,28678,82795138,[STARTED],false,true,0,0,82795298,
1431959446117,org.cyanogenmod.audiofx.HeadsetService,org.cyanogenmod.audiofx,10000,1289,67364,"[PERSISTENT,STARTED]",false,true,0,0,67374,
1431959506042,com.android.bluetooth.hid.HidService,com.android.bluetooth,1002,0,49150,[],false,true,0,0,49160,
1431959506042,com.google.android.gms.kids.common.service.KidsApiService,com.google.android.gms,10020,1729,83232960,[STARTED],false,true,0,0,83232980,
1431959506042,com.cleanmaster.service.PermanentService,com.cleanmaster.mguard:service,10138,17133,94138,[STARTED],false,true,1,1,82825343,
1431959506042,com.google.android.music.dial.DialMediaRouteProviderService,com.google.android.music:main,10073,0,57202,[],false,true,0,0,57212,
1431959506042,ch.unige.css.services.PingService,ch.unige.ping,10149,1632,83252175,[STARTED],false,true,0,0,83252187,
1431959506042,com.google.android.search.core.service.BroadcastListenerService,com.google.android.googlequicksearchbox:search,10026,27564,75471,[STARTED],false,true,0,0,82727402,
1431959506042,com.google.android.gms.auth.GoogleAccountAuthenticatorService,com.google.process.gapps,10020,1581,82903915,[],false,true,3,3,83233024,
1431959506042,com.android.systemui.keyguard.KeyguardService,com.android.systemui,10014,930,44352,[PERSISTENT],false,false,2,2,68066,
1431959506042,openiab.StoreService,cm.aptoide.pt,10148,0,54787,[],false,true,0,0,54797,
1431959506042,ch.unige.css.services.main.CssRegistryService,ch.unige.ping:background,10149,28678,82795138,[STARTED],false,true,0,0,82795298,
1431959566114,com.android.bluetooth.hid.HidService,com.android.bluetooth,1002,0,49150,[],false,true,0,0,49160,
1431959566114,com.cleanmaster.service.PermanentService,com.cleanmaster.mguard:service,10138,17133,94138,[STARTED],false,true,1,1,83303154,
1431959566114,com.google.android.music.dial.DialMediaRouteProviderService,com.google.android.music:main,10073,0,57202,[],false,true,0,0,57212,
1431959566114,com.google.ipc.invalidation.ticl.android2.channel.AndroidMessageSenderService,com.android.chrome,10106,28887,83258879,[STARTED],false,true,0,0,83258989,
1431959566114,ch.unige.css.services.PingService,ch.unige.ping,10149,1632,83312237,[STARTED],false,true,0,0,83312248,
1431959566114,com.google.android.search.core.service.BroadcastListenerService,com.google.android.googlequicksearchbox:search,10026,27564,75471,[STARTED],false,true,0,0,82727402,
1431959566114,com.android.systemui.keyguard.KeyguardService,com.android.systemui,10014,930,44352,[PERSISTENT],false,false,2,2,68066,
1431959566114,openiab.StoreService,cm.aptoide.pt,10148,0,54787,[],false,true,0,0,54797,
1431959566114,ch.unige.css.services.main.CssRegistryService,ch.unige.ping:background,10149,28678,82795138,[STARTED],false,true,0,0,82795298,
1431959566114,org.cyanogenmod.audiofx.HeadsetService,org.cyanogenmod.audiofx,10000,1289,67364,"[PERSISTENT,STARTED]",false,true,0,0,67374,
1431959628487,com.android.bluetooth.hid.HidService,com.android.bluetooth,1002,0,49150,[],false,true,0,0,49160,
1431959628487,com.cleanmaster.service.PermanentService,com.cleanmaster.mguard:service,10138,17133,94138,[STARTED],false,true,1,1,83303154,
1431959628487,com.google.android.music.dial.DialMediaRouteProviderService,com.google.android.music:main,10073,0,57202,[],false,true,0,0,57212,
1431959628487,ch.unige.css.services.PingService,ch.unige.ping,10149,1632,83374607,[STARTED],false,true,0,0,83374618,
1431959628487,com.google.android.search.core.service.BroadcastListenerService,com.google.android.googlequicksearchbox:search,10026,27564,75471,[STARTED],false,true,0,0,82727402,
1431959628487,com.google.ipc.invalidation.ticl.android2.TiclService,com.android.chrome,10106,28887,83374667,[STARTED],false,true,0,0,83374678,
1431959628487,com.android.systemui.keyguard.KeyguardService,com.android.systemui,10014,930,44352,[PERSISTENT],false,false,2,2,68066,
1431959628487,openiab.StoreService,cm.aptoide.pt,10148,0,54787,[],false,true,0,0,54797,
1431959628487,ch.unige.css.services.main.CssRegistryService,ch.unige.ping:background,10149,28678,82795138,[STARTED],false,true,0,0,82795298,
1431959628487,org.cyanogenmod.audiofx.HeadsetService,org.cyanogenmod.audiofx,10000,1289,67364,"[PERSISTENT,STARTED]",false,true,0,0,67374,
1431959688945,com.android.bluetooth.hid.HidService,com.android.bluetooth,1002,0,49150,[],false,true,0,0,49160,
1431959688945,com.cleanmaster.service.PermanentService,com.cleanmaster.mguard:service,10138,17133,94138,[STARTED],false,true,1,1,83434261,
1431959688945,com.google.android.music.dial.DialMediaRouteProviderService,com.google.android.music:main,10073,0,57202,[],false,true,0,0,57212,
1431959688945,ch.unige.css.services.PingService,ch.unige.ping,10149,1632,83434632,[STARTED],false,true,0,0,83434643,
1431959688945,com.google.android.search.core.service.BroadcastListenerService,com.google.android.googlequicksearchbox:search,10026,27564,75471,[STARTED],false,true,0,0,82727402,
1431959688945,com.android.systemui.keyguard.KeyguardService,com.android.systemui,10014,930,44352,[PERSISTENT],false,false,2,2,68066,
1431959688945,openiab.StoreService,cm.aptoide.pt,10148,0,54787,[],false,true,0,0,54797,
1431959688945,ch.unige.css.services.main.CssRegistryService,ch.unige.ping:background,10149,28678,82795138,[STARTED],false,true,0,0,82795298,
1431959688945,org.cyanogenmod.audiofx.HeadsetService,org.cyanogenmod.audiofx,10000,1289,67364,"[PERSISTENT,STARTED]",false,true,0,0,67374,
1431959688945,com.whatsapp.messaging.MessageService,com.whatsapp,10110,2813,67811,[STARTED],false,true,1,1,83434223,
1431959749143,com.android.bluetooth.hid.HidService,com.android.bluetooth,1002,0,49150,[],false,true,0,0,49160,
1431959749143,com.cleanmaster.service.PermanentService,com.cleanmaster.mguard:service,10138,17133,94138,[STARTED],false,true,1,1,83491338,
1431959749143,com.google.android.music.dial.DialMediaRouteProviderService,com.google.android.music:main,10073,0,57202,[],false,true,0,0,57212,
1431959749143,ch.unige.css.services.PingService,ch.unige.ping,10149,1632,83494847,[STARTED],false,true,0,0,83494858,
1431959749143,com.google.android.search.core.service.BroadcastListenerService,com.google.android.googlequicksearchbox:search,10026,27564,75471,[STARTED],false,true,0,0,82727402,
1431959749143,com.android.systemui.keyguard.KeyguardService,com.android.systemui,10014,930,44352,[PERSISTENT],false,false,2,2,68066,
1431959749143,openiab.StoreService,cm.aptoide.pt,10148,0,54787,[],false,true,0,0,54797,
1431959749143,ch.unige.css.services.main.CssRegistryService,ch.unige.ping:background,10149,28678,82795138,[STARTED],false,true,0,0,82795298,
1431959749143,com.google.android.finsky.billing.iab.InAppBillingService,com.android.vending,10024,1862,83439635,[],false,true,1,1,83439646,
1431959749143,org.cyanogenmod.audiofx.HeadsetService,org.cyanogenmod.audiofx,10000,1289,67364,"[PERSISTENT,STARTED]",false,true,0,0,67374,
1431959812639,com.android.bluetooth.hid.HidService,com.android.bluetooth,1002,0,49150,[],false,true,0,0,49160,
1431959812639,com.cleanmaster.service.PermanentService,com.cleanmaster.mguard:service,10138,17133,94138,[STARTED],false,true,1,1,83504080,
1431959812639,com.google.android.music.dial.DialMediaRouteProviderService,com.google.android.music:main,10073,0,57202,[],false,true,0,0,57212,
1431959812639,ch.unige.css.services.PingService,ch.unige.ping,10149,1632,83558311,[STARTED],false,true,0,0,83558322,
1431959812639,com.google.android.search.core.service.BroadcastListenerService,com.google.android.googlequicksearchbox:search,10026,27564,75471,[STARTED],false,true,0,0,82727402,
1431959812639,com.android.systemui.keyguard.KeyguardService,com.android.systemui,10014,930,44352,[PERSISTENT],false,false,2,2,68066,
1431959812639,openiab.StoreService,cm.aptoide.pt,10148,0,54787,[],false,true,0,0,54797,
1431959812639,ch.unige.css.services.main.CssRegistryService,ch.unige.ping:background,10149,28678,82795138,[STARTED],false,true,0,0,82795298,
1431959812639,com.google.android.finsky.billing.iab.InAppBillingService,com.android.vending,10024,1862,83439635,[],false,true,1,1,83439646,
1431959812639,org.cyanogenmod.audiofx.HeadsetService,org.cyanogenmod.audiofx,10000,1289,67364,"[PERSISTENT,STARTED]",false,true,0,0,67374,
1431959875050,com.android.bluetooth.hid.HidService,com.android.bluetooth,1002,0,49150,[],false,true,0,0,49160,
1431959875050,com.cleanmaster.service.PermanentService,com.cleanmaster.mguard:service,10138,17133,94138,[STARTED],false,true,1,1,83504080,
1431959875050,com.google.android.music.dial.DialMediaRouteProviderService,com.google.android.music:main,10073,0,57202,[],false,true,0,0,57212,
1431959875050,ch.unige.css.services.PingService,ch.unige.ping,10149,1632,83620706,[STARTED],false,true,0,0,83620717,
1431959875050,com.google.android.search.core.service.BroadcastListenerService,com.google.android.googlequicksearchbox:search,10026,27564,75471,[STARTED],false,true,0,0,82727402,
1431959875050,com.android.systemui.keyguard.KeyguardService,com.android.systemui,10014,930,44352,[PERSISTENT],false,false,2,2,68066,
1431959875050,openiab.StoreService,cm.aptoide.pt,10148,0,54787,[],false,true,0,0,54797,
1431959875050,ch.unige.css.services.main.CssRegistryService,ch.unige.ping:background,10149,28678,82795138,[STARTED],false,true,0,0,82795298,
1431959875050,com.google.android.finsky.billing.iab.InAppBillingService,com.android.vending,10024,1862,83439635,[],false,true,1,1,83439646,
1431959875050,org.cyanogenmod.audiofx.HeadsetService,org.cyanogenmod.audiofx,10000,1289,67364,"[PERSISTENT,STARTED]",false,true,0,0,67374,
1431959935455,com.android.bluetooth.hid.HidService,com.android.bluetooth,1002,0,49150,[],false,true,0,0,49160,
1431959935455,com.cleanmaster.service.PermanentService,com.cleanmaster.mguard:service,10138,17133,94138,[STARTED],false,true,1,1,83504080,
1431959935455,com.google.android.music.dial.DialMediaRouteProviderService,com.google.android.music:main,10073,0,57202,[],false,true,0,0,57212,
1431959935455,ch.unige.css.services.PingService,ch.unige.ping,10149,1632,83681111,[STARTED],false,true,0,0,83681122,
1431959935455,com.google.android.search.core.service.BroadcastListenerService,com.google.android.googlequicksearchbox:search,10026,27564,75471,[STARTED],false,true,0,0,82727402,
1431959935455,com.android.systemui.keyguard.KeyguardService,com.android.systemui,10014,930,44352,[PERSISTENT],false,false,2,2,68066,
1431959935455,openiab.StoreService,cm.aptoide.pt,10148,0,54787,[],false,true,0,0,54797,
1431959935455,ch.unige.css.services.main.CssRegistryService,ch.unige.ping:background,10149,28678,82795138,[STARTED],false,true,0,0,82795298,
1431959935455,com.google.android.finsky.billing.iab.InAppBillingService,com.android.vending,10024,1862,83439635,[],false,true,1,1,83439646,
1431959935455,org.cyanogenmod.audiofx.HeadsetService,org.cyanogenmod.audiofx,10000,1289,67364,"[PERSISTENT,STARTED]",false,true,0,0,67374,
1431959995715,com.android.bluetooth.hid.HidService,com.android.bluetooth,1002,0,49150,[],false,true,0,0,49160,
1431959995715,com.cleanmaster.service.PermanentService,com.cleanmaster.mguard:service,10138,17133,94138,[STARTED],false,true,1,1,83504080,
1431959995715,com.google.android.music.dial.DialMediaRouteProviderService,com.google.android.music:main,10073,0,57202,[],false,true,0,0,57212,
1431959995715,ch.unige.css.services.PingService,ch.unige.ping,10149,1632,83741382,[STARTED],false,true,0,0,83741393,
1431959995715,com.google.android.search.core.service.BroadcastListenerService,com.google.android.googlequicksearchbox:search,10026,27564,75471,[STARTED],false,true,0,0,82727402,
1431959995715,com.android.systemui.keyguard.KeyguardService,com.android.systemui,10014,930,44352,[PERSISTENT],false,false,2,2,68066,
1431959995715,openiab.StoreService,cm.aptoide.pt,10148,0,54787,[],false,true,0,0,54797,
1431959995715,ch.unige.css.services.main.CssRegistryService,ch.unige.ping:background,10149,28678,82795138,[STARTED],false,true,0,0,82795298,
1431959995715,com.google.android.finsky.billing.iab.InAppBillingService,com.android.vending,10024,1862,83439635,[],false,true,1,1,83439646,
1431959995715,org.cyanogenmod.audiofx.HeadsetService,org.cyanogenmod.audiofx,10000,1289,67364,"[PERSISTENT,STARTED]",false,true,0,0,67374,
1431960056019,com.android.bluetooth.hid.HidService,com.android.bluetooth,1002,0,49150,[],false,true,0,0,49160,
1431960056019,com.cleanmaster.service.PermanentService,com.cleanmaster.mguard:service,10138,17133,94138,[STARTED],false,true,1,1,83504080,
1431960056019,com.google.android.music.dial.DialMediaRouteProviderService,com.google.android.music:main,10073,0,57202,[],false,true,0,0,57212,
1431960056019,ch.unige.css.services.PingService,ch.unige.ping,10149,1632,83801663,[STARTED],false,true,0,0,83801674,
1431960056019,com.google.android.search.core.service.BroadcastListenerService,com.google.android.googlequicksearchbox:search,10026,27564,75471,[STARTED],false,true,0,0,82727402,
1431960056019,com.android.systemui.keyguard.KeyguardService,com.android.systemui,10014,930,44352,[PERSISTENT],false,false,2,2,68066,
1431960056019,openiab.StoreService,cm.aptoide.pt,10148,0,54787,[],false,true,0,0,54797,
1431960056019,ch.unige.css.services.main.CssRegistryService,ch.unige.ping:background,10149,28678,82795138,[STARTED],false,true,0,0,82795298,
1431960056019,com.google.android.finsky.billing.iab.InAppBillingService,com.android.vending,10024,1862,83439635,[],false,true,1,1,83439646,
1431960056019,org.cyanogenmod.audiofx.HeadsetService,org.cyanogenmod.audiofx,10000,1289,67364,"[PERSISTENT,STARTED]",false,true,0,0,67374,
1431960116208,com.android.bluetooth.hid.HidService,com.android.bluetooth,1002,0,49150,[],false,true,0,0,49160,
1431960116208,com.cleanmaster.service.PermanentService,com.cleanmaster.mguard:service,10138,17133,94138,[STARTED],false,true,1,1,83504080,
1431960116208,com.google.android.music.dial.DialMediaRouteProviderService,com.google.android.music:main,10073,0,57202,[],false,true,0,0,57212,
1431960116208,ch.unige.css.services.PingService,ch.unige.ping,10149,1632,83861856,[STARTED],false,true,0,0,83861867,
1431960116208,com.google.android.search.core.service.BroadcastListenerService,com.google.android.googlequicksearchbox:search,10026,27564,75471,[STARTED],false,true,0,0,82727402,
1431960116208,com.android.systemui.keyguard.KeyguardService,com.android.systemui,10014,930,44352,[PERSISTENT],false,false,2,2,68066,
1431960116208,openiab.StoreService,cm.aptoide.pt,10148,0,54787,[],false,true,0,0,54797,
1431960116208,ch.unige.css.services.main.CssRegistryService,ch.unige.ping:background,10149,28678,82795138,[STARTED],false,true,0,0,82795298,
1431960116208,com.google.android.finsky.billing.iab.InAppBillingService,com.android.vending,10024,1862,83439635,[],false,true,1,1,83439646,
1431960116208,org.cyanogenmod.audiofx.HeadsetService,org.cyanogenmod.audiofx,10000,1289,67364,"[PERSISTENT,STARTED]",false,true,0,0,67374,
1431960176189,com.android.bluetooth.hid.HidService,com.android.bluetooth,1002,0,49150,[],false,true,0,0,49160,
1431960176189,com.cleanmaster.service.PermanentService,com.cleanmaster.mguard:service,10138,17133,94138,[STARTED],false,true,2,2,83921694,
1431960176189,com.google.android.gms.ads.identifier.service.AdvertisingIdService,com.google.android.gms,10020,1729,83921764,[],false,true,1,1,83921776,
1431960176189,com.google.android.music.dial.DialMediaRouteProviderService,com.google.android.music:main,10073,0,57202,[],false,true,0,0,57212,
1431960176189,ch.unige.css.services.PingService,ch.unige.ping,10149,1632,83921882,[STARTED],false,true,0,0,83921893,
1431960176189,com.google.android.search.core.service.BroadcastListenerService,com.google.android.googlequicksearchbox:search,10026,27564,75471,[STARTED],false,true,0,0,82727402,
1431960176189,com.android.systemui.keyguard.KeyguardService,com.android.systemui,10014,930,44352,[PERSISTENT],false,false,2,2,68066,
1431960176189,openiab.StoreService,cm.aptoide.pt,10148,0,54787,[],false,true,0,0,54797,
1431960176189,ch.unige.css.services.main.CssRegistryService,ch.unige.ping:background,10149,28678,82795138,[STARTED],false,true,0,0,82795298,
1431960176189,com.google.android.finsky.billing.iab.InAppBillingService,com.android.vending,10024,1862,83439635,[],false,true,1,1,83439646,
1431960236063,com.android.bluetooth.hid.HidService,com.android.bluetooth,1002,0,49150,[],false,true,0,0,49160,
1431960236063,com.cleanmaster.service.PermanentService,com.cleanmaster.mguard:service,10138,17133,94138,[STARTED],false,true,1,1,83922892,
1431960236063,com.google.android.music.dial.DialMediaRouteProviderService,com.google.android.music:main,10073,0,57202,[],false,true,0,0,57212,
1431960236063,ch.unige.css.services.PingService,ch.unige.ping,10149,1632,83981935,[STARTED],false,true,0,0,83981946,
1431960236063,com.google.android.search.core.service.BroadcastListenerService,com.google.android.googlequicksearchbox:search,10026,27564,75471,[STARTED],false,true,0,0,82727402,
1431960236063,com.android.systemui.keyguard.KeyguardService,com.android.systemui,10014,930,44352,[PERSISTENT],false,false,2,2,68066,
1431960236063,openiab.StoreService,cm.aptoide.pt,10148,0,54787,[],false,true,0,0,54797,
1431960236063,ch.unige.css.services.main.CssRegistryService,ch.unige.ping:background,10149,28678,82795138,[STARTED],false,true,0,0,82795298,
1431960236063,com.google.android.finsky.billing.iab.InAppBillingService,com.android.vending,10024,1862,83439635,[],false,true,1,1,83927463,
1431960236063,org.cyanogenmod.audiofx.HeadsetService,org.cyanogenmod.audiofx,10000,1289,67364,"[PERSISTENT,STARTED]",false,true,0,0,67374,
1431960296010,com.android.bluetooth.hid.HidService,com.android.bluetooth,1002,0,49150,[],false,true,0,0,49160,
1431960296010,com.cleanmaster.service.PermanentService,com.cleanmaster.mguard:service,10138,17133,94138,[STARTED],false,true,1,1,84020895,
1431960296010,com.google.android.music.dial.DialMediaRouteProviderService,com.google.android.music:main,10073,0,57202,[],false,true,0,0,57212,
1431960296010,ch.unige.css.services.PingService,ch.unige.ping,10149,1632,84041959,[STARTED],false,true,0,0,84041970,
1431960296010,com.google.android.search.core.service.BroadcastListenerService,com.google.android.googlequicksearchbox:search,10026,27564,75471,[STARTED],false,true,0,0,82727402,
1431960296010,com.android.systemui.keyguard.KeyguardService,com.android.systemui,10014,930,44352,[PERSISTENT],false,false,2,2,68066,
1431960296010,openiab.StoreService,cm.aptoide.pt,10148,0,54787,[],false,true,0,0,54797,
1431960296010,ch.unige.css.services.main.CssRegistryService,ch.unige.ping:background,10149,28678,82795138,[STARTED],false,true,0,0,82795298,
1431960296010,org.cyanogenmod.audiofx.HeadsetService,org.cyanogenmod.audiofx,10000,1289,67364,"[PERSISTENT,STARTED]",false,true,0,0,67374,
1431960296010,com.whatsapp.messaging.MessageService,com.whatsapp,10110,3753,67811,[STARTED],false,true,1,1,83927396,
1431960356075,com.android.bluetooth.hid.HidService,com.android.bluetooth,1002,0,49150,[],false,true,0,0,49160,
1431960356075,com.cleanmaster.service.PermanentService,com.cleanmaster.mguard:service,10138,17133,94138,[STARTED],false,true,1,1,84087102,
1431960356075,com.google.android.music.dial.DialMediaRouteProviderService,com.google.android.music:main,10073,0,57202,[],false,true,0,0,57212,
1431960356075,ch.unige.css.services.PingService,ch.unige.ping,10149,1632,84102015,[STARTED],false,true,0,0,84102026,
1431960356075,com.google.android.search.core.service.BroadcastListenerService,com.google.android.googlequicksearchbox:search,10026,27564,75471,[STARTED],false,true,0,0,82727402,
1431960356075,com.android.systemui.keyguard.KeyguardService,com.android.systemui,10014,930,44352,[PERSISTENT],false,false,2,2,68066,
1431960356075,openiab.StoreService,cm.aptoide.pt,10148,0,54787,[],false,true,0,0,54797,
1431960356075,ch.unige.css.services.main.CssRegistryService,ch.unige.ping:background,10149,28678,82795138,[STARTED],false,true,0,0,82795298,
1431960356075,com.google.android.finsky.billing.iab.InAppBillingService,com.android.vending,10024,1862,84088044,[],false,true,1,1,84088209,
1431960356075,org.cyanogenmod.audiofx.HeadsetService,org.cyanogenmod.audiofx,10000,1289,67364,"[PERSISTENT,STARTED]",false,true,0,0,67374,
1431960416147,com.android.bluetooth.hid.HidService,com.android.bluetooth,1002,0,49150,[],false,true,0,0,49160,
1431960416147,com.cleanmaster.service.PermanentService,com.cleanmaster.mguard:service,10138,17133,94138,[STARTED],false,true,1,1,84121919,
1431960416147,com.google.android.music.dial.DialMediaRouteProviderService,com.google.android.music:main,10073,0,57202,[],false,true,0,0,57212,
1431960416147,ch.unige.css.services.PingService,ch.unige.ping,10149,1632,84162089,[STARTED],false,true,0,0,84162100,
1431960416147,com.google.android.search.core.service.BroadcastListenerService,com.google.android.googlequicksearchbox:search,10026,27564,75471,[STARTED],false,true,0,0,82727402,
1431960416147,com.android.systemui.keyguard.KeyguardService,com.android.systemui,10014,930,44352,[PERSISTENT],false,false,2,2,68066,
1431960416147,openiab.StoreService,cm.aptoide.pt,10148,0,54787,[],false,true,0,0,54797,
1431960416147,ch.unige.css.services.main.CssRegistryService,ch.unige.ping:background,10149,28678,82795138,[STARTED],false,true,0,0,82795298,
1431960416147,com.google.android.finsky.billing.iab.InAppBillingService,com.android.vending,10024,1862,84088044,[],false,true,1,1,84088209,
1431960416147,org.cyanogenmod.audiofx.HeadsetService,org.cyanogenmod.audiofx,10000,1289,67364,"[PERSISTENT,STARTED]",false,true,0,0,67374,
1431960478643,com.android.bluetooth.hid.HidService,com.android.bluetooth,1002,0,49150,[],false,true,0,0,49160,
1431960478643,com.cleanmaster.service.PermanentService,com.cleanmaster.mguard:service,10138,17133,94138,[STARTED],false,true,1,1,84121919,
1431960478643,com.google.android.music.dial.DialMediaRouteProviderService,com.google.android.music:main,10073,0,57202,[],false,true,0,0,57212,
1431960478643,ch.unige.css.services.PingService,ch.unige.ping,10149,1632,84224395,[STARTED],false,true,0,0,84224406,
1431960478643,com.google.android.search.core.service.BroadcastListenerService,com.google.android.googlequicksearchbox:search,10026,27564,75471,[STARTED],false,true,0,0,82727402,
1431960478643,com.android.systemui.keyguard.KeyguardService,com.android.systemui,10014,930,44352,[PERSISTENT],false,false,2,2,68066,
1431960478643,openiab.StoreService,cm.aptoide.pt,10148,0,54787,[],false,true,0,0,54797,
1431960478643,ch.unige.css.services.main.CssRegistryService,ch.unige.ping:background,10149,28678,82795138,[STARTED],false,true,0,0,82795298,
1431960478643,com.google.android.finsky.billing.iab.InAppBillingService,com.android.vending,10024,1862,84088044,[],false,true,1,1,84088209,
1431960478643,org.cyanogenmod.audiofx.HeadsetService,org.cyanogenmod.audiofx,10000,1289,67364,"[PERSISTENT,STARTED]",false,true,0,0,67374,
1431960538499,com.android.bluetooth.hid.HidService,com.android.bluetooth,1002,0,49150,[],false,true,0,0,49160,
1431960538499,com.cleanmaster.service.PermanentService,com.cleanmaster.mguard:service,10138,17133,94138,[STARTED],false,true,1,1,84121919,
1431960538499,com.google.android.music.dial.DialMediaRouteProviderService,com.google.android.music:main,10073,0,57202,[],false,true,0,0,57212,
1431960538499,ch.unige.css.services.PingService,ch.unige.ping,10149,1632,84284441,[STARTED],false,true,0,0,84284452,
1431960538499,com.google.android.search.core.service.BroadcastListenerService,com.google.android.googlequicksearchbox:search,10026,27564,75471,[STARTED],false,true,0,0,82727402,
1431960538499,com.android.systemui.keyguard.KeyguardService,com.android.systemui,10014,930,44352,[PERSISTENT],false,false,2,2,68066,
1431960538499,openiab.StoreService,cm.aptoide.pt,10148,0,54787,[],false,true,0,0,54797,
1431960538499,ch.unige.css.services.main.CssRegistryService,ch.unige.ping:background,10149,28678,82795138,[STARTED],false,true,0,0,82795298,
1431960538499,com.google.android.finsky.billing.iab.InAppBillingService,com.android.vending,10024,1862,84088044,[],false,true,1,1,84088209,
1431960538499,org.cyanogenmod.audiofx.HeadsetService,org.cyanogenmod.audiofx,10000,1289,67364,"[PERSISTENT,STARTED]",false,true,0,0,67374,
1431960598792,com.android.bluetooth.hid.HidService,com.android.bluetooth,1002,0,49150,[],false,true,0,0,49160,
1431960598792,com.cleanmaster.service.PermanentService,com.cleanmaster.mguard:service,10138,17133,94138,[STARTED],false,true,1,1,84121919,
1431960598792,com.google.android.music.dial.DialMediaRouteProviderService,com.google.android.music:main,10073,0,57202,[],false,true,0,0,57212,
1431960598792,ch.unige.css.services.PingService,ch.unige.ping,10149,1632,84344697,[STARTED],false,true,0,0,84344708,
1431960598792,com.google.android.search.core.service.BroadcastListenerService,com.google.android.googlequicksearchbox:search,10026,27564,75471,[STARTED],false,true,0,0,82727402,
1431960598792,com.android.systemui.keyguard.KeyguardService,com.android.systemui,10014,930,44352,[PERSISTENT],false,false,2,2,68066,
1431960598792,openiab.StoreService,cm.aptoide.pt,10148,0,54787,[],false,true,0,0,54797,
1431960598792,ch.unige.css.services.main.CssRegistryService,ch.unige.ping:background,10149,28678,82795138,[STARTED],false,true,0,0,82795298,
1431960598792,com.google.android.finsky.billing.iab.InAppBillingService,com.android.vending,10024,1862,84088044,[],false,true,1,1,84088209,
1431960598792,org.cyanogenmod.audiofx.HeadsetService,org.cyanogenmod.audiofx,10000,1289,67364,"[PERSISTENT,STARTED]",false,true,0,0,67374,
1431960670008,com.android.bluetooth.hid.HidService,com.android.bluetooth,1002,0,49150,[],false,true,0,0,49160,
1431960670008,com.cleanmaster.service.PermanentService,com.cleanmaster.mguard:service,10138,17133,94138,[STARTED],false,true,1,1,84121919,
1431960670008,com.google.android.music.dial.DialMediaRouteProviderService,com.google.android.music:main,10073,0,57202,[],false,true,0,0,57212,
1431960670008,ch.unige.css.services.PingService,ch.unige.ping,10149,1632,84415927,[STARTED],false,true,0,0,84415938,
1431960670008,com.google.android.search.core.service.BroadcastListenerService,com.google.android.googlequicksearchbox:search,10026,27564,75471,[STARTED],false,true,0,0,82727402,
1431960670008,com.android.systemui.keyguard.KeyguardService,com.android.systemui,10014,930,44352,[PERSISTENT],false,false,2,2,68066,
1431960670008,openiab.StoreService,cm.aptoide.pt,10148,0,54787,[],false,true,0,0,54797,
1431960670008,ch.unige.css.services.main.CssRegistryService,ch.unige.ping:background,10149,28678,82795138,[STARTED],false,true,0,0,82795298,
1431960670008,com.google.android.finsky.billing.iab.InAppBillingService,com.android.vending,10024,1862,84088044,[],false,true,1,1,84088209,
1431960670008,org.cyanogenmod.audiofx.HeadsetService,org.cyanogenmod.audiofx,10000,1289,67364,"[PERSISTENT,STARTED]",false,true,0,0,67374,
1431960730183,com.android.bluetooth.hid.HidService,com.android.bluetooth,1002,0,49150,[],false,true,0,0,49160,
1431960730183,com.cleanmaster.service.PermanentService,com.cleanmaster.mguard:service,10138,17133,94138,[STARTED],false,true,1,1,84121919,
1431960730183,com.google.android.music.dial.DialMediaRouteProviderService,com.google.android.music:main,10073,0,57202,[],false,true,0,0,57212,
1431960730183,ch.unige.css.services.PingService,ch.unige.ping,10149,1632,84476058,[STARTED],false,true,0,0,84476069,
1431960730183,com.google.android.search.core.service.BroadcastListenerService,com.google.android.googlequicksearchbox:search,10026,27564,75471,[STARTED],false,true,0,0,82727402,
1431960730183,com.android.systemui.keyguard.KeyguardService,com.android.systemui,10014,930,44352,[PERSISTENT],false,false,2,2,68066,
1431960730183,openiab.StoreService,cm.aptoide.pt,10148,0,54787,[],false,true,0,0,54797,
1431960730183,ch.unige.css.services.main.CssRegistryService,ch.unige.ping:background,10149,28678,82795138,[STARTED],false,true,0,0,82795298,
1431960730183,com.google.android.finsky.billing.iab.InAppBillingService,com.android.vending,10024,1862,84088044,[],false,true,1,1,84088209,
1431960730183,org.cyanogenmod.audiofx.HeadsetService,org.cyanogenmod.audiofx,10000,1289,67364,"[PERSISTENT,STARTED]",false,true,0,0,67374,
1431960790249,com.android.bluetooth.hid.HidService,com.android.bluetooth,1002,0,49150,[],false,true,0,0,49160,
1431960790249,com.cleanmaster.service.PermanentService,com.cleanmaster.mguard:service,10138,17133,94138,[STARTED],false,true,1,1,84121919,
1431960790249,com.google.android.music.dial.DialMediaRouteProviderService,com.google.android.music:main,10073,0,57202,[],false,true,0,0,57212,
1431960790249,ch.unige.css.services.PingService,ch.unige.ping,10149,1632,84536165,[STARTED],false,true,0,0,84536176,
1431960790249,com.google.android.search.core.service.BroadcastListenerService,com.google.android.googlequicksearchbox:search,10026,27564,75471,[STARTED],false,true,0,0,82727402,
1431960790249,com.android.systemui.keyguard.KeyguardService,com.android.systemui,10014,930,44352,[PERSISTENT],false,false,2,2,68066,
1431960790249,openiab.StoreService,cm.aptoide.pt,10148,0,54787,[],false,true,0,0,54797,
1431960790249,ch.unige.css.services.main.CssRegistryService,ch.unige.ping:background,10149,28678,82795138,[STARTED],false,true,0,0,82795298,
1431960790249,com.google.android.finsky.billing.iab.InAppBillingService,com.android.vending,10024,1862,84088044,[],false,true,1,1,84088209,
1431960790249,org.cyanogenmod.audiofx.HeadsetService,org.cyanogenmod.audiofx,10000,1289,67364,"[PERSISTENT,STARTED]",false,true,0,0,67374,
1431960850239,com.android.bluetooth.hid.HidService,com.android.bluetooth,1002,0,49150,[],false,true,0,0,49160,
1431960850239,com.google.android.gms.people.service.PeopleRequestProcessor,com.google.android.gms,10020,1729,84594433,[STARTED],false,true,0,0,84595756,
1431960850239,com.cleanmaster.service.PermanentService,com.cleanmaster.mguard:service,10138,17133,94138,[STARTED],false,true,1,1,84587902,
1431960850239,com.google.android.music.dial.DialMediaRouteProviderService,com.google.android.music:main,10073,0,57202,[],false,true,0,0,57212,
1431960850239,ch.unige.css.services.PingService,ch.unige.ping,10149,1632,84596195,[STARTED],false,true,0,0,84596206,
1431960850239,com.google.android.search.core.service.BroadcastListenerService,com.google.android.googlequicksearchbox:search,10026,27564,75471,[STARTED],false,true,0,0,82727402,
1431960850239,com.android.systemui.keyguard.KeyguardService,com.android.systemui,10014,930,44352,[PERSISTENT],false,false,2,2,68066,
1431960850239,openiab.StoreService,cm.aptoide.pt,10148,0,54787,[],false,true,0,0,54797,
1431960850239,ch.unige.css.services.main.CssRegistryService,ch.unige.ping:background,10149,28678,82795138,[STARTED],false,true,0,0,82795298,
1431960850239,com.google.android.finsky.billing.iab.InAppBillingService,com.android.vending,10024,1862,84088044,[],false,true,1,1,84590928,
1431960910521,com.android.bluetooth.hid.HidService,com.android.bluetooth,1002,0,49150,[],false,true,0,0,49160,
1431960910521,com.cleanmaster.service.PermanentService,com.cleanmaster.mguard:service,10138,17133,94138,[STARTED],false,true,1,1,84607915,
1431960910521,com.google.android.music.dial.DialMediaRouteProviderService,com.google.android.music:main,10073,0,57202,[],false,true,0,0,57212,
1431960910521,ch.unige.css.services.PingService,ch.unige.ping,10149,1632,84656305,[STARTED],false,true,0,0,84656317,
1431960910521,com.google.android.search.core.service.BroadcastListenerService,com.google.android.googlequicksearchbox:search,10026,27564,75471,[STARTED],false,true,0,0,82727402,
1431960910521,com.android.systemui.keyguard.KeyguardService,com.android.systemui,10014,930,44352,[PERSISTENT],false,false,2,2,68066,
1431960910521,openiab.StoreService,cm.aptoide.pt,10148,0,54787,[],false,true,0,0,54797,
1431960910521,ch.unige.css.services.main.CssRegistryService,ch.unige.ping:background,10149,7730,84656282,[STARTED],false,true,0,0,84656293,
1431960910521,com.google.android.finsky.billing.iab.InAppBillingService,com.android.vending,10024,1862,84088044,[],false,true,1,1,84590928,
1431960910521,org.cyanogenmod.audiofx.HeadsetService,org.cyanogenmod.audiofx,10000,1289,67364,"[PERSISTENT,STARTED]",false,true,0,0,67374,
1431960970467,com.android.bluetooth.hid.HidService,com.android.bluetooth,1002,0,49150,[],false,true,0,0,49160,
1431960970467,com.cleanmaster.service.PermanentService,com.cleanmaster.mguard:service,10138,17133,94138,[STARTED],false,true,1,1,84607915,
1431960970467,com.google.android.music.dial.DialMediaRouteProviderService,com.google.android.music:main,10073,0,57202,[],false,true,0,0,57212,
1431960970467,ch.unige.css.services.PingService,ch.unige.ping,10149,1632,84716385,[STARTED],false,true,0,0,84716396,
1431960970467,com.google.android.search.core.service.BroadcastListenerService,com.google.android.googlequicksearchbox:search,10026,27564,75471,[STARTED],false,true,0,0,82727402,
1431960970467,com.android.systemui.keyguard.KeyguardService,com.android.systemui,10014,930,44352,[PERSISTENT],false,false,2,2,68066,
1431960970467,openiab.StoreService,cm.aptoide.pt,10148,0,54787,[],false,true,0,0,54797,
1431960970467,ch.unige.css.services.main.CssRegistryService,ch.unige.ping:background,10149,7730,84656282,[STARTED],false,true,0,0,84656293,
1431960970467,com.google.android.finsky.billing.iab.InAppBillingService,com.android.vending,10024,1862,84088044,[],false,true,1,1,84590928,
1431960970467,org.cyanogenmod.audiofx.HeadsetService,org.cyanogenmod.audiofx,10000,1289,67364,"[PERSISTENT,STARTED]",false,true,0,0,67374,
1431961030689,com.android.bluetooth.hid.HidService,com.android.bluetooth,1002,0,49150,[],false,true,0,0,49160,
1431961030689,com.cleanmaster.service.PermanentService,com.cleanmaster.mguard:service,10138,17133,94138,[STARTED],false,true,1,1,84607915,
1431961030689,com.google.android.music.dial.DialMediaRouteProviderService,com.google.android.music:main,10073,0,57202,[],false,true,0,0,57212,
1431961030689,ch.unige.css.services.PingService,ch.unige.ping,10149,1632,84776492,[STARTED],false,true,0,0,84776503,
1431961030689,com.google.android.search.core.service.BroadcastListenerService,com.google.android.googlequicksearchbox:search,10026,27564,75471,[STARTED],false,true,0,0,82727402,
1431961030689,com.android.systemui.keyguard.KeyguardService,com.android.systemui,10014,930,44352,[PERSISTENT],false,false,2,2,68066,
1431961030689,openiab.StoreService,cm.aptoide.pt,10148,0,54787,[],false,true,0,0,54797,
1431961030689,ch.unige.css.services.main.CssRegistryService,ch.unige.ping:background,10149,7730,84656282,[STARTED],false,true,0,0,84656293,
1431961030689,com.google.android.finsky.billing.iab.InAppBillingService,com.android.vending,10024,1862,84088044,[],false,true,1,1,84590928,
1431961030689,org.cyanogenmod.audiofx.HeadsetService,org.cyanogenmod.audiofx,10000,1289,67364,"[PERSISTENT,STARTED]",false,true,0,0,67374,
1431961090693,com.android.bluetooth.hid.HidService,com.android.bluetooth,1002,0,49150,[],false,true,0,0,49160,
1431961090693,com.cleanmaster.service.PermanentService,com.cleanmaster.mguard:service,10138,17133,94138,[STARTED],false,true,1,1,84607915,
1431961090693,com.google.android.music.dial.DialMediaRouteProviderService,com.google.android.music:main,10073,0,57202,[],false,true,0,0,57212,
1431961090693,ch.unige.css.services.PingService,ch.unige.ping,10149,1632,84836600,[STARTED],false,true,0,0,84836611,
1431961090693,com.google.android.search.core.service.BroadcastListenerService,com.google.android.googlequicksearchbox:search,10026,27564,75471,[STARTED],false,true,0,0,82727402,
1431961090693,com.android.systemui.keyguard.KeyguardService,com.android.systemui,10014,930,44352,[PERSISTENT],false,false,2,2,68066,
1431961090693,openiab.StoreService,cm.aptoide.pt,10148,0,54787,[],false,true,0,0,54797,
1431961090693,ch.unige.css.services.main.CssRegistryService,ch.unige.ping:background,10149,7730,84656282,[STARTED],false,true,0,0,84656293,
1431961090693,com.google.android.finsky.billing.iab.InAppBillingService,com.android.vending,10024,1862,84088044,[],false,true,1,1,84590928,
1431961090693,org.cyanogenmod.audiofx.HeadsetService,org.cyanogenmod.audiofx,10000,1289,67364,"[PERSISTENT,STARTED]",false,true,0,0,67374,
1431961150743,com.android.bluetooth.hid.HidService,com.android.bluetooth,1002,0,49150,[],false,true,0,0,49160,
1431961150743,com.cleanmaster.service.PermanentService,com.cleanmaster.mguard:service,10138,17133,94138,[STARTED],false,true,1,1,84607915,
1431961150743,com.google.android.music.dial.DialMediaRouteProviderService,com.google.android.music:main,10073,0,57202,[],false,true,0,0,57212,
1431961150743,ch.unige.css.services.PingService,ch.unige.ping,10149,1632,84896663,[STARTED],false,true,0,0,84896674,
1431961150743,com.google.android.search.core.service.BroadcastListenerService,com.google.android.googlequicksearchbox:search,10026,27564,75471,[STARTED],false,true,0,0,82727402,
1431961150743,com.android.systemui.keyguard.KeyguardService,com.android.systemui,10014,930,44352,[PERSISTENT],false,false,2,2,68066,
1431961150743,openiab.StoreService,cm.aptoide.pt,10148,0,54787,[],false,true,0,0,54797,
1431961150743,ch.unige.css.services.main.CssRegistryService,ch.unige.ping:background,10149,7730,84656282,[STARTED],false,true,0,0,84656293,
1431961150743,com.google.android.finsky.billing.iab.InAppBillingService,com.android.vending,10024,1862,84088044,[],false,true,1,1,84590928,
1431961150743,org.cyanogenmod.audiofx.HeadsetService,org.cyanogenmod.audiofx,10000,1289,67364,"[PERSISTENT,STARTED]",false,true,0,0,67374,
1431961210751,com.android.bluetooth.hid.HidService,com.android.bluetooth,1002,0,49150,[],false,true,0,0,49160,
1431961210751,com.cleanmaster.service.PermanentService,com.cleanmaster.mguard:service,10138,17133,94138,[STARTED],false,true,1,1,84607915,
1431961210751,com.google.android.music.dial.DialMediaRouteProviderService,com.google.android.music:main,10073,0,57202,[],false,true,0,0,57212,
1431961210751,ch.unige.css.services.PingService,ch.unige.ping,10149,1632,84956694,[STARTED],false,true,0,0,84956705,
1431961210751,com.google.android.search.core.service.BroadcastListenerService,com.google.android.googlequicksearchbox:search,10026,27564,75471,[STARTED],false,true,0,0,82727402,
1431961210751,com.android.systemui.keyguard.KeyguardService,com.android.systemui,10014,930,44352,[PERSISTENT],false,false,2,2,68066,
1431961210751,openiab.StoreService,cm.aptoide.pt,10148,0,54787,[],false,true,0,0,54797,
1431961210751,ch.unige.css.services.main.CssRegistryService,ch.unige.ping:background,10149,7730,84656282,[STARTED],false,true,0,0,84656293,
1431961210751,com.google.android.finsky.billing.iab.InAppBillingService,com.android.vending,10024,1862,84088044,[],false,true,1,1,84590928,
1431961210751,org.cyanogenmod.audiofx.HeadsetService,org.cyanogenmod.audiofx,10000,1289,67364,"[PERSISTENT,STARTED]",false,true,0,0,67374,
1431961270851,com.android.bluetooth.hid.HidService,com.android.bluetooth,1002,0,49150,[],false,true,0,0,49160,
1431961270851,com.cleanmaster.service.PermanentService,com.cleanmaster.mguard:service,10138,17133,94138,[STARTED],false,true,1,1,84607915,
1431961270851,com.google.android.music.dial.DialMediaRouteProviderService,com.google.android.music:main,10073,0,57202,[],false,true,0,0,57212,
1431961270851,ch.unige.css.services.PingService,ch.unige.ping,10149,1632,85016778,[STARTED],false,true,0,0,85016792,
1431961270851,com.google.android.search.core.service.BroadcastListenerService,com.google.android.googlequicksearchbox:search,10026,27564,75471,[STARTED],false,true,0,0,82727402,
1431961270851,com.android.systemui.keyguard.KeyguardService,com.android.systemui,10014,930,44352,[PERSISTENT],false,false,2,2,68066,
1431961270851,openiab.StoreService,cm.aptoide.pt,10148,0,54787,[],false,true,0,0,54797,
1431961270851,ch.unige.css.services.main.CssRegistryService,ch.unige.ping:background,10149,7730,84656282,[STARTED],false,true,0,0,84656293,
1431961270851,com.google.android.finsky.billing.iab.InAppBillingService,com.android.vending,10024,1862,84088044,[],false,true,1,1,84590928,
1431961270851,org.cyanogenmod.audiofx.HeadsetService,org.cyanogenmod.audiofx,10000,1289,67364,"[PERSISTENT,STARTED]",false,true,0,0,67374,
1431961330890,com.android.bluetooth.hid.HidService,com.android.bluetooth,1002,0,49150,[],false,true,0,0,49160,
1431961330890,com.cleanmaster.service.PermanentService,com.cleanmaster.mguard:service,10138,17133,94138,[STARTED],false,true,1,1,84607915,
1431961330890,com.google.android.music.dial.DialMediaRouteProviderService,com.google.android.music:main,10073,0,57202,[],false,true,0,0,57212,
1431961330890,ch.unige.css.services.PingService,ch.unige.ping,10149,1632,85076834,[STARTED],false,true,0,0,85076845,
1431961330890,com.google.android.search.core.service.BroadcastListenerService,com.google.android.googlequicksearchbox:search,10026,27564,75471,[STARTED],false,true,0,0,82727402,
1431961330890,com.android.systemui.keyguard.KeyguardService,com.android.systemui,10014,930,44352,[PERSISTENT],false,false,2,2,68066,
1431961330890,openiab.StoreService,cm.aptoide.pt,10148,0,54787,[],false,true,0,0,54797,
1431961330890,ch.unige.css.services.main.CssRegistryService,ch.unige.ping:background,10149,7730,84656282,[STARTED],false,true,0,0,84656293,
1431961330890,com.google.android.finsky.billing.iab.InAppBillingService,com.android.vending,10024,1862,84088044,[],false,true,1,1,84590928,
1431961330890,org.cyanogenmod.audiofx.HeadsetService,org.cyanogenmod.audiofx,10000,1289,67364,"[PERSISTENT,STARTED]",false,true,0,0,67374,
1431961390962,com.android.bluetooth.hid.HidService,com.android.bluetooth,1002,0,49150,[],false,true,0,0,49160,
1431961390962,com.cleanmaster.service.PermanentService,com.cleanmaster.mguard:service,10138,17133,94138,[STARTED],false,true,1,1,85115013,
1431961390962,com.google.android.music.dial.DialMediaRouteProviderService,com.google.android.music:main,10073,0,57202,[],false,true,0,0,57212,
1431961390962,ch.unige.css.services.PingService,ch.unige.ping,10149,1632,85136904,[STARTED],false,true,0,0,85136915,
1431961390962,com.google.android.search.core.service.BroadcastListenerService,com.google.android.googlequicksearchbox:search,10026,9047,75471,[STARTED],false,true,0,0,85120070,
1431961390962,com.google.android.gms.car.InCallServiceImpl,com.google.android.gms:car,10020,8951,85117936,[],false,true,2,2,85118304,
1431961390962,com.android.systemui.keyguard.KeyguardService,com.android.systemui,10014,930,44352,[PERSISTENT],false,false,2,2,68066,
1431961390962,openiab.StoreService,cm.aptoide.pt,10148,0,54787,[],false,true,0,0,54797,
1431961390962,ch.unige.css.services.main.CssRegistryService,ch.unige.ping:background,10149,7730,84656282,[STARTED],false,true,0,0,84656293,
1431961390962,com.google.android.finsky.billing.iab.InAppBillingService,com.android.vending,10024,1862,84088044,[],false,true,1,1,84590928,
1431961451454,com.android.bluetooth.hid.HidService,com.android.bluetooth,1002,0,49150,[],false,true,0,0,49160,
1431961451454,com.google.android.gms.people.service.PeopleRequestProcessor,com.google.android.gms,10020,1729,85190582,[STARTED],false,true,0,0,85190593,
1431961451454,com.cleanmaster.service.PermanentService,com.cleanmaster.mguard:service,10138,17133,94138,[STARTED],false,true,1,1,85115013,
1431961451454,com.google.android.music.dial.DialMediaRouteProviderService,com.google.android.music:main,10073,0,57202,[],false,true,0,0,57212,
1431961451454,ch.unige.css.services.PingService,ch.unige.ping,10149,1632,85196931,[STARTED],false,true,0,0,85196942,
1431961451454,com.google.android.search.core.service.BroadcastListenerService,com.google.android.googlequicksearchbox:search,10026,9047,75471,[STARTED],false,true,0,0,85120070,
1431961451454,com.google.android.gms.auth.GoogleAccountAuthenticatorService,com.google.process.gapps,10020,1581,85189413,[],false,true,4,4,85190606,
1431961451454,com.android.systemui.keyguard.KeyguardService,com.android.systemui,10014,930,44352,[PERSISTENT],false,false,2,2,68066,
1431961451454,openiab.StoreService,cm.aptoide.pt,10148,0,54787,[],false,true,0,0,54797,
1431961451454,ch.unige.css.services.main.CssRegistryService,ch.unige.ping:background,10149,9975,85196929,[STARTED],false,true,0,0,85196940,
1431961511538,com.android.bluetooth.hid.HidService,com.android.bluetooth,1002,0,49150,[],false,true,0,0,49160,
1431961511538,com.cleanmaster.service.PermanentService,com.cleanmaster.mguard:service,10138,17133,94138,[STARTED],false,true,1,1,85228754,
1431961511538,com.android.providers.downloads.DownloadService,android.process.media,10008,9580,85230808,[STARTED],false,true,0,0,85231123,
1431961511538,com.google.android.music.dial.DialMediaRouteProviderService,com.google.android.music:main,10073,0,57202,[],false,true,0,0,57212,
1431961511538,ch.unige.css.services.PingService,ch.unige.ping,10149,1632,85257003,[STARTED],false,true,0,0,85257015,
1431961511538,com.google.android.search.core.service.BroadcastListenerService,com.google.android.googlequicksearchbox:search,10026,9047,75471,[STARTED],false,true,0,0,85120070,
1431961511538,com.android.systemui.keyguard.KeyguardService,com.android.systemui,10014,930,44352,[PERSISTENT],false,false,2,2,68066,
1431961511538,openiab.StoreService,cm.aptoide.pt,10148,0,54787,[],false,true,0,0,54797,
1431961511538,ch.unige.css.services.main.CssRegistryService,ch.unige.ping:background,10149,9975,85196929,[STARTED],false,true,0,0,85196940,
1431961511538,com.google.android.finsky.billing.iab.InAppBillingService,com.android.vending,10024,9946,85229866,[],false,true,1,1,85229877,
1431961574749,com.android.bluetooth.hid.HidService,com.android.bluetooth,1002,0,49150,[],false,true,0,0,49160,
1431961574749,com.cleanmaster.service.PermanentService,com.cleanmaster.mguard:service,10138,17133,94138,[STARTED],false,true,1,1,85228754,
1431961574749,com.google.android.music.dial.DialMediaRouteProviderService,com.google.android.music:main,10073,0,57202,[],false,true,0,0,57212,
1431961574749,ch.unige.css.services.PingService,ch.unige.ping,10149,1632,85320223,[STARTED],false,true,0,0,85320234,
1431961574749,com.google.android.search.core.service.BroadcastListenerService,com.google.android.googlequicksearchbox:search,10026,9047,75471,[STARTED],false,true,0,0,85120070,
1431961574749,com.android.systemui.keyguard.KeyguardService,com.android.systemui,10014,930,44352,[PERSISTENT],false,false,2,2,68066,
1431961574749,openiab.StoreService,cm.aptoide.pt,10148,0,54787,[],false,true,0,0,54797,
1431961574749,ch.unige.css.services.main.CssRegistryService,ch.unige.ping:background,10149,9975,85196929,[STARTED],false,true,0,0,85196940,
1431961574749,com.google.android.finsky.billing.iab.InAppBillingService,com.android.vending,10024,9946,85229866,[],false,true,1,1,85229877,
1431961574749,org.cyanogenmod.audiofx.HeadsetService,org.cyanogenmod.audiofx,10000,1289,67364,"[PERSISTENT,STARTED]",false,true,0,0,67374,
1431961634835,com.android.bluetooth.hid.HidService,com.android.bluetooth,1002,0,49150,[],false,true,0,0,49160,
1431961634835,com.cleanmaster.service.PermanentService,com.cleanmaster.mguard:service,10138,17133,94138,[STARTED],false,true,1,1,85320506,
1431961634835,com.google.android.music.dial.DialMediaRouteProviderService,com.google.android.music:main,10073,0,57202,[],false,true,0,0,57212,
1431961634835,ch.unige.css.services.PingService,ch.unige.ping,10149,1632,85380293,[STARTED],false,true,0,0,85380304,
1431961634835,com.google.android.search.core.service.BroadcastListenerService,com.google.android.googlequicksearchbox:search,10026,9047,75471,[STARTED],false,true,0,0,85120070,
1431961634835,com.android.systemui.keyguard.KeyguardService,com.android.systemui,10014,930,44352,[PERSISTENT],false,false,2,2,68066,
1431961634835,openiab.StoreService,cm.aptoide.pt,10148,0,54787,[],false,true,0,0,54797,
1431961634835,ch.unige.css.services.main.CssRegistryService,ch.unige.ping:background,10149,9975,85196929,[STARTED],false,true,0,0,85196940,
1431961634835,org.cyanogenmod.audiofx.HeadsetService,org.cyanogenmod.audiofx,10000,1289,67364,"[PERSISTENT,STARTED]",false,true,0,0,67374,
1431961634835,com.whatsapp.messaging.MessageService,com.whatsapp,10110,3753,67811,[STARTED],false,true,1,1,85317472,
1431961695046,com.android.bluetooth.hid.HidService,com.android.bluetooth,1002,0,49150,[],false,true,0,0,49160,
1431961695046,com.cleanmaster.service.PermanentService,com.cleanmaster.mguard:service,10138,17133,94138,[STARTED],false,true,1,1,85320506,
1431961695046,com.google.android.music.dial.DialMediaRouteProviderService,com.google.android.music:main,10073,0,57202,[],false,true,0,0,57212,
1431961695046,ch.unige.css.services.PingService,ch.unige.ping,10149,1632,85440521,[STARTED],false,true,0,0,85440532,
1431961695046,com.google.android.search.core.service.BroadcastListenerService,com.google.android.googlequicksearchbox:search,10026,9047,75471,[STARTED],false,true,0,0,85120070,
1431961695046,com.android.systemui.keyguard.KeyguardService,com.android.systemui,10014,930,44352,[PERSISTENT],false,false,2,2,68066,
1431961695046,openiab.StoreService,cm.aptoide.pt,10148,0,54787,[],false,true,0,0,54797,
1431961695046,ch.unige.css.services.main.CssRegistryService,ch.unige.ping:background,10149,9975,85196929,[STARTED],false,true,0,0,85196940,
1431961695046,org.cyanogenmod.audiofx.HeadsetService,org.cyanogenmod.audiofx,10000,1289,67364,"[PERSISTENT,STARTED]",false,true,0,0,67374,
1431961695046,com.whatsapp.messaging.MessageService,com.whatsapp,10110,3753,67811,[STARTED],false,true,1,1,85317472,
1431961757346,com.android.bluetooth.hid.HidService,com.android.bluetooth,1002,0,49150,[],false,true,0,0,49160,
1431961757346,com.cleanmaster.service.PermanentService,com.cleanmaster.mguard:service,10138,17133,94138,[STARTED],false,true,1,1,85320506,
1431961757346,com.google.android.music.dial.DialMediaRouteProviderService,com.google.android.music:main,10073,0,57202,[],false,true,0,0,57212,
1431961757346,ch.unige.css.services.PingService,ch.unige.ping,10149,1632,85502797,[STARTED],false,true,0,0,85502808,
1431961757346,com.google.android.search.core.service.BroadcastListenerService,com.google.android.googlequicksearchbox:search,10026,9047,75471,[STARTED],false,true,0,0,85120070,
1431961757346,com.android.systemui.keyguard.KeyguardService,com.android.systemui,10014,930,44352,[PERSISTENT],false,false,2,2,68066,
1431961757346,openiab.StoreService,cm.aptoide.pt,10148,0,54787,[],false,true,0,0,54797,
1431961757346,ch.unige.css.services.main.CssRegistryService,ch.unige.ping:background,10149,9975,85196929,[STARTED],false,true,0,0,85196940,
1431961757346,org.cyanogenmod.audiofx.HeadsetService,org.cyanogenmod.audiofx,10000,1289,67364,"[PERSISTENT,STARTED]",false,true,0,0,67374,
1431961757346,com.whatsapp.messaging.MessageService,com.whatsapp,10110,3753,67811,[STARTED],false,true,1,1,85317472,
1431961816917,com.android.bluetooth.hid.HidService,com.android.bluetooth,1002,0,49150,[],false,true,0,0,49160,
1431961816917,com.cleanmaster.service.PermanentService,com.cleanmaster.mguard:service,10138,17133,94138,[STARTED],false,true,1,1,85320506,
1431961816917,com.google.android.music.dial.DialMediaRouteProviderService,com.google.android.music:main,10073,0,57202,[],false,true,0,0,57212,
1431961816917,ch.unige.css.services.PingService,ch.unige.ping,10149,1632,85562872,[STARTED],false,true,0,0,85562883,
1431961816917,com.google.android.search.core.service.BroadcastListenerService,com.google.android.googlequicksearchbox:search,10026,9047,75471,[STARTED],false,true,0,0,85120070,
1431961816917,com.android.systemui.keyguard.KeyguardService,com.android.systemui,10014,930,44352,[PERSISTENT],false,false,2,2,68066,
1431961816917,openiab.StoreService,cm.aptoide.pt,10148,0,54787,[],false,true,0,0,54797,
1431961816917,ch.unige.css.services.main.CssRegistryService,ch.unige.ping:background,10149,9975,85196929,[STARTED],false,true,0,0,85196940,
1431961816917,org.cyanogenmod.audiofx.HeadsetService,org.cyanogenmod.audiofx,10000,1289,67364,"[PERSISTENT,STARTED]",false,true,0,0,67374,
1431961816917,com.whatsapp.messaging.MessageService,com.whatsapp,10110,3753,67811,[STARTED],false,true,1,1,85317472,
1431961883030,com.android.bluetooth.hid.HidService,com.android.bluetooth,1002,0,49150,[],false,true,0,0,49160,
1431961883030,com.cleanmaster.service.PermanentService,com.cleanmaster.mguard:service,10138,17133,94138,[STARTED],false,true,1,1,85320506,
1431961883030,com.google.android.music.dial.DialMediaRouteProviderService,com.google.android.music:main,10073,0,57202,[],false,true,0,0,57212,
1431961883030,ch.unige.css.services.PingService,ch.unige.ping,10149,1632,85629105,[STARTED],false,true,0,0,85629116,
1431961883030,com.google.android.search.core.service.BroadcastListenerService,com.google.android.googlequicksearchbox:search,10026,9047,75471,[STARTED],false,true,0,0,85120070,
1431961883030,com.android.systemui.keyguard.KeyguardService,com.android.systemui,10014,930,44352,[PERSISTENT],false,false,2,2,68066,
1431961883030,openiab.StoreService,cm.aptoide.pt,10148,0,54787,[],false,true,0,0,54797,
1431961883030,ch.unige.css.services.main.CssRegistryService,ch.unige.ping:background,10149,9975,85196929,[STARTED],false,true,0,0,85196940,
1431961883030,org.cyanogenmod.audiofx.HeadsetService,org.cyanogenmod.audiofx,10000,1289,67364,"[PERSISTENT,STARTED]",false,true,0,0,67374,
1431961883030,com.whatsapp.messaging.MessageService,com.whatsapp,10110,3753,67811,[STARTED],false,true,1,1,85317472,
1431961943177,com.android.bluetooth.hid.HidService,com.android.bluetooth,1002,0,49150,[],false,true,0,0,49160,
1431961943177,com.cleanmaster.service.PermanentService,com.cleanmaster.mguard:service,10138,17133,94138,[STARTED],false,true,1,1,85320506,
1431961943177,com.google.android.music.dial.DialMediaRouteProviderService,com.google.android.music:main,10073,0,57202,[],false,true,0,0,57212,
1431961943177,ch.unige.css.services.PingService,ch.unige.ping,10149,1632,85689198,[STARTED],false,true,0,0,85689209,
1431961943177,com.google.android.search.core.service.BroadcastListenerService,com.google.android.googlequicksearchbox:search,10026,9047,75471,[STARTED],false,true,0,0,85120070,
1431961943177,com.android.systemui.keyguard.KeyguardService,com.android.systemui,10014,930,44352,[PERSISTENT],false,false,2,2,68066,
1431961943177,openiab.StoreService,cm.aptoide.pt,10148,0,54787,[],false,true,0,0,54797,
1431961943177,ch.unige.css.services.main.CssRegistryService,ch.unige.ping:background,10149,9975,85196929,[STARTED],false,true,0,0,85196940,
1431961943177,org.cyanogenmod.audiofx.HeadsetService,org.cyanogenmod.audiofx,10000,1289,67364,"[PERSISTENT,STARTED]",false,true,0,0,67374,
1431961943177,com.whatsapp.messaging.MessageService,com.whatsapp,10110,3753,67811,[STARTED],false,true,1,1,85317472,
1431962007111,com.android.bluetooth.hid.HidService,com.android.bluetooth,1002,0,49150,[],false,true,0,0,49160,
1431962007111,com.cleanmaster.service.PermanentService,com.cleanmaster.mguard:service,10138,17133,94138,[STARTED],false,true,1,1,85320506,
1431962007111,com.google.android.music.dial.DialMediaRouteProviderService,com.google.android.music:main,10073,0,57202,[],false,true,0,0,57212,
1431962007111,ch.unige.css.services.PingService,ch.unige.ping,10149,1632,85753129,[STARTED],false,true,0,0,85753140,
1431962007111,com.google.android.search.core.service.BroadcastListenerService,com.google.android.googlequicksearchbox:search,10026,9047,75471,[STARTED],false,true,0,0,85120070,
1431962007111,com.android.systemui.keyguard.KeyguardService,com.android.systemui,10014,930,44352,[PERSISTENT],false,false,2,2,68066,
1431962007111,openiab.StoreService,cm.aptoide.pt,10148,0,54787,[],false,true,0,0,54797,
1431962007111,ch.unige.css.services.main.CssRegistryService,ch.unige.ping:background,10149,9975,85196929,[STARTED],false,true,0,0,85196940,
1431962007111,org.cyanogenmod.audiofx.HeadsetService,org.cyanogenmod.audiofx,10000,1289,67364,"[PERSISTENT,STARTED]",false,true,0,0,67374,
1431962007111,com.whatsapp.messaging.MessageService,com.whatsapp,10110,3753,67811,[STARTED],false,true,1,1,85317472,
1431962067633,com.android.bluetooth.hid.HidService,com.android.bluetooth,1002,0,49150,[],false,true,0,0,49160,
1431962067633,com.cleanmaster.service.PermanentService,com.cleanmaster.mguard:service,10138,17133,94138,[STARTED],false,true,1,1,85320506,
1431962067633,com.google.android.music.dial.DialMediaRouteProviderService,com.google.android.music:main,10073,0,57202,[],false,true,0,0,57212,
1431962067633,ch.unige.css.services.PingService,ch.unige.ping,10149,1632,85813355,[STARTED],false,true,0,0,85813366,
1431962067633,com.google.android.search.core.service.BroadcastListenerService,com.google.android.googlequicksearchbox:search,10026,9047,75471,[STARTED],false,true,0,0,85120070,
1431962067633,com.android.systemui.keyguard.KeyguardService,com.android.systemui,10014,930,44352,[PERSISTENT],false,false,2,2,68066,
1431962067633,openiab.StoreService,cm.aptoide.pt,10148,0,54787,[],false,true,0,0,54797,
1431962067633,ch.unige.css.services.main.CssRegistryService,ch.unige.ping:background,10149,9975,85196929,[STARTED],false,true,0,0,85196940,
1431962067633,org.cyanogenmod.audiofx.HeadsetService,org.cyanogenmod.audiofx,10000,1289,67364,"[PERSISTENT,STARTED]",false,true,0,0,67374,
1431962067633,com.whatsapp.messaging.MessageService,com.whatsapp,10110,3753,67811,[STARTED],false,true,1,1,85317472,
1431962127695,com.android.bluetooth.hid.HidService,com.android.bluetooth,1002,0,49150,[],false,true,0,0,49160,
1431962127695,com.cleanmaster.service.PermanentService,com.cleanmaster.mguard:service,10138,17133,94138,[STARTED],false,true,1,1,85320506,
1431962127695,com.google.android.music.dial.DialMediaRouteProviderService,com.google.android.music:main,10073,0,57202,[],false,true,0,0,57212,
1431962127695,ch.unige.css.services.PingService,ch.unige.ping,10149,1632,85873406,[STARTED],false,true,0,0,85873418,
1431962127695,com.google.android.search.core.service.BroadcastListenerService,com.google.android.googlequicksearchbox:search,10026,9047,75471,[STARTED],false,true,0,0,85120070,
1431962127695,com.android.systemui.keyguard.KeyguardService,com.android.systemui,10014,930,44352,[PERSISTENT],false,false,2,2,68066,
1431962127695,openiab.StoreService,cm.aptoide.pt,10148,0,54787,[],false,true,0,0,54797,
1431962127695,ch.unige.css.services.main.CssRegistryService,ch.unige.ping:background,10149,9975,85196929,[STARTED],false,true,0,0,85196940,
1431962127695,org.cyanogenmod.audiofx.HeadsetService,org.cyanogenmod.audiofx,10000,1289,67364,"[PERSISTENT,STARTED]",false,true,0,0,67374,
1431962127695,com.whatsapp.messaging.MessageService,com.whatsapp,10110,3753,67811,[STARTED],false,true,1,1,85317472,
1431962188048,com.android.bluetooth.hid.HidService,com.android.bluetooth,1002,0,49150,[],false,true,0,0,49160,
1431962188048,com.cleanmaster.service.PermanentService,com.cleanmaster.mguard:service,10138,17133,94138,[STARTED],false,true,1,1,85320506,
1431962188048,com.google.android.music.dial.DialMediaRouteProviderService,com.google.android.music:main,10073,0,57202,[],false,true,0,0,57212,
1431962188048,ch.unige.css.services.PingService,ch.unige.ping,10149,1632,85933714,[STARTED],false,true,0,0,85933725,
1431962188048,com.google.android.search.core.service.BroadcastListenerService,com.google.android.googlequicksearchbox:search,10026,9047,75471,[STARTED],false,true,0,0,85120070,
1431962188048,com.android.systemui.keyguard.KeyguardService,com.android.systemui,10014,930,44352,[PERSISTENT],false,false,2,2,68066,
1431962188048,openiab.StoreService,cm.aptoide.pt,10148,0,54787,[],false,true,0,0,54797,
1431962188048,ch.unige.css.services.main.CssRegistryService,ch.unige.ping:background,10149,9975,85196929,[STARTED],false,true,0,0,85196940,
1431962188048,org.cyanogenmod.audiofx.HeadsetService,org.cyanogenmod.audiofx,10000,1289,67364,"[PERSISTENT,STARTED]",false,true,0,0,67374,
1431962188048,com.whatsapp.messaging.MessageService,com.whatsapp,10110,3753,67811,[STARTED],false,true,1,1,85317472,
1431962247667,com.android.bluetooth.hid.HidService,com.android.bluetooth,1002,0,49150,[],false,true,0,0,49160,
1431962247667,com.cleanmaster.service.PermanentService,com.cleanmaster.mguard:service,10138,17133,94138,[STARTED],false,true,1,1,85956150,
1431962247667,com.google.android.music.dial.DialMediaRouteProviderService,com.google.android.music:main,10073,0,57202,[],false,true,0,0,57212,
1431962247667,ch.unige.css.services.PingService,ch.unige.ping,10149,1632,85993744,[STARTED],false,true,0,0,85993755,
1431962247667,com.google.android.search.core.service.BroadcastListenerService,com.google.android.googlequicksearchbox:search,10026,9047,75471,[STARTED],false,true,0,0,85120070,
1431962247667,com.google.android.gms.clearcut.service.ClearcutLoggerIntentService,com.google.process.gapps,10020,1581,85993658,[STARTED],false,true,0,0,85993758,
1431962247667,com.google.android.gms.car.InCallServiceImpl,com.google.android.gms:car,10020,14086,85973694,[],false,true,2,2,85974072,
1431962247667,com.android.systemui.keyguard.KeyguardService,com.android.systemui,10014,930,44352,[PERSISTENT],false,false,2,2,68066,
1431962247667,openiab.StoreService,cm.aptoide.pt,10148,0,54787,[],false,true,0,0,54797,
1431962247667,ch.unige.css.services.main.CssRegistryService,ch.unige.ping:background,10149,9975,85196929,[STARTED],false,true,0,0,85196940,
1431962308678,com.android.bluetooth.hid.HidService,com.android.bluetooth,1002,0,49150,[],false,true,0,0,49160,
1431962308678,com.cleanmaster.service.PermanentService,com.cleanmaster.mguard:service,10138,17133,94138,[STARTED],false,true,1,1,86023591,
1431962308678,com.google.android.music.dial.DialMediaRouteProviderService,com.google.android.music:main,10073,0,57202,[],false,true,0,0,57212,
1431962308678,ch.unige.css.services.PingService,ch.unige.ping,10149,1632,86054709,[STARTED],false,true,0,0,86054720,
1431962308678,com.google.android.search.core.service.BroadcastListenerService,com.google.android.googlequicksearchbox:search,10026,9047,75471,[STARTED],false,true,0,0,85120070,
1431962308678,com.android.systemui.keyguard.KeyguardService,com.android.systemui,10014,930,44352,[PERSISTENT],false,false,2,2,68066,
1431962308678,openiab.StoreService,cm.aptoide.pt,10148,0,54787,[],false,true,0,0,54797,
1431962308678,ch.unige.css.services.main.CssRegistryService,ch.unige.ping:background,10149,9975,85196929,[STARTED],false,true,0,0,85196940,
1431962308678,org.cyanogenmod.audiofx.HeadsetService,org.cyanogenmod.audiofx,10000,1289,67364,"[PERSISTENT,STARTED]",false,true,0,0,67374,
1431962308678,com.whatsapp.messaging.MessageService,com.whatsapp,10110,3753,67811,[STARTED],false,true,1,1,85317472,
1431962369315,com.android.bluetooth.hid.HidService,com.android.bluetooth,1002,0,49150,[],false,true,0,0,49160,
1431962369315,com.cleanmaster.service.PermanentService,com.cleanmaster.mguard:service,10138,17133,94138,[STARTED],false,true,1,1,86062516,
1431962369315,com.google.android.music.dial.DialMediaRouteProviderService,com.google.android.music:main,10073,0,57202,[],false,true,0,0,57212,
1431962369315,ch.unige.css.services.PingService,ch.unige.ping,10149,1632,86114730,[STARTED],false,true,0,0,86114741,
1431962369315,com.google.android.search.core.service.BroadcastListenerService,com.google.android.googlequicksearchbox:search,10026,9047,75471,[STARTED],false,true,0,0,85120070,
1431962369315,com.android.systemui.keyguard.KeyguardService,com.android.systemui,10014,930,44352,[PERSISTENT],false,false,2,2,68066,
1431962369315,openiab.StoreService,cm.aptoide.pt,10148,0,54787,[],false,true,0,0,54797,
1431962369315,ch.unige.css.services.main.CssRegistryService,ch.unige.ping:background,10149,9975,85196929,[STARTED],false,true,0,0,85196940,
1431962369315,org.cyanogenmod.audiofx.HeadsetService,org.cyanogenmod.audiofx,10000,1289,67364,"[PERSISTENT,STARTED]",false,true,0,0,67374,
1431962369315,com.whatsapp.messaging.MessageService,com.whatsapp,10110,3753,67811,[STARTED],false,true,1,1,85317472,
1431962431696,com.android.bluetooth.hid.HidService,com.android.bluetooth,1002,0,49150,[],false,true,0,0,49160,
1431962431696,com.cleanmaster.service.PermanentService,com.cleanmaster.mguard:service,10138,17133,94138,[STARTED],false,true,1,1,86062516,
1431962431696,com.google.android.music.dial.DialMediaRouteProviderService,com.google.android.music:main,10073,0,57202,[],false,true,0,0,57212,
1431962431696,ch.unige.css.services.PingService,ch.unige.ping,10149,1632,86177141,[STARTED],false,true,0,0,86177152,
1431962431696,com.google.android.search.core.service.BroadcastListenerService,com.google.android.googlequicksearchbox:search,10026,9047,75471,[STARTED],false,true,0,0,85120070,
1431962431696,com.android.systemui.keyguard.KeyguardService,com.android.systemui,10014,930,44352,[PERSISTENT],false,false,2,2,68066,
1431962431696,openiab.StoreService,cm.aptoide.pt,10148,0,54787,[],false,true,0,0,54797,
1431962431696,ch.unige.css.services.main.CssRegistryService,ch.unige.ping:background,10149,9975,85196929,[STARTED],false,true,0,0,85196940,
1431962431696,org.cyanogenmod.audiofx.HeadsetService,org.cyanogenmod.audiofx,10000,1289,67364,"[PERSISTENT,STARTED]",false,true,0,0,67374,
1431962431696,com.whatsapp.messaging.MessageService,com.whatsapp,10110,3753,67811,[STARTED],false,true,1,1,86166057,
1431962491927,com.android.bluetooth.hid.HidService,com.android.bluetooth,1002,0,49150,[],false,true,0,0,49160,
1431962491927,com.cleanmaster.service.PermanentService,com.cleanmaster.mguard:service,10138,17133,94138,[STARTED],false,true,1,1,86237356,
1431962491927,com.google.android.music.dial.DialMediaRouteProviderService,com.google.android.music:main,10073,0,57202,[],false,true,0,0,57212,
1431962491927,ch.unige.css.services.PingService,ch.unige.ping,10149,1632,86237391,[STARTED],false,true,0,0,86237402,
1431962491927,com.google.android.search.core.service.BroadcastListenerService,com.google.android.googlequicksearchbox:search,10026,9047,75471,[STARTED],false,true,0,0,85120070,
1431962491927,com.android.systemui.keyguard.KeyguardService,com.android.systemui,10014,930,44352,[PERSISTENT],false,false,2,2,68066,
1431962491927,openiab.StoreService,cm.aptoide.pt,10148,0,54787,[],false,true,0,0,54797,
1431962491927,ch.unige.css.services.main.CssRegistryService,ch.unige.ping:background,10149,9975,85196929,[STARTED],false,true,0,0,85196940,
1431962491927,org.cyanogenmod.audiofx.HeadsetService,org.cyanogenmod.audiofx,10000,1289,67364,"[PERSISTENT,STARTED]",false,true,0,0,67374,
1431962491927,com.whatsapp.messaging.MessageService,com.whatsapp,10110,3753,67811,[STARTED],false,true,1,1,86185692,
1431962552109,com.android.bluetooth.hid.HidService,com.android.bluetooth,1002,0,49150,[],false,true,0,0,49160,
1431962552109,com.cleanmaster.service.PermanentService,com.cleanmaster.mguard:service,10138,17133,94138,[STARTED],false,true,1,1,86237356,
1431962552109,com.google.android.music.dial.DialMediaRouteProviderService,com.google.android.music:main,10073,0,57202,[],false,true,0,0,57212,
1431962552109,ch.unige.css.services.PingService,ch.unige.ping,10149,1632,86297424,[STARTED],false,true,0,0,86297435,
1431962552109,com.google.android.search.core.service.BroadcastListenerService,com.google.android.googlequicksearchbox:search,10026,9047,75471,[STARTED],false,true,0,0,85120070,
1431962552109,com.android.systemui.keyguard.KeyguardService,com.android.systemui,10014,930,44352,[PERSISTENT],false,false,2,2,68066,
1431962552109,openiab.StoreService,cm.aptoide.pt,10148,0,54787,[],false,true,0,0,54797,
1431962552109,ch.unige.css.services.main.CssRegistryService,ch.unige.ping:background,10149,9975,85196929,[STARTED],false,true,0,0,85196940,
1431962552109,org.cyanogenmod.audiofx.HeadsetService,org.cyanogenmod.audiofx,10000,1289,67364,"[PERSISTENT,STARTED]",false,true,0,0,67374,
1431962552109,com.whatsapp.messaging.MessageService,com.whatsapp,10110,3753,67811,[STARTED],false,true,1,1,86185692,
1431962612526,com.android.bluetooth.hid.HidService,com.android.bluetooth,1002,0,49150,[],false,true,0,0,49160,
1431962612526,com.cleanmaster.service.PermanentService,com.cleanmaster.mguard:service,10138,17133,94138,[STARTED],false,true,1,1,86237356,
1431962612526,com.google.android.music.dial.DialMediaRouteProviderService,com.google.android.music:main,10073,0,57202,[],false,true,0,0,57212,
1431962612526,ch.unige.css.services.PingService,ch.unige.ping,10149,1632,86357851,[STARTED],false,true,0,0,86357862,
1431962612526,com.google.android.search.core.service.BroadcastListenerService,com.google.android.googlequicksearchbox:search,10026,9047,75471,[STARTED],false,true,0,0,85120070,
1431962612526,com.android.systemui.keyguard.KeyguardService,com.android.systemui,10014,930,44352,[PERSISTENT],false,false,2,2,68066,
1431962612526,openiab.StoreService,cm.aptoide.pt,10148,0,54787,[],false,true,0,0,54797,
1431962612526,ch.unige.css.services.main.CssRegistryService,ch.unige.ping:background,10149,9975,85196929,[STARTED],false,true,0,0,85196940,
1431962612526,org.cyanogenmod.audiofx.HeadsetService,org.cyanogenmod.audiofx,10000,1289,67364,"[PERSISTENT,STARTED]",false,true,0,0,67374,
1431962612526,com.whatsapp.messaging.MessageService,com.whatsapp,10110,3753,67811,[STARTED],false,true,1,1,86185692,
1431962673177,com.android.bluetooth.hid.HidService,com.android.bluetooth,1002,0,49150,[],false,true,0,0,49160,
1431962673177,com.cleanmaster.service.PermanentService,com.cleanmaster.mguard:service,10138,17133,94138,[STARTED],false,true,1,1,86237356,
1431962673177,com.google.android.music.dial.DialMediaRouteProviderService,com.google.android.music:main,10073,0,57202,[],false,true,0,0,57212,
1431962673177,ch.unige.css.services.PingService,ch.unige.ping,10149,1632,86418512,[STARTED],false,true,0,0,86418523,
1431962673177,com.google.android.search.core.service.BroadcastListenerService,com.google.android.googlequicksearchbox:search,10026,9047,75471,[STARTED],false,true,0,0,85120070,
1431962673177,com.wunderkinder.wunderlistandroid.integrations.gnow.GNowControllerService,com.wunderkinder.wunderlistandroid,10158,16530,86418199,[STARTED],false,true,0,0,86418486,
1431962673177,com.android.systemui.keyguard.KeyguardService,com.android.systemui,10014,930,44352,[PERSISTENT],false,false,2,2,68066,
1431962673177,openiab.StoreService,cm.aptoide.pt,10148,0,54787,[],false,true,0,0,54797,
1431962673177,ch.unige.css.services.main.CssRegistryService,ch.unige.ping:background,10149,9975,85196929,[STARTED],false,true,0,0,85196940,
1431962673177,org.cyanogenmod.audiofx.HeadsetService,org.cyanogenmod.audiofx,10000,1289,67364,"[PERSISTENT,STARTED]",false,true,0,0,67374,
1431962733182,com.android.bluetooth.hid.HidService,com.android.bluetooth,1002,0,49150,[],false,true,0,0,49160,
1431962733182,com.cleanmaster.service.PermanentService,com.cleanmaster.mguard:service,10138,17133,94138,[STARTED],false,true,1,1,86237356,
1431962733182,com.google.android.music.dial.DialMediaRouteProviderService,com.google.android.music:main,10073,0,57202,[],false,true,0,0,57212,
1431962733182,ch.unige.css.services.PingService,ch.unige.ping,10149,1632,86478526,[STARTED],false,true,0,0,86478537,
1431962733182,com.google.android.search.core.service.BroadcastListenerService,com.google.android.googlequicksearchbox:search,10026,9047,75471,[STARTED],false,true,0,0,85120070,
1431962733182,com.android.systemui.keyguard.KeyguardService,com.android.systemui,10014,930,44352,[PERSISTENT],false,false,2,2,68066,
1431962733182,openiab.StoreService,cm.aptoide.pt,10148,0,54787,[],false,true,0,0,54797,
1431962733182,ch.unige.css.services.main.CssRegistryService,ch.unige.ping:background,10149,9975,85196929,[STARTED],false,true,0,0,85196940,
1431962733182,com.google.android.finsky.billing.iab.InAppBillingService,com.android.vending,10024,15120,86477854,[],false,true,1,1,86477865,
1431962733182,org.cyanogenmod.audiofx.HeadsetService,org.cyanogenmod.audiofx,10000,1289,67364,"[PERSISTENT,STARTED]",false,true,0,0,67374,
1431962797791,com.android.bluetooth.hid.HidService,com.android.bluetooth,1002,0,49150,[],false,true,0,0,49160,
1431962797791,com.cleanmaster.service.PermanentService,com.cleanmaster.mguard:service,10138,17133,94138,[STARTED],false,true,1,1,86237356,
1431962797791,com.google.android.music.dial.DialMediaRouteProviderService,com.google.android.music:main,10073,0,57202,[],false,true,0,0,57212,
1431962797791,ch.unige.css.services.PingService,ch.unige.ping,10149,1632,86543100,[STARTED],false,true,0,0,86543111,
1431962797791,com.google.android.search.core.service.BroadcastListenerService,com.google.android.googlequicksearchbox:search,10026,9047,75471,[STARTED],false,true,0,0,85120070,
1431962797791,com.android.systemui.keyguard.KeyguardService,com.android.systemui,10014,930,44352,[PERSISTENT],false,false,2,2,68066,
1431962797791,openiab.StoreService,cm.aptoide.pt,10148,0,54787,[],false,true,0,0,54797,
1431962797791,ch.unige.css.services.main.CssRegistryService,ch.unige.ping:background,10149,9975,85196929,[STARTED],false,true,0,0,85196940,
1431962797791,com.google.android.finsky.billing.iab.InAppBillingService,com.android.vending,10024,15120,86477854,[],false,true,1,1,86482573,
1431962797791,org.cyanogenmod.audiofx.HeadsetService,org.cyanogenmod.audiofx,10000,1289,67364,"[PERSISTENT,STARTED]",false,true,0,0,67374,
1431962858143,com.android.bluetooth.hid.HidService,com.android.bluetooth,1002,0,49150,[],false,true,0,0,49160,
1431962858143,com.cleanmaster.service.PermanentService,com.cleanmaster.mguard:service,10138,17133,94138,[STARTED],false,true,1,1,86237356,
1431962858143,com.google.android.music.dial.DialMediaRouteProviderService,com.google.android.music:main,10073,0,57202,[],false,true,0,0,57212,
1431962858143,ch.unige.css.services.PingService,ch.unige.ping,10149,1632,86603435,[STARTED],false,true,0,0,86603446,
1431962858143,com.google.android.search.core.service.BroadcastListenerService,com.google.android.googlequicksearchbox:search,10026,9047,75471,[STARTED],false,true,0,0,85120070,
1431962858143,com.android.systemui.keyguard.KeyguardService,com.android.systemui,10014,930,44352,[PERSISTENT],false,false,2,2,68066,
1431962858143,openiab.StoreService,cm.aptoide.pt,10148,0,54787,[],false,true,0,0,54797,
1431962858143,ch.unige.css.services.main.CssRegistryService,ch.unige.ping:background,10149,9975,85196929,[STARTED],false,true,0,0,85196940,
1431962858143,com.google.android.finsky.billing.iab.InAppBillingService,com.android.vending,10024,15120,86477854,[],false,true,1,1,86482573,
1431962858143,org.cyanogenmod.audiofx.HeadsetService,org.cyanogenmod.audiofx,10000,1289,67364,"[PERSISTENT,STARTED]",false,true,0,0,67374,
1431962918131,com.android.bluetooth.hid.HidService,com.android.bluetooth,1002,0,49150,[],false,true,0,0,49160,
1431962918131,com.cleanmaster.service.PermanentService,com.cleanmaster.mguard:service,10138,17133,94138,[STARTED],false,true,1,1,86237356,
1431962918131,com.google.android.music.dial.DialMediaRouteProviderService,com.google.android.music:main,10073,0,57202,[],false,true,0,0,57212,
1431962918131,ch.unige.css.services.PingService,ch.unige.ping,10149,1632,86663705,[STARTED],false,true,0,0,86663716,
1431962918131,com.google.android.search.core.service.BroadcastListenerService,com.google.android.googlequicksearchbox:search,10026,9047,75471,[STARTED],false,true,0,0,85120070,
1431962918131,com.google.android.gms.car.InCallServiceImpl,com.google.android.gms:car,10020,17720,86632923,[],false,true,2,2,86633298,
1431962918131,com.android.systemui.keyguard.KeyguardService,com.android.systemui,10014,930,44352,[PERSISTENT],false,false,2,2,68066,
1431962918131,openiab.StoreService,cm.aptoide.pt,10148,0,54787,[],false,true,0,0,54797,
1431962918131,ch.unige.css.services.main.CssRegistryService,ch.unige.ping:background,10149,9975,85196929,[STARTED],false,true,0,0,85196940,
1431962918131,org.cyanogenmod.audiofx.HeadsetService,org.cyanogenmod.audiofx,10000,1289,67364,"[PERSISTENT,STARTED]",false,true,0,0,67374,
1431962978565,com.android.bluetooth.hid.HidService,com.android.bluetooth,1002,0,49150,[],false,true,0,0,49160,
1431962978565,com.cleanmaster.service.PermanentService,com.cleanmaster.mguard:service,10138,17133,94138,[STARTED],false,true,1,1,86674074,
1431962978565,com.google.android.music.dial.DialMediaRouteProviderService,com.google.android.music:main,10073,0,57202,[],false,true,0,0,57212,
1431962978565,ch.unige.css.services.PingService,ch.unige.ping,10149,1632,86724195,[STARTED],false,true,0,0,86724207,
1431962978565,com.google.android.search.core.service.BroadcastListenerService,com.google.android.googlequicksearchbox:search,10026,9047,75471,[STARTED],false,true,0,0,85120070,
1431962978565,com.google.android.gms.car.InCallServiceImpl,com.google.android.gms:car,10020,17720,86632923,[],false,true,1,1,86633298,
1431962978565,com.android.systemui.keyguard.KeyguardService,com.android.systemui,10014,930,44352,[PERSISTENT],false,false,2,2,68066,
1431962978565,openiab.StoreService,cm.aptoide.pt,10148,0,54787,[],false,true,0,0,54797,
1431962978565,ch.unige.css.services.main.CssRegistryService,ch.unige.ping:background,10149,9975,85196929,[STARTED],false,true,0,0,85196940,
1431962978565,org.cyanogenmod.audiofx.HeadsetService,org.cyanogenmod.audiofx,10000,1289,67364,"[PERSISTENT,STARTED]",false,true,0,0,67374,
1431963038649,com.android.bluetooth.hid.HidService,com.android.bluetooth,1002,0,49150,[],false,true,0,0,49160,
1431963038649,com.cleanmaster.service.PermanentService,com.cleanmaster.mguard:service,10138,17133,94138,[STARTED],false,true,1,1,86674074,
1431963038649,com.google.android.music.dial.DialMediaRouteProviderService,com.google.android.music:main,10073,0,57202,[],false,true,0,0,57212,
1431963038649,ch.unige.css.services.PingService,ch.unige.ping,10149,1632,86784281,[STARTED],false,true,0,0,86784292,
1431963038649,com.google.android.search.core.service.BroadcastListenerService,com.google.android.googlequicksearchbox:search,10026,9047,75471,[STARTED],false,true,0,0,85120070,
1431963038649,com.google.android.gms.car.InCallServiceImpl,com.google.android.gms:car,10020,17720,86632923,[],false,true,1,1,86633298,
1431963038649,com.android.systemui.keyguard.KeyguardService,com.android.systemui,10014,930,44352,[PERSISTENT],false,false,2,2,68066,
1431963038649,openiab.StoreService,cm.aptoide.pt,10148,0,54787,[],false,true,0,0,54797,
1431963038649,ch.unige.css.services.main.CssRegistryService,ch.unige.ping:background,10149,9975,85196929,[STARTED],false,true,0,0,85196940,
1431963038649,org.cyanogenmod.audiofx.HeadsetService,org.cyanogenmod.audiofx,10000,1289,67364,"[PERSISTENT,STARTED]",false,true,0,0,67374,
1431963098713,com.android.bluetooth.hid.HidService,com.android.bluetooth,1002,0,49150,[],false,true,0,0,49160,
1431963098713,com.cleanmaster.service.PermanentService,com.cleanmaster.mguard:service,10138,17133,94138,[STARTED],false,true,1,1,86674074,
1431963098713,com.google.android.music.dial.DialMediaRouteProviderService,com.google.android.music:main,10073,0,57202,[],false,true,0,0,57212,
1431963098713,ch.unige.css.services.PingService,ch.unige.ping,10149,1632,86844348,[STARTED],false,true,0,0,86844359,
1431963098713,com.google.android.search.core.service.BroadcastListenerService,com.google.android.googlequicksearchbox:search,10026,9047,75471,[STARTED],false,true,0,0,85120070,
1431963098713,com.google.android.gms.car.InCallServiceImpl,com.google.android.gms:car,10020,17720,86632923,[],false,true,1,1,86633298,
1431963098713,com.android.systemui.keyguard.KeyguardService,com.android.systemui,10014,930,44352,[PERSISTENT],false,false,2,2,68066,
1431963098713,openiab.StoreService,cm.aptoide.pt,10148,0,54787,[],false,true,0,0,54797,
1431963098713,ch.unige.css.services.main.CssRegistryService,ch.unige.ping:background,10149,9975,85196929,[STARTED],false,true,0,0,85196940,
1431963098713,org.cyanogenmod.audiofx.HeadsetService,org.cyanogenmod.audiofx,10000,1289,67364,"[PERSISTENT,STARTED]",false,true,0,0,67374,
1431963161663,com.android.bluetooth.hid.HidService,com.android.bluetooth,1002,0,49150,[],false,true,0,0,49160,
1431963161663,com.cleanmaster.service.PermanentService,com.cleanmaster.mguard:service,10138,17133,94138,[STARTED],false,true,1,1,86674074,
1431963161663,com.google.android.music.dial.DialMediaRouteProviderService,com.google.android.music:main,10073,0,57202,[],false,true,0,0,57212,
1431963161663,ch.unige.css.services.PingService,ch.unige.ping,10149,1632,86907295,[STARTED],false,true,0,0,86907307,
1431963161663,com.google.android.search.core.service.BroadcastListenerService,com.google.android.googlequicksearchbox:search,10026,9047,75471,[STARTED],false,true,0,0,85120070,
1431963161663,com.google.android.gms.car.InCallServiceImpl,com.google.android.gms:car,10020,17720,86632923,[],false,true,1,1,86633298,
1431963161663,com.android.systemui.keyguard.KeyguardService,com.android.systemui,10014,930,44352,[PERSISTENT],false,false,2,2,68066,
1431963161663,openiab.StoreService,cm.aptoide.pt,10148,0,54787,[],false,true,0,0,54797,
1431963161663,ch.unige.css.services.main.CssRegistryService,ch.unige.ping:background,10149,9975,85196929,[STARTED],false,true,0,0,85196940,
1431963161663,org.cyanogenmod.audiofx.HeadsetService,org.cyanogenmod.audiofx,10000,1289,67364,"[PERSISTENT,STARTED]",false,true,0,0,67374,
1431963221684,com.android.bluetooth.hid.HidService,com.android.bluetooth,1002,0,49150,[],false,true,0,0,49160,
1431963221684,com.cleanmaster.service.PermanentService,com.cleanmaster.mguard:service,10138,17133,94138,[STARTED],false,true,1,1,86674074,
1431963221684,com.google.android.music.dial.DialMediaRouteProviderService,com.google.android.music:main,10073,0,57202,[],false,true,0,0,57212,
1431963221684,ch.unige.css.services.PingService,ch.unige.ping,10149,1632,86967324,[STARTED],false,true,0,0,86967335,
1431963221684,com.google.android.search.core.service.BroadcastListenerService,com.google.android.googlequicksearchbox:search,10026,9047,75471,[STARTED],false,true,0,0,85120070,
1431963221684,com.google.android.gms.car.InCallServiceImpl,com.google.android.gms:car,10020,17720,86632923,[],false,true,1,1,86633298,
1431963221684,com.android.systemui.keyguard.KeyguardService,com.android.systemui,10014,930,44352,[PERSISTENT],false,false,2,2,68066,
1431963221684,openiab.StoreService,cm.aptoide.pt,10148,0,54787,[],false,true,0,0,54797,
1431963221684,ch.unige.css.services.main.CssRegistryService,ch.unige.ping:background,10149,9975,85196929,[STARTED],false,true,0,0,85196940,
1431963221684,org.cyanogenmod.audiofx.HeadsetService,org.cyanogenmod.audiofx,10000,1289,67364,"[PERSISTENT,STARTED]",false,true,0,0,67374,
1431963281713,com.android.bluetooth.hid.HidService,com.android.bluetooth,1002,0,49150,[],false,true,0,0,49160,
1431963281713,com.cleanmaster.service.PermanentService,com.cleanmaster.mguard:service,10138,17133,94138,[STARTED],false,true,1,1,86674074,
1431963281713,com.google.android.music.dial.DialMediaRouteProviderService,com.google.android.music:main,10073,0,57202,[],false,true,0,0,57212,
1431963281713,ch.unige.css.services.PingService,ch.unige.ping,10149,1632,87027349,[STARTED],false,true,0,0,87027361,
1431963281713,com.google.android.search.core.service.BroadcastListenerService,com.google.android.googlequicksearchbox:search,10026,9047,75471,[STARTED],false,true,0,0,85120070,
1431963281713,com.google.android.gms.car.InCallServiceImpl,com.google.android.gms:car,10020,17720,86632923,[],false,true,1,1,86633298,
1431963281713,com.android.systemui.keyguard.KeyguardService,com.android.systemui,10014,930,44352,[PERSISTENT],false,false,2,2,68066,
1431963281713,openiab.StoreService,cm.aptoide.pt,10148,0,54787,[],false,true,0,0,54797,
1431963281713,ch.unige.css.services.main.CssRegistryService,ch.unige.ping:background,10149,9975,85196929,[STARTED],false,true,0,0,85196940,
1431963281713,org.cyanogenmod.audiofx.HeadsetService,org.cyanogenmod.audiofx,10000,1289,67364,"[PERSISTENT,STARTED]",false,true,0,0,67374,
1431963344070,com.android.bluetooth.hid.HidService,com.android.bluetooth,1002,0,49150,[],false,true,0,0,49160,
1431963344070,com.cleanmaster.service.PermanentService,com.cleanmaster.mguard:service,10138,17133,94138,[STARTED],false,true,1,1,86674074,
1431963344070,com.google.android.music.dial.DialMediaRouteProviderService,com.google.android.music:main,10073,0,57202,[],false,true,0,0,57212,
1431963344070,ch.unige.css.services.PingService,ch.unige.ping,10149,1632,87089699,[STARTED],false,true,0,0,87089710,
1431963344070,com.google.android.search.core.service.BroadcastListenerService,com.google.android.googlequicksearchbox:search,10026,9047,75471,[STARTED],false,true,0,0,85120070,
1431963344070,com.google.android.gms.car.InCallServiceImpl,com.google.android.gms:car,10020,17720,86632923,[],false,true,1,1,86633298,
1431963344070,com.android.systemui.keyguard.KeyguardService,com.android.systemui,10014,930,44352,[PERSISTENT],false,false,2,2,68066,
1431963344070,openiab.StoreService,cm.aptoide.pt,10148,0,54787,[],false,true,0,0,54797,
1431963344070,ch.unige.css.services.main.CssRegistryService,ch.unige.ping:background,10149,9975,85196929,[STARTED],false,true,0,0,85196940,
1431963344070,org.cyanogenmod.audiofx.HeadsetService,org.cyanogenmod.audiofx,10000,1289,67364,"[PERSISTENT,STARTED]",false,true,0,0,67374,
1431963404339,com.android.bluetooth.hid.HidService,com.android.bluetooth,1002,0,49150,[],false,true,0,0,49160,
1431963404339,com.cleanmaster.service.PermanentService,com.cleanmaster.mguard:service,10138,17133,94138,[STARTED],false,true,1,1,87108331,
1431963404339,com.google.android.music.dial.DialMediaRouteProviderService,com.google.android.music:main,10073,0,57202,[],false,true,0,0,57212,
1431963404339,ch.unige.css.services.PingService,ch.unige.ping,10149,1632,87149984,[STARTED],false,true,0,0,87149996,
1431963404339,com.google.android.search.core.service.BroadcastListenerService,com.google.android.googlequicksearchbox:search,10026,9047,75471,[STARTED],false,true,0,0,85120070,
1431963404339,com.android.systemui.keyguard.KeyguardService,com.android.systemui,10014,930,44352,[PERSISTENT],false,false,2,2,68066,
1431963404339,openiab.StoreService,cm.aptoide.pt,10148,0,54787,[],false,true,0,0,54797,
1431963404339,ch.unige.css.services.main.CssRegistryService,ch.unige.ping:background,10149,9975,85196929,[STARTED],false,true,0,0,85196940,
1431963404339,com.google.android.finsky.billing.iab.InAppBillingService,com.android.vending,10024,19124,87110131,[],false,true,1,1,87110142,
1431963404339,org.cyanogenmod.audiofx.HeadsetService,org.cyanogenmod.audiofx,10000,1289,67364,"[PERSISTENT,STARTED]",false,true,0,0,67374,
1431963464421,com.android.bluetooth.hid.HidService,com.android.bluetooth,1002,0,49150,[],false,true,0,0,49160,
1431963464421,com.cleanmaster.service.PermanentService,com.cleanmaster.mguard:service,10138,17133,94138,[STARTED],false,true,1,1,87108331,
1431963464421,com.google.android.music.dial.DialMediaRouteProviderService,com.google.android.music:main,10073,0,57202,[],false,true,0,0,57212,
1431963464421,ch.unige.css.services.PingService,ch.unige.ping,10149,1632,87210057,[STARTED],false,true,0,0,87210068,
1431963464421,com.google.android.search.core.service.BroadcastListenerService,com.google.android.googlequicksearchbox:search,10026,9047,75471,[STARTED],false,true,0,0,85120070,
1431963464421,com.android.systemui.keyguard.KeyguardService,com.android.systemui,10014,930,44352,[PERSISTENT],false,false,2,2,68066,
1431963464421,openiab.StoreService,cm.aptoide.pt,10148,0,54787,[],false,true,0,0,54797,
1431963464421,ch.unige.css.services.main.CssRegistryService,ch.unige.ping:background,10149,9975,85196929,[STARTED],false,true,0,0,85196940,
1431963464421,com.google.android.finsky.billing.iab.InAppBillingService,com.android.vending,10024,19124,87110131,[],false,true,1,1,87110142,
1431963464421,org.cyanogenmod.audiofx.HeadsetService,org.cyanogenmod.audiofx,10000,1289,67364,"[PERSISTENT,STARTED]",false,true,0,0,67374,
1431963524512,com.android.bluetooth.hid.HidService,com.android.bluetooth,1002,0,49150,[],false,true,0,0,49160,
1431963524512,com.cleanmaster.service.PermanentService,com.cleanmaster.mguard:service,10138,17133,94138,[STARTED],false,true,1,1,87108331,
1431963524512,com.google.android.music.dial.DialMediaRouteProviderService,com.google.android.music:main,10073,0,57202,[],false,true,0,0,57212,
1431963524512,ch.unige.css.services.PingService,ch.unige.ping,10149,1632,87270134,[STARTED],false,true,0,0,87270145,
1431963524512,com.google.android.search.core.service.BroadcastListenerService,com.google.android.googlequicksearchbox:search,10026,9047,75471,[STARTED],false,true,0,0,85120070,
1431963524512,com.android.systemui.keyguard.KeyguardService,com.android.systemui,10014,930,44352,[PERSISTENT],false,false,2,2,68066,
1431963524512,openiab.StoreService,cm.aptoide.pt,10148,0,54787,[],false,true,0,0,54797,
1431963524512,ch.unige.css.services.main.CssRegistryService,ch.unige.ping:background,10149,9975,85196929,[STARTED],false,true,0,0,85196940,
1431963524512,com.google.android.finsky.billing.iab.InAppBillingService,com.android.vending,10024,19124,87110131,[],false,true,1,1,87110142,
1431963524512,org.cyanogenmod.audiofx.HeadsetService,org.cyanogenmod.audiofx,10000,1289,67364,"[PERSISTENT,STARTED]",false,true,0,0,67374,
1431963584569,com.android.bluetooth.hid.HidService,com.android.bluetooth,1002,0,49150,[],false,true,0,0,49160,
1431963584569,com.cleanmaster.service.PermanentService,com.cleanmaster.mguard:service,10138,17133,94138,[STARTED],false,true,1,1,87108331,
1431963584569,com.google.android.music.dial.DialMediaRouteProviderService,com.google.android.music:main,10073,0,57202,[],false,true,0,0,57212,
1431963584569,ch.unige.css.services.PingService,ch.unige.ping,10149,1632,87330190,[STARTED],false,true,0,0,87330201,
1431963584569,com.google.android.search.core.service.BroadcastListenerService,com.google.android.googlequicksearchbox:search,10026,9047,75471,[STARTED],false,true,0,0,85120070,
1431963584569,com.android.systemui.keyguard.KeyguardService,com.android.systemui,10014,930,44352,[PERSISTENT],false,false,2,2,68066,
1431963584569,openiab.StoreService,cm.aptoide.pt,10148,0,54787,[],false,true,0,0,54797,
1431963584569,ch.unige.css.services.main.CssRegistryService,ch.unige.ping:background,10149,9975,85196929,[STARTED],false,true,0,0,85196940,
1431963584569,com.google.android.finsky.billing.iab.InAppBillingService,com.android.vending,10024,19124,87110131,[],false,true,1,1,87110142,
1431963584569,org.cyanogenmod.audiofx.HeadsetService,org.cyanogenmod.audiofx,10000,1289,67364,"[PERSISTENT,STARTED]",false,true,0,0,67374,
1431963644609,com.android.bluetooth.hid.HidService,com.android.bluetooth,1002,0,49150,[],false,true,0,0,49160,
1431963644609,com.cleanmaster.service.PermanentService,com.cleanmaster.mguard:service,10138,17133,94138,[STARTED],false,true,1,1,87108331,
1431963644609,com.google.android.music.dial.DialMediaRouteProviderService,com.google.android.music:main,10073,0,57202,[],false,true,0,0,57212,
1431963644609,ch.unige.css.services.PingService,ch.unige.ping,10149,1632,87390243,[STARTED],false,true,0,0,87390254,
1431963644609,com.google.android.search.core.service.BroadcastListenerService,com.google.android.googlequicksearchbox:search,10026,9047,75471,[STARTED],false,true,0,0,85120070,
1431963644609,com.android.systemui.keyguard.KeyguardService,com.android.systemui,10014,930,44352,[PERSISTENT],false,false,2,2,68066,
1431963644609,openiab.StoreService,cm.aptoide.pt,10148,0,54787,[],false,true,0,0,54797,
1431963644609,ch.unige.css.services.main.CssRegistryService,ch.unige.ping:background,10149,9975,85196929,[STARTED],false,true,0,0,85196940,
1431963644609,com.google.android.finsky.billing.iab.InAppBillingService,com.android.vending,10024,19124,87110131,[],false,true,1,1,87110142,
1431963644609,org.cyanogenmod.audiofx.HeadsetService,org.cyanogenmod.audiofx,10000,1289,67364,"[PERSISTENT,STARTED]",false,true,0,0,67374,
1431963710367,com.android.bluetooth.hid.HidService,com.android.bluetooth,1002,0,49150,[],false,true,0,0,49160,
1431963710367,com.cleanmaster.service.PermanentService,com.cleanmaster.mguard:service,10138,17133,94138,[STARTED],false,true,1,1,87108331,
1431963710367,com.google.android.music.dial.DialMediaRouteProviderService,com.google.android.music:main,10073,0,57202,[],false,true,0,0,57212,
1431963710367,ch.unige.css.services.PingService,ch.unige.ping,10149,1632,87456002,[STARTED],false,true,0,0,87456013,
1431963710367,com.google.android.search.core.service.BroadcastListenerService,com.google.android.googlequicksearchbox:search,10026,9047,75471,[STARTED],false,true,0,0,85120070,
1431963710367,com.android.systemui.keyguard.KeyguardService,com.android.systemui,10014,930,44352,[PERSISTENT],false,false,2,2,68066,
1431963710367,openiab.StoreService,cm.aptoide.pt,10148,0,54787,[],false,true,0,0,54797,
1431963710367,ch.unige.css.services.main.CssRegistryService,ch.unige.ping:background,10149,9975,85196929,[STARTED],false,true,0,0,85196940,
1431963710367,com.google.android.finsky.billing.iab.InAppBillingService,com.android.vending,10024,19124,87110131,[],false,true,1,1,87110142,
1431963710367,org.cyanogenmod.audiofx.HeadsetService,org.cyanogenmod.audiofx,10000,1289,67364,"[PERSISTENT,STARTED]",false,true,0,0,67374,
1431963770408,com.android.bluetooth.hid.HidService,com.android.bluetooth,1002,0,49150,[],false,true,0,0,49160,
1431963770408,com.cleanmaster.service.PermanentService,com.cleanmaster.mguard:service,10138,17133,94138,[STARTED],false,true,1,1,87108331,
1431963770408,com.google.android.music.dial.DialMediaRouteProviderService,com.google.android.music:main,10073,0,57202,[],false,true,0,0,57212,
1431963770408,ch.unige.css.services.PingService,ch.unige.ping,10149,1632,87516043,[STARTED],false,true,0,0,87516054,
1431963770408,com.google.android.search.core.service.BroadcastListenerService,com.google.android.googlequicksearchbox:search,10026,9047,75471,[STARTED],false,true,0,0,85120070,
1431963770408,com.android.systemui.keyguard.KeyguardService,com.android.systemui,10014,930,44352,[PERSISTENT],false,false,2,2,68066,
1431963770408,openiab.StoreService,cm.aptoide.pt,10148,0,54787,[],false,true,0,0,54797,
1431963770408,ch.unige.css.services.main.CssRegistryService,ch.unige.ping:background,10149,9975,85196929,[STARTED],false,true,0,0,85196940,
1431963770408,com.google.android.finsky.billing.iab.InAppBillingService,com.android.vending,10024,19124,87110131,[],false,true,1,1,87110142,
1431963770408,org.cyanogenmod.audiofx.HeadsetService,org.cyanogenmod.audiofx,10000,1289,67364,"[PERSISTENT,STARTED]",false,true,0,0,67374,
1431963830458,com.android.bluetooth.hid.HidService,com.android.bluetooth,1002,0,49150,[],false,true,0,0,49160,
1431963830458,com.cleanmaster.service.PermanentService,com.cleanmaster.mguard:service,10138,17133,94138,[STARTED],false,true,1,1,87108331,
1431963830458,com.google.android.music.dial.DialMediaRouteProviderService,com.google.android.music:main,10073,0,57202,[],false,true,0,0,57212,
1431963830458,ch.unige.css.services.PingService,ch.unige.ping,10149,1632,87576093,[STARTED],false,true,0,0,87576104,
1431963830458,com.google.android.search.core.service.BroadcastListenerService,com.google.android.googlequicksearchbox:search,10026,9047,75471,[STARTED],false,true,0,0,85120070,
1431963830458,com.android.systemui.keyguard.KeyguardService,com.android.systemui,10014,930,44352,[PERSISTENT],false,false,2,2,68066,
1431963830458,openiab.StoreService,cm.aptoide.pt,10148,0,54787,[],false,true,0,0,54797,
1431963830458,ch.unige.css.services.main.CssRegistryService,ch.unige.ping:background,10149,9975,85196929,[STARTED],false,true,0,0,85196940,
1431963830458,com.google.android.finsky.billing.iab.InAppBillingService,com.android.vending,10024,19124,87110131,[],false,true,1,1,87110142,
1431963830458,org.cyanogenmod.audiofx.HeadsetService,org.cyanogenmod.audiofx,10000,1289,67364,"[PERSISTENT,STARTED]",false,true,0,0,67374,
1431963893022,com.android.bluetooth.hid.HidService,com.android.bluetooth,1002,0,49150,[],false,true,0,0,49160,
1431963893022,com.cleanmaster.service.PermanentService,com.cleanmaster.mguard:service,10138,17133,94138,[STARTED],false,true,1,1,87108331,
1431963893022,com.google.android.music.dial.DialMediaRouteProviderService,com.google.android.music:main,10073,0,57202,[],false,true,0,0,57212,
1431963893022,ch.unige.css.services.PingService,ch.unige.ping,10149,1632,87638659,[STARTED],false,true,0,0,87638670,
1431963893022,com.google.android.search.core.service.BroadcastListenerService,com.google.android.googlequicksearchbox:search,10026,9047,75471,[STARTED],false,true,0,0,85120070,
1431963893022,com.android.systemui.keyguard.KeyguardService,com.android.systemui,10014,930,44352,[PERSISTENT],false,false,2,2,68066,
1431963893022,openiab.StoreService,cm.aptoide.pt,10148,0,54787,[],false,true,0,0,54797,
1431963893022,ch.unige.css.services.main.CssRegistryService,ch.unige.ping:background,10149,9975,85196929,[STARTED],false,true,0,0,85196940,
1431963893022,com.google.android.finsky.billing.iab.InAppBillingService,com.android.vending,10024,19124,87110131,[],false,true,1,1,87110142,
1431963893022,org.cyanogenmod.audiofx.HeadsetService,org.cyanogenmod.audiofx,10000,1289,67364,"[PERSISTENT,STARTED]",false,true,0,0,67374,
1431963953077,com.android.bluetooth.hid.HidService,com.android.bluetooth,1002,0,49150,[],false,true,0,0,49160,
1431963953077,com.cleanmaster.service.PermanentService,com.cleanmaster.mguard:service,10138,17133,94138,[STARTED],false,true,1,1,87108331,
1431963953077,com.google.android.music.dial.DialMediaRouteProviderService,com.google.android.music:main,10073,0,57202,[],false,true,0,0,57212,
1431963953077,ch.unige.css.services.PingService,ch.unige.ping,10149,1632,87698698,[STARTED],false,true,0,0,87698710,
1431963953077,com.google.android.search.core.service.BroadcastListenerService,com.google.android.googlequicksearchbox:search,10026,9047,75471,[STARTED],false,true,0,0,85120070,
1431963953077,com.android.systemui.keyguard.KeyguardService,com.android.systemui,10014,930,44352,[PERSISTENT],false,false,2,2,68066,
1431963953077,openiab.StoreService,cm.aptoide.pt,10148,0,54787,[],false,true,0,0,54797,
1431963953077,ch.unige.css.services.main.CssRegistryService,ch.unige.ping:background,10149,9975,85196929,[STARTED],false,true,0,0,85196940,
1431963953077,com.google.android.finsky.billing.iab.InAppBillingService,com.android.vending,10024,19124,87110131,[],false,true,1,1,87110142,
1431963953077,org.cyanogenmod.audiofx.HeadsetService,org.cyanogenmod.audiofx,10000,1289,67364,"[PERSISTENT,STARTED]",false,true,0,0,67374,
1431964013102,com.android.bluetooth.hid.HidService,com.android.bluetooth,1002,0,49150,[],false,true,0,0,49160,
1431964013102,com.cleanmaster.service.PermanentService,com.cleanmaster.mguard:service,10138,17133,94138,[STARTED],false,true,1,1,87108331,
1431964013102,com.google.android.music.dial.DialMediaRouteProviderService,com.google.android.music:main,10073,0,57202,[],false,true,0,0,57212,
1431964013102,ch.unige.css.services.PingService,ch.unige.ping,10149,1632,87758738,[STARTED],false,true,0,0,87758749,
1431964013102,com.google.android.search.core.service.BroadcastListenerService,com.google.android.googlequicksearchbox:search,10026,9047,75471,[STARTED],false,true,0,0,85120070,
1431964013102,com.android.systemui.keyguard.KeyguardService,com.android.systemui,10014,930,44352,[PERSISTENT],false,false,2,2,68066,
1431964013102,openiab.StoreService,cm.aptoide.pt,10148,0,54787,[],false,true,0,0,54797,
1431964013102,ch.unige.css.services.main.CssRegistryService,ch.unige.ping:background,10149,9975,85196929,[STARTED],false,true,0,0,85196940,
1431964013102,com.google.android.finsky.billing.iab.InAppBillingService,com.android.vending,10024,19124,87110131,[],false,true,1,1,87110142,
1431964013102,org.cyanogenmod.audiofx.HeadsetService,org.cyanogenmod.audiofx,10000,1289,67364,"[PERSISTENT,STARTED]",false,true,0,0,67374,
1431964073196,com.android.bluetooth.hid.HidService,com.android.bluetooth,1002,0,49150,[],false,true,0,0,49160,
1431964073196,com.cleanmaster.service.PermanentService,com.cleanmaster.mguard:service,10138,17133,94138,[STARTED],false,true,1,1,87815103,
1431964073196,com.google.android.music.dial.DialMediaRouteProviderService,com.google.android.music:main,10073,0,57202,[],false,true,0,0,57212,
1431964073196,ch.unige.css.services.PingService,ch.unige.ping,10149,1632,87818797,[STARTED],false,true,0,0,87818809,
1431964073196,com.google.android.search.core.service.BroadcastListenerService,com.google.android.googlequicksearchbox:search,10026,9047,75471,[STARTED],false,true,0,0,85120070,
1431964073196,com.android.systemui.keyguard.KeyguardService,com.android.systemui,10014,930,44352,[PERSISTENT],false,false,2,2,68066,
1431964073196,openiab.StoreService,cm.aptoide.pt,10148,0,54787,[],false,true,0,0,54797,
1431964073196,ch.unige.css.services.main.CssRegistryService,ch.unige.ping:background,10149,9975,85196929,[STARTED],false,true,0,0,85196940,
1431964073196,com.google.android.finsky.billing.iab.InAppBillingService,com.android.vending,10024,19124,87110131,[],false,true,1,1,87110142,
1431964073196,org.cyanogenmod.audiofx.HeadsetService,org.cyanogenmod.audiofx,10000,1289,67364,"[PERSISTENT,STARTED]",false,true,0,0,67374,
1431964133210,com.android.bluetooth.hid.HidService,com.android.bluetooth,1002,0,49150,[],false,true,0,0,49160,
1431964133210,com.cleanmaster.service.PermanentService,com.cleanmaster.mguard:service,10138,17133,94138,[STARTED],false,true,1,1,87836303,
1431964133210,com.google.android.music.dial.DialMediaRouteProviderService,com.google.android.music:main,10073,0,57202,[],false,true,0,0,57212,
1431964133210,ch.unige.css.services.PingService,ch.unige.ping,10149,1632,87878845,[STARTED],false,true,0,0,87878856,
1431964133210,com.google.android.search.core.service.BroadcastListenerService,com.google.android.googlequicksearchbox:search,10026,9047,75471,[STARTED],false,true,0,0,85120070,
1431964133210,com.android.systemui.keyguard.KeyguardService,com.android.systemui,10014,930,44352,[PERSISTENT],false,false,2,2,68066,
1431964133210,openiab.StoreService,cm.aptoide.pt,10148,0,54787,[],false,true,0,0,54797,
1431964133210,ch.unige.css.services.main.CssRegistryService,ch.unige.ping:background,10149,9975,85196929,[STARTED],false,true,0,0,85196940,
1431964133210,com.google.android.finsky.billing.iab.InAppBillingService,com.android.vending,10024,19124,87110131,[],false,true,1,1,87110142,
1431964133210,org.cyanogenmod.audiofx.HeadsetService,org.cyanogenmod.audiofx,10000,1289,67364,"[PERSISTENT,STARTED]",false,true,0,0,67374,
1431964195594,com.android.bluetooth.hid.HidService,com.android.bluetooth,1002,0,49150,[],false,true,0,0,49160,
1431964195594,com.cleanmaster.service.PermanentService,com.cleanmaster.mguard:service,10138,17133,94138,[STARTED],false,true,1,1,87836303,
1431964195594,com.google.android.music.dial.DialMediaRouteProviderService,com.google.android.music:main,10073,0,57202,[],false,true,0,0,57212,
1431964195594,ch.unige.css.services.PingService,ch.unige.ping,10149,1632,87941216,[STARTED],false,true,0,0,87941227,
1431964195594,com.google.android.search.core.service.BroadcastListenerService,com.google.android.googlequicksearchbox:search,10026,9047,75471,[STARTED],false,true,0,0,85120070,
1431964195594,com.android.systemui.keyguard.KeyguardService,com.android.systemui,10014,930,44352,[PERSISTENT],false,false,2,2,68066,
1431964195594,openiab.StoreService,cm.aptoide.pt,10148,0,54787,[],false,true,0,0,54797,
1431964195594,ch.unige.css.services.main.CssRegistryService,ch.unige.ping:background,10149,9975,85196929,[STARTED],false,true,0,0,85196940,
1431964195594,com.google.android.finsky.billing.iab.InAppBillingService,com.android.vending,10024,19124,87110131,[],false,true,1,1,87110142,
1431964195594,org.cyanogenmod.audiofx.HeadsetService,org.cyanogenmod.audiofx,10000,1289,67364,"[PERSISTENT,STARTED]",false,true,0,0,67374,
1431964255613,com.android.bluetooth.hid.HidService,com.android.bluetooth,1002,0,49150,[],false,true,0,0,49160,
1431964255613,com.cleanmaster.service.PermanentService,com.cleanmaster.mguard:service,10138,17133,94138,[STARTED],false,true,1,1,87836303,
1431964255613,com.google.android.music.dial.DialMediaRouteProviderService,com.google.android.music:main,10073,0,57202,[],false,true,0,0,57212,
1431964255613,ch.unige.css.services.PingService,ch.unige.ping,10149,1632,88001247,[STARTED],false,true,0,0,88001258,
1431964255613,com.google.android.search.core.service.BroadcastListenerService,com.google.android.googlequicksearchbox:search,10026,9047,75471,[STARTED],false,true,0,0,85120070,
1431964255613,com.android.systemui.keyguard.KeyguardService,com.android.systemui,10014,930,44352,[PERSISTENT],false,false,2,2,68066,
1431964255613,openiab.StoreService,cm.aptoide.pt,10148,0,54787,[],false,true,0,0,54797,
1431964255613,ch.unige.css.services.main.CssRegistryService,ch.unige.ping:background,10149,9975,85196929,[STARTED],false,true,0,0,85196940,
1431964255613,com.google.android.finsky.billing.iab.InAppBillingService,com.android.vending,10024,19124,87110131,[],false,true,1,1,87110142,
1431964255613,org.cyanogenmod.audiofx.HeadsetService,org.cyanogenmod.audiofx,10000,1289,67364,"[PERSISTENT,STARTED]",false,true,0,0,67374,
1431964316008,com.android.bluetooth.hid.HidService,com.android.bluetooth,1002,0,49150,[],false,true,0,0,49160,
1431964316008,com.cleanmaster.service.PermanentService,com.cleanmaster.mguard:service,10138,17133,94138,[STARTED],false,true,1,1,87836303,
1431964316008,com.google.android.music.dial.DialMediaRouteProviderService,com.google.android.music:main,10073,0,57202,[],false,true,0,0,57212,
1431964316008,ch.unige.css.services.PingService,ch.unige.ping,10149,1632,88061648,[STARTED],false,true,0,0,88061659,
1431964316008,com.google.android.search.core.service.BroadcastListenerService,com.google.android.googlequicksearchbox:search,10026,9047,75471,[STARTED],false,true,0,0,85120070,
1431964316008,com.android.systemui.keyguard.KeyguardService,com.android.systemui,10014,930,44352,[PERSISTENT],false,false,2,2,68066,
1431964316008,openiab.StoreService,cm.aptoide.pt,10148,0,54787,[],false,true,0,0,54797,
1431964316008,ch.unige.css.services.main.CssRegistryService,ch.unige.ping:background,10149,9975,85196929,[STARTED],false,true,0,0,85196940,
1431964316008,com.google.android.finsky.billing.iab.InAppBillingService,com.android.vending,10024,19124,87110131,[],false,true,1,1,87110142,
1431964316008,org.cyanogenmod.audiofx.HeadsetService,org.cyanogenmod.audiofx,10000,1289,67364,"[PERSISTENT,STARTED]",false,true,0,0,67374,
1431964376286,com.android.bluetooth.hid.HidService,com.android.bluetooth,1002,0,49150,[],false,true,0,0,49160,
1431964376286,com.cleanmaster.service.PermanentService,com.cleanmaster.mguard:service,10138,17133,94138,[STARTED],false,true,1,1,87836303,
1431964376286,com.google.android.music.dial.DialMediaRouteProviderService,com.google.android.music:main,10073,0,57202,[],false,true,0,0,57212,
1431964376286,ch.unige.css.services.PingService,ch.unige.ping,10149,1632,88121878,[STARTED],false,true,0,0,88121889,
1431964376286,com.google.android.search.core.service.BroadcastListenerService,com.google.android.googlequicksearchbox:search,10026,9047,75471,[STARTED],false,true,0,0,85120070,
1431964376286,com.android.systemui.keyguard.KeyguardService,com.android.systemui,10014,930,44352,[PERSISTENT],false,false,2,2,68066,
1431964376286,openiab.StoreService,cm.aptoide.pt,10148,0,54787,[],false,true,0,0,54797,
1431964376286,ch.unige.css.services.main.CssRegistryService,ch.unige.ping:background,10149,9975,85196929,[STARTED],false,true,0,0,85196940,
1431964376286,com.google.android.finsky.billing.iab.InAppBillingService,com.android.vending,10024,19124,87110131,[],false,true,1,1,87110142,
1431964376286,org.cyanogenmod.audiofx.HeadsetService,org.cyanogenmod.audiofx,10000,1289,67364,"[PERSISTENT,STARTED]",false,true,0,0,67374,
1431964436587,com.android.bluetooth.hid.HidService,com.android.bluetooth,1002,0,49150,[],false,true,0,0,49160,
1431964436587,com.cleanmaster.service.PermanentService,com.cleanmaster.mguard:service,10138,17133,94138,[STARTED],false,true,1,1,87836303,
1431964436587,com.google.android.music.dial.DialMediaRouteProviderService,com.google.android.music:main,10073,0,57202,[],false,true,0,0,57212,
1431964436587,ch.unige.css.services.PingService,ch.unige.ping,10149,1632,88182065,[STARTED],false,true,0,0,88182076,
1431964436587,com.google.android.search.core.service.BroadcastListenerService,com.google.android.googlequicksearchbox:search,10026,9047,75471,[STARTED],false,true,0,0,85120070,
1431964436587,com.android.systemui.keyguard.KeyguardService,com.android.systemui,10014,930,44352,[PERSISTENT],false,false,2,2,68066,
1431964436587,openiab.StoreService,cm.aptoide.pt,10148,0,54787,[],false,true,0,0,54797,
1431964436587,ch.unige.css.services.main.CssRegistryService,ch.unige.ping:background,10149,9975,85196929,[STARTED],false,true,0,0,85196940,
1431964436587,com.google.android.finsky.billing.iab.InAppBillingService,com.android.vending,10024,19124,87110131,[],false,true,1,1,87110142,
1431964436587,org.cyanogenmod.audiofx.HeadsetService,org.cyanogenmod.audiofx,10000,1289,67364,"[PERSISTENT,STARTED]",false,true,0,0,67374,
1431964496816,com.android.bluetooth.hid.HidService,com.android.bluetooth,1002,0,49150,[],false,true,0,0,49160,
1431964496816,com.cleanmaster.service.PermanentService,com.cleanmaster.mguard:service,10138,17133,94138,[STARTED],false,true,1,1,87836303,
1431964496816,com.google.android.music.dial.DialMediaRouteProviderService,com.google.android.music:main,10073,0,57202,[],false,true,0,0,57212,
1431964496816,ch.unige.css.services.PingService,ch.unige.ping,10149,1632,88242401,[STARTED],false,true,0,0,88242413,
1431964496816,com.google.android.search.core.service.BroadcastListenerService,com.google.android.googlequicksearchbox:search,10026,9047,75471,[STARTED],false,true,0,0,85120070,
1431964496816,com.android.systemui.keyguard.KeyguardService,com.android.systemui,10014,930,44352,[PERSISTENT],false,false,2,2,68066,
1431964496816,openiab.StoreService,cm.aptoide.pt,10148,0,54787,[],false,true,0,0,54797,
1431964496816,ch.unige.css.services.main.CssRegistryService,ch.unige.ping:background,10149,9975,85196929,[STARTED],false,true,0,0,85196940,
1431964496816,com.google.android.finsky.billing.iab.InAppBillingService,com.android.vending,10024,19124,87110131,[],false,true,1,1,87110142,
1431964496816,org.cyanogenmod.audiofx.HeadsetService,org.cyanogenmod.audiofx,10000,1289,67364,"[PERSISTENT,STARTED]",false,true,0,0,67374,
1431964557079,com.android.bluetooth.hid.HidService,com.android.bluetooth,1002,0,49150,[],false,true,0,0,49160,
1431964557079,com.cleanmaster.service.PermanentService,com.cleanmaster.mguard:service,10138,17133,94138,[STARTED],false,true,1,1,87836303,
1431964557079,com.google.android.music.dial.DialMediaRouteProviderService,com.google.android.music:main,10073,0,57202,[],false,true,0,0,57212,
1431964557079,ch.unige.css.services.PingService,ch.unige.ping,10149,1632,88302706,[STARTED],false,true,0,0,88302717,
1431964557079,com.google.android.search.core.service.BroadcastListenerService,com.google.android.googlequicksearchbox:search,10026,9047,75471,[STARTED],false,true,0,0,85120070,
1431964557079,com.android.systemui.keyguard.KeyguardService,com.android.systemui,10014,930,44352,[PERSISTENT],false,false,2,2,68066,
1431964557079,openiab.StoreService,cm.aptoide.pt,10148,0,54787,[],false,true,0,0,54797,
1431964557079,ch.unige.css.services.main.CssRegistryService,ch.unige.ping:background,10149,9975,85196929,[STARTED],false,true,0,0,85196940,
1431964557079,com.google.android.finsky.billing.iab.InAppBillingService,com.android.vending,10024,19124,87110131,[],false,true,1,1,87110142,
1431964557079,org.cyanogenmod.audiofx.HeadsetService,org.cyanogenmod.audiofx,10000,1289,67364,"[PERSISTENT,STARTED]",false,true,0,0,67374,
1431964617385,com.android.bluetooth.hid.HidService,com.android.bluetooth,1002,0,49150,[],false,true,0,0,49160,
1431964617385,com.cleanmaster.service.PermanentService,com.cleanmaster.mguard:service,10138,17133,94138,[STARTED],false,true,1,1,87836303,
1431964617385,com.google.android.music.dial.DialMediaRouteProviderService,com.google.android.music:main,10073,0,57202,[],false,true,0,0,57212,
1431964617385,ch.unige.css.services.PingService,ch.unige.ping,10149,1632,88363027,[STARTED],false,true,0,0,88363039,
1431964617385,com.google.android.search.core.service.BroadcastListenerService,com.google.android.googlequicksearchbox:search,10026,9047,75471,[STARTED],false,true,0,0,85120070,
1431964617385,com.android.systemui.keyguard.KeyguardService,com.android.systemui,10014,930,44352,[PERSISTENT],false,false,2,2,68066,
1431964617385,openiab.StoreService,cm.aptoide.pt,10148,0,54787,[],false,true,0,0,54797,
1431964617385,ch.unige.css.services.main.CssRegistryService,ch.unige.ping:background,10149,9975,85196929,[STARTED],false,true,0,0,85196940,
1431964617385,com.google.android.finsky.billing.iab.InAppBillingService,com.android.vending,10024,19124,87110131,[],false,true,1,1,87110142,
1431964617385,org.cyanogenmod.audiofx.HeadsetService,org.cyanogenmod.audiofx,10000,1289,67364,"[PERSISTENT,STARTED]",false,true,0,0,67374,
1431964677415,com.android.bluetooth.hid.HidService,com.android.bluetooth,1002,0,49150,[],false,true,0,0,49160,
1431964677415,com.cleanmaster.service.PermanentService,com.cleanmaster.mguard:service,10138,17133,94138,[STARTED],false,true,1,1,87836303,
1431964677415,com.google.android.music.dial.DialMediaRouteProviderService,com.google.android.music:main,10073,0,57202,[],false,true,0,0,57212,
1431964677415,ch.unige.css.services.PingService,ch.unige.ping,10149,1632,88423252,[STARTED],false,true,0,0,88423263,
1431964677415,com.google.android.search.core.service.BroadcastListenerService,com.google.android.googlequicksearchbox:search,10026,9047,75471,[STARTED],false,true,0,0,85120070,
1431964677415,com.android.systemui.keyguard.KeyguardService,com.android.systemui,10014,930,44352,[PERSISTENT],false,false,2,2,68066,
1431964677415,openiab.StoreService,cm.aptoide.pt,10148,0,54787,[],false,true,0,0,54797,
1431964677415,ch.unige.css.services.main.CssRegistryService,ch.unige.ping:background,10149,9975,85196929,[STARTED],false,true,0,0,85196940,
1431964677415,com.google.android.finsky.billing.iab.InAppBillingService,com.android.vending,10024,19124,87110131,[],false,true,1,1,87110142,
1431964677415,org.cyanogenmod.audiofx.HeadsetService,org.cyanogenmod.audiofx,10000,1289,67364,"[PERSISTENT,STARTED]",false,true,0,0,67374,
1431964737295,com.android.bluetooth.hid.HidService,com.android.bluetooth,1002,0,49150,[],false,true,0,0,49160,
1431964737295,com.cleanmaster.service.PermanentService,com.cleanmaster.mguard:service,10138,17133,94138,[STARTED],false,true,1,1,88473726,
1431964737295,com.google.android.music.dial.DialMediaRouteProviderService,com.google.android.music:main,10073,0,57202,[],false,true,0,0,57212,
1431964737295,ch.unige.css.services.PingService,ch.unige.ping,10149,1632,88483288,[STARTED],false,true,0,0,88483299,
1431964737295,com.google.android.search.core.service.BroadcastListenerService,com.google.android.googlequicksearchbox:search,10026,9047,75471,[STARTED],false,true,0,0,85120070,
1431964737295,com.android.systemui.keyguard.KeyguardService,com.android.systemui,10014,930,44352,[PERSISTENT],false,false,2,2,68066,
1431964737295,openiab.StoreService,cm.aptoide.pt,10148,0,54787,[],false,true,0,0,54797,
1431964737295,ch.unige.css.services.main.CssRegistryService,ch.unige.ping:background,10149,9975,85196929,[STARTED],false,true,0,0,85196940,
1431964737295,com.google.android.finsky.billing.iab.InAppBillingService,com.android.vending,10024,19124,87110131,[],false,true,1,1,87110142,
1431964737295,org.cyanogenmod.audiofx.HeadsetService,org.cyanogenmod.audiofx,10000,1289,67364,"[PERSISTENT,STARTED]",false,true,0,0,67374,
1431964800604,com.android.bluetooth.hid.HidService,com.android.bluetooth,1002,0,49150,[],false,true,0,0,49160,
1431964800604,com.cleanmaster.service.PermanentService,com.cleanmaster.mguard:service,10138,17133,94138,[STARTED],false,true,1,1,88496717,
1431964800604,com.google.android.music.dial.DialMediaRouteProviderService,com.google.android.music:main,10073,0,57202,[],false,true,0,0,57212,
1431964800604,ch.unige.css.services.PingService,ch.unige.ping,10149,1632,88546163,[STARTED],false,true,0,0,88546174,
1431964800604,com.google.android.search.core.service.BroadcastListenerService,com.google.android.googlequicksearchbox:search,10026,9047,75471,[STARTED],false,true,0,0,85120070,
1431964800604,com.android.systemui.keyguard.KeyguardService,com.android.systemui,10014,930,44352,[PERSISTENT],false,false,2,2,68066,
1431964800604,openiab.StoreService,cm.aptoide.pt,10148,0,54787,[],false,true,0,0,54797,
1431964800604,ch.unige.css.services.main.CssRegistryService,ch.unige.ping:background,10149,9975,85196929,[STARTED],false,true,0,0,85196940,
1431964800604,com.google.android.finsky.billing.iab.InAppBillingService,com.android.vending,10024,19124,87110131,[],false,true,1,1,87110142,
1431964800604,org.cyanogenmod.audiofx.HeadsetService,org.cyanogenmod.audiofx,10000,1289,67364,"[PERSISTENT,STARTED]",false,true,0,0,67374,
1431964860700,com.android.bluetooth.hid.HidService,com.android.bluetooth,1002,0,49150,[],false,true,0,0,49160,
1431964860700,com.cleanmaster.service.PermanentService,com.cleanmaster.mguard:service,10138,17133,94138,[STARTED],false,true,1,1,88561858,
1431964860700,com.google.android.music.dial.DialMediaRouteProviderService,com.google.android.music:main,10073,0,57202,[],false,true,0,0,57212,
1431964860700,ch.unige.css.services.PingService,ch.unige.ping,10149,1632,88606239,[STARTED],false,true,0,0,88606250,
1431964860700,com.google.android.search.core.service.BroadcastListenerService,com.google.android.googlequicksearchbox:search,10026,9047,75471,[STARTED],false,true,0,0,85120070,
1431964860700,com.android.systemui.keyguard.KeyguardService,com.android.systemui,10014,930,44352,[PERSISTENT],false,false,2,2,68066,
1431964860700,openiab.StoreService,cm.aptoide.pt,10148,0,54787,[],false,true,0,0,54797,
1431964860700,ch.unige.css.services.main.CssRegistryService,ch.unige.ping:background,10149,9975,85196929,[STARTED],false,true,0,0,85196940,
1431964860700,com.google.android.finsky.billing.iab.InAppBillingService,com.android.vending,10024,19124,87110131,[],false,true,1,1,87110142,
1431964860700,org.cyanogenmod.audiofx.HeadsetService,org.cyanogenmod.audiofx,10000,1289,67364,"[PERSISTENT,STARTED]",false,true,0,0,67374,
1431964920839,com.android.bluetooth.hid.HidService,com.android.bluetooth,1002,0,49150,[],false,true,0,0,49160,
1431964920839,com.cleanmaster.service.PermanentService,com.cleanmaster.mguard:service,10138,17133,94138,[STARTED],false,true,1,1,88561858,
1431964920839,com.google.android.music.dial.DialMediaRouteProviderService,com.google.android.music:main,10073,0,57202,[],false,true,0,0,57212,
1431964920839,ch.unige.css.services.PingService,ch.unige.ping,10149,1632,88666256,[STARTED],false,true,0,0,88666267,
1431964920839,com.google.android.search.core.service.BroadcastListenerService,com.google.android.googlequicksearchbox:search,10026,9047,75471,[STARTED],false,true,0,0,85120070,
1431964920839,com.android.systemui.keyguard.KeyguardService,com.android.systemui,10014,930,44352,[PERSISTENT],false,false,2,2,68066,
1431964920839,openiab.StoreService,cm.aptoide.pt,10148,0,54787,[],false,true,0,0,54797,
1431964920839,ch.unige.css.services.main.CssRegistryService,ch.unige.ping:background,10149,9975,85196929,[STARTED],false,true,0,0,85196940,
1431964920839,com.google.android.finsky.billing.iab.InAppBillingService,com.android.vending,10024,19124,87110131,[],false,true,1,1,87110142,
1431964920839,org.cyanogenmod.audiofx.HeadsetService,org.cyanogenmod.audiofx,10000,1289,67364,"[PERSISTENT,STARTED]",false,true,0,0,67374,
1431964980781,com.android.bluetooth.hid.HidService,com.android.bluetooth,1002,0,49150,[],false,true,0,0,49160,
1431964980781,com.cleanmaster.service.PermanentService,com.cleanmaster.mguard:service,10138,17133,94138,[STARTED],false,true,1,1,88669032,
1431964980781,com.google.android.music.dial.DialMediaRouteProviderService,com.google.android.music:main,10073,0,57202,[],false,true,0,0,57212,
1431964980781,ch.unige.css.services.PingService,ch.unige.ping,10149,1632,88726328,[STARTED],false,true,0,0,88726339,
1431964980781,com.google.android.search.core.service.BroadcastListenerService,com.google.android.googlequicksearchbox:search,10026,9047,75471,[STARTED],false,true,0,0,85120070,
1431964980781,com.android.systemui.keyguard.KeyguardService,com.android.systemui,10014,930,44352,[PERSISTENT],false,false,2,2,68066,
1431964980781,openiab.StoreService,cm.aptoide.pt,10148,0,54787,[],false,true,0,0,54797,
1431964980781,ch.unige.css.services.main.CssRegistryService,ch.unige.ping:background,10149,9975,85196929,[STARTED],false,true,0,0,85196940,
1431964980781,com.google.android.finsky.billing.iab.InAppBillingService,com.android.vending,10024,19124,87110131,[],false,true,1,1,87110142,
1431964980781,org.cyanogenmod.audiofx.HeadsetService,org.cyanogenmod.audiofx,10000,1289,67364,"[PERSISTENT,STARTED]",false,true,0,0,67374,
1431965043378,com.android.bluetooth.hid.HidService,com.android.bluetooth,1002,0,49150,[],false,true,0,0,49160,
1431965043378,com.cleanmaster.service.PermanentService,com.cleanmaster.mguard:service,10138,17133,94138,[STARTED],false,true,1,1,88669032,
1431965043378,com.google.android.music.dial.DialMediaRouteProviderService,com.google.android.music:main,10073,0,57202,[],false,true,0,0,57212,
1431965043378,ch.unige.css.services.PingService,ch.unige.ping,10149,1632,88788913,[STARTED],false,true,0,0,88788925,
1431965043378,com.google.android.search.core.service.BroadcastListenerService,com.google.android.googlequicksearchbox:search,10026,9047,75471,[STARTED],false,true,0,0,85120070,
1431965043378,com.android.systemui.keyguard.KeyguardService,com.android.systemui,10014,930,44352,[PERSISTENT],false,false,2,2,68066,
1431965043378,openiab.StoreService,cm.aptoide.pt,10148,0,54787,[],false,true,0,0,54797,
1431965043378,ch.unige.css.services.main.CssRegistryService,ch.unige.ping:background,10149,9975,85196929,[STARTED],false,true,0,0,85196940,
1431965043378,com.google.android.finsky.billing.iab.InAppBillingService,com.android.vending,10024,19124,87110131,[],false,true,1,1,87110142,
1431965043378,org.cyanogenmod.audiofx.HeadsetService,org.cyanogenmod.audiofx,10000,1289,67364,"[PERSISTENT,STARTED]",false,true,0,0,67374,
1431965103756,com.android.bluetooth.hid.HidService,com.android.bluetooth,1002,0,49150,[],false,true,0,0,49160,
1431965103756,com.cleanmaster.service.PermanentService,com.cleanmaster.mguard:service,10138,17133,94138,[STARTED],false,true,1,1,88669032,
1431965103756,com.google.android.music.dial.DialMediaRouteProviderService,com.google.android.music:main,10073,0,57202,[],false,true,0,0,57212,
1431965103756,ch.unige.css.services.PingService,ch.unige.ping,10149,1632,88849308,[STARTED],false,true,0,0,88849319,
1431965103756,com.google.android.search.core.service.BroadcastListenerService,com.google.android.googlequicksearchbox:search,10026,9047,75471,[STARTED],false,true,0,0,85120070,
1431965103756,com.android.systemui.keyguard.KeyguardService,com.android.systemui,10014,930,44352,[PERSISTENT],false,false,2,2,68066,
1431965103756,openiab.StoreService,cm.aptoide.pt,10148,0,54787,[],false,true,0,0,54797,
1431965103756,ch.unige.css.services.main.CssRegistryService,ch.unige.ping:background,10149,9975,85196929,[STARTED],false,true,0,0,85196940,
1431965103756,com.google.android.finsky.billing.iab.InAppBillingService,com.android.vending,10024,19124,87110131,[],false,true,1,1,87110142,
1431965103756,org.cyanogenmod.audiofx.HeadsetService,org.cyanogenmod.audiofx,10000,1289,67364,"[PERSISTENT,STARTED]",false,true,0,0,67374,
1431965164084,com.android.bluetooth.hid.HidService,com.android.bluetooth,1002,0,49150,[],false,true,0,0,49160,
1431965164084,com.cleanmaster.service.PermanentService,com.cleanmaster.mguard:service,10138,17133,94138,[STARTED],false,true,1,1,88669032,
1431965164084,com.google.android.music.dial.DialMediaRouteProviderService,com.google.android.music:main,10073,0,57202,[],false,true,0,0,57212,
1431965164084,ch.unige.css.services.PingService,ch.unige.ping,10149,1632,88909584,[STARTED],false,true,0,0,88909595,
1431965164084,com.google.android.search.core.service.BroadcastListenerService,com.google.android.googlequicksearchbox:search,10026,9047,75471,[STARTED],false,true,0,0,85120070,
1431965164084,com.android.systemui.keyguard.KeyguardService,com.android.systemui,10014,930,44352,[PERSISTENT],false,false,2,2,68066,
1431965164084,openiab.StoreService,cm.aptoide.pt,10148,0,54787,[],false,true,0,0,54797,
1431965164084,ch.unige.css.services.main.CssRegistryService,ch.unige.ping:background,10149,9975,85196929,[STARTED],false,true,0,0,85196940,
1431965164084,com.google.android.finsky.billing.iab.InAppBillingService,com.android.vending,10024,19124,87110131,[],false,true,1,1,87110142,
1431965164084,org.cyanogenmod.audiofx.HeadsetService,org.cyanogenmod.audiofx,10000,1289,67364,"[PERSISTENT,STARTED]",false,true,0,0,67374,
1431965224266,com.android.bluetooth.hid.HidService,com.android.bluetooth,1002,0,49150,[],false,true,0,0,49160,
1431965224266,com.cleanmaster.service.PermanentService,com.cleanmaster.mguard:service,10138,17133,94138,[STARTED],false,true,1,1,88669032,
1431965224266,com.google.android.music.dial.DialMediaRouteProviderService,com.google.android.music:main,10073,0,57202,[],false,true,0,0,57212,
1431965224266,ch.unige.css.services.PingService,ch.unige.ping,10149,1632,88969799,[STARTED],false,true,0,0,88969810,
1431965224266,com.google.android.search.core.service.BroadcastListenerService,com.google.android.googlequicksearchbox:search,10026,9047,75471,[STARTED],false,true,0,0,85120070,
1431965224266,com.android.systemui.keyguard.KeyguardService,com.android.systemui,10014,930,44352,[PERSISTENT],false,false,2,2,68066,
1431965224266,openiab.StoreService,cm.aptoide.pt,10148,0,54787,[],false,true,0,0,54797,
1431965224266,ch.unige.css.services.main.CssRegistryService,ch.unige.ping:background,10149,9975,85196929,[STARTED],false,true,0,0,85196940,
1431965224266,com.google.android.finsky.billing.iab.InAppBillingService,com.android.vending,10024,19124,87110131,[],false,true,1,1,87110142,
1431965224266,org.cyanogenmod.audiofx.HeadsetService,org.cyanogenmod.audiofx,10000,1289,67364,"[PERSISTENT,STARTED]",false,true,0,0,67374,
1431965284519,com.android.bluetooth.hid.HidService,com.android.bluetooth,1002,0,49150,[],false,true,0,0,49160,
1431965284519,com.cleanmaster.service.PermanentService,com.cleanmaster.mguard:service,10138,17133,94138,[STARTED],false,true,1,1,88669032,
1431965284519,com.google.android.music.dial.DialMediaRouteProviderService,com.google.android.music:main,10073,0,57202,[],false,true,0,0,57212,
1431965284519,ch.unige.css.services.PingService,ch.unige.ping,10149,1632,89030071,[STARTED],false,true,0,0,89030082,
1431965284519,com.google.android.search.core.service.BroadcastListenerService,com.google.android.googlequicksearchbox:search,10026,9047,75471,[STARTED],false,true,0,0,85120070,
1431965284519,com.android.systemui.keyguard.KeyguardService,com.android.systemui,10014,930,44352,[PERSISTENT],false,false,2,2,68066,
1431965284519,openiab.StoreService,cm.aptoide.pt,10148,0,54787,[],false,true,0,0,54797,
1431965284519,ch.unige.css.services.main.CssRegistryService,ch.unige.ping:background,10149,9975,85196929,[STARTED],false,true,0,0,85196940,
1431965284519,com.google.android.finsky.billing.iab.InAppBillingService,com.android.vending,10024,19124,87110131,[],false,true,1,1,87110142,
1431965284519,org.cyanogenmod.audiofx.HeadsetService,org.cyanogenmod.audiofx,10000,1289,67364,"[PERSISTENT,STARTED]",false,true,0,0,67374,
1431965344638,com.android.bluetooth.hid.HidService,com.android.bluetooth,1002,0,49150,[],false,true,0,0,49160,
1431965344638,com.cleanmaster.service.PermanentService,com.cleanmaster.mguard:service,10138,17133,94138,[STARTED],false,true,1,1,88669032,
1431965344638,com.google.android.music.dial.DialMediaRouteProviderService,com.google.android.music:main,10073,0,57202,[],false,true,0,0,57212,
1431965344638,ch.unige.css.services.PingService,ch.unige.ping,10149,1632,89090183,[STARTED],false,true,0,0,89090194,
1431965344638,com.google.android.search.core.service.BroadcastListenerService,com.google.android.googlequicksearchbox:search,10026,9047,75471,[STARTED],false,true,0,0,85120070,
1431965344638,com.android.systemui.keyguard.KeyguardService,com.android.systemui,10014,930,44352,[PERSISTENT],false,false,2,2,68066,
1431965344638,openiab.StoreService,cm.aptoide.pt,10148,0,54787,[],false,true,0,0,54797,
1431965344638,ch.unige.css.services.main.CssRegistryService,ch.unige.ping:background,10149,9975,85196929,[STARTED],false,true,0,0,85196940,
1431965344638,com.google.android.finsky.billing.iab.InAppBillingService,com.android.vending,10024,19124,87110131,[],false,true,1,1,87110142,
1431965344638,org.cyanogenmod.audiofx.HeadsetService,org.cyanogenmod.audiofx,10000,1289,67364,"[PERSISTENT,STARTED]",false,true,0,0,67374,
1431965404770,com.android.bluetooth.hid.HidService,com.android.bluetooth,1002,0,49150,[],false,true,0,0,49160,
1431965404770,com.cleanmaster.service.PermanentService,com.cleanmaster.mguard:service,10138,17133,94138,[STARTED],false,true,1,1,88669032,
1431965404770,com.google.android.music.dial.DialMediaRouteProviderService,com.google.android.music:main,10073,0,57202,[],false,true,0,0,57212,
1431965404770,ch.unige.css.services.PingService,ch.unige.ping,10149,1632,89150292,[STARTED],false,true,0,0,89150303,
1431965404770,com.google.android.search.core.service.BroadcastListenerService,com.google.android.googlequicksearchbox:search,10026,9047,75471,[STARTED],false,true,0,0,85120070,
1431965404770,com.android.systemui.keyguard.KeyguardService,com.android.systemui,10014,930,44352,[PERSISTENT],false,false,2,2,68066,
1431965404770,openiab.StoreService,cm.aptoide.pt,10148,0,54787,[],false,true,0,0,54797,
1431965404770,ch.unige.css.services.main.CssRegistryService,ch.unige.ping:background,10149,9975,85196929,[STARTED],false,true,0,0,85196940,
1431965404770,com.google.android.finsky.billing.iab.InAppBillingService,com.android.vending,10024,19124,87110131,[],false,true,1,1,87110142,
1431965404770,org.cyanogenmod.audiofx.HeadsetService,org.cyanogenmod.audiofx,10000,1289,67364,"[PERSISTENT,STARTED]",false,true,0,0,67374,
1431965465211,com.android.bluetooth.hid.HidService,com.android.bluetooth,1002,0,49150,[],false,true,0,0,49160,
1431965465211,com.cleanmaster.service.PermanentService,com.cleanmaster.mguard:service,10138,17133,94138,[STARTED],false,true,1,1,88669032,
1431965465211,com.google.android.music.dial.DialMediaRouteProviderService,com.google.android.music:main,10073,0,57202,[],false,true,0,0,57212,
1431965465211,ch.unige.css.services.PingService,ch.unige.ping,10149,1632,89210763,[STARTED],false,true,0,0,89210775,
1431965465211,com.google.android.search.core.service.BroadcastListenerService,com.google.android.googlequicksearchbox:search,10026,9047,75471,[STARTED],false,true,0,0,85120070,
1431965465211,com.android.systemui.keyguard.KeyguardService,com.android.systemui,10014,930,44352,[PERSISTENT],false,false,2,2,68066,
1431965465211,openiab.StoreService,cm.aptoide.pt,10148,0,54787,[],false,true,0,0,54797,
1431965465211,ch.unige.css.services.main.CssRegistryService,ch.unige.ping:background,10149,9975,85196929,[STARTED],false,true,0,0,85196940,
1431965465211,com.google.android.finsky.billing.iab.InAppBillingService,com.android.vending,10024,19124,87110131,[],false,true,1,1,87110142,
1431965465211,org.cyanogenmod.audiofx.HeadsetService,org.cyanogenmod.audiofx,10000,1289,67364,"[PERSISTENT,STARTED]",false,true,0,0,67374,
1431965525505,com.android.bluetooth.hid.HidService,com.android.bluetooth,1002,0,49150,[],false,true,0,0,49160,
1431965525505,com.cleanmaster.service.PermanentService,com.cleanmaster.mguard:service,10138,17133,94138,[STARTED],false,true,1,1,88669032,
1431965525505,com.google.android.music.dial.DialMediaRouteProviderService,com.google.android.music:main,10073,0,57202,[],false,true,0,0,57212,
1431965525505,ch.unige.css.services.PingService,ch.unige.ping,10149,1632,89271046,[STARTED],false,true,0,0,89271057,
1431965525505,com.google.android.search.core.service.BroadcastListenerService,com.google.android.googlequicksearchbox:search,10026,9047,75471,[STARTED],false,true,0,0,85120070,
1431965525505,com.android.systemui.keyguard.KeyguardService,com.android.systemui,10014,930,44352,[PERSISTENT],false,false,2,2,68066,
1431965525505,openiab.StoreService,cm.aptoide.pt,10148,0,54787,[],false,true,0,0,54797,
1431965525505,ch.unige.css.services.main.CssRegistryService,ch.unige.ping:background,10149,9975,85196929,[STARTED],false,true,0,0,85196940,
1431965525505,com.google.android.finsky.billing.iab.InAppBillingService,com.android.vending,10024,19124,87110131,[],false,true,1,1,87110142,
1431965525505,org.cyanogenmod.audiofx.HeadsetService,org.cyanogenmod.audiofx,10000,1289,67364,"[PERSISTENT,STARTED]",false,true,0,0,67374,
1431965585630,com.android.bluetooth.hid.HidService,com.android.bluetooth,1002,0,49150,[],false,true,0,0,49160,
1431965585630,com.cleanmaster.service.PermanentService,com.cleanmaster.mguard:service,10138,17133,94138,[STARTED],false,true,1,1,88669032,
1431965585630,com.google.android.music.dial.DialMediaRouteProviderService,com.google.android.music:main,10073,0,57202,[],false,true,0,0,57212,
1431965585630,ch.unige.css.services.PingService,ch.unige.ping,10149,1632,89331134,[STARTED],false,true,0,0,89331146,
1431965585630,com.google.android.search.core.service.BroadcastListenerService,com.google.android.googlequicksearchbox:search,10026,9047,75471,[STARTED],false,true,0,0,85120070,
1431965585630,com.android.systemui.keyguard.KeyguardService,com.android.systemui,10014,930,44352,[PERSISTENT],false,false,2,2,68066,
1431965585630,openiab.StoreService,cm.aptoide.pt,10148,0,54787,[],false,true,0,0,54797,
1431965585630,ch.unige.css.services.main.CssRegistryService,ch.unige.ping:background,10149,9975,85196929,[STARTED],false,true,0,0,85196940,
1431965585630,com.google.android.finsky.billing.iab.InAppBillingService,com.android.vending,10024,19124,87110131,[],false,true,1,1,87110142,
1431965585630,org.cyanogenmod.audiofx.HeadsetService,org.cyanogenmod.audiofx,10000,1289,67364,"[PERSISTENT,STARTED]",false,true,0,0,67374,
1431965645678,com.android.bluetooth.hid.HidService,com.android.bluetooth,1002,0,49150,[],false,true,0,0,49160,
1431965645678,com.cleanmaster.service.PermanentService,com.cleanmaster.mguard:service,10138,17133,94138,[STARTED],false,true,1,1,88669032,
1431965645678,com.google.android.music.dial.DialMediaRouteProviderService,com.google.android.music:main,10073,0,57202,[],false,true,0,0,57212,
1431965645678,ch.unige.css.services.PingService,ch.unige.ping,10149,1632,89391218,[STARTED],false,true,0,0,89391229,
1431965645678,com.google.android.search.core.service.BroadcastListenerService,com.google.android.googlequicksearchbox:search,10026,9047,75471,[STARTED],false,true,0,0,85120070,
1431965645678,com.android.systemui.keyguard.KeyguardService,com.android.systemui,10014,930,44352,[PERSISTENT],false,false,2,2,68066,
1431965645678,openiab.StoreService,cm.aptoide.pt,10148,0,54787,[],false,true,0,0,54797,
1431965645678,ch.unige.css.services.main.CssRegistryService,ch.unige.ping:background,10149,9975,85196929,[STARTED],false,true,0,0,85196940,
1431965645678,com.google.android.finsky.billing.iab.InAppBillingService,com.android.vending,10024,19124,87110131,[],false,true,1,1,87110142,
1431965645678,org.cyanogenmod.audiofx.HeadsetService,org.cyanogenmod.audiofx,10000,1289,67364,"[PERSISTENT,STARTED]",false,true,0,0,67374,
1431965705732,com.android.bluetooth.hid.HidService,com.android.bluetooth,1002,0,49150,[],false,true,0,0,49160,
1431965705732,com.cleanmaster.service.PermanentService,com.cleanmaster.mguard:service,10138,17133,94138,[STARTED],false,true,1,1,88669032,
1431965705732,com.google.android.music.dial.DialMediaRouteProviderService,com.google.android.music:main,10073,0,57202,[],false,true,0,0,57212,
1431965705732,ch.unige.css.services.PingService,ch.unige.ping,10149,1632,89451282,[STARTED],false,true,0,0,89451294,
1431965705732,com.google.android.search.core.service.BroadcastListenerService,com.google.android.googlequicksearchbox:search,10026,9047,75471,[STARTED],false,true,0,0,85120070,
1431965705732,com.android.systemui.keyguard.KeyguardService,com.android.systemui,10014,930,44352,[PERSISTENT],false,false,2,2,68066,
1431965705732,openiab.StoreService,cm.aptoide.pt,10148,0,54787,[],false,true,0,0,54797,
1431965705732,ch.unige.css.services.main.CssRegistryService,ch.unige.ping:background,10149,9975,85196929,[STARTED],false,true,0,0,85196940,
1431965705732,com.google.android.finsky.billing.iab.InAppBillingService,com.android.vending,10024,19124,87110131,[],false,true,1,1,87110142,
1431965705732,org.cyanogenmod.audiofx.HeadsetService,org.cyanogenmod.audiofx,10000,1289,67364,"[PERSISTENT,STARTED]",false,true,0,0,67374,
1431965768081,com.android.bluetooth.hid.HidService,com.android.bluetooth,1002,0,49150,[],false,true,0,0,49160,
1431965768081,com.cleanmaster.service.PermanentService,com.cleanmaster.mguard:service,10138,17133,94138,[STARTED],false,true,1,1,88669032,
1431965768081,com.google.android.music.dial.DialMediaRouteProviderService,com.google.android.music:main,10073,0,57202,[],false,true,0,0,57212,
1431965768081,ch.unige.css.services.PingService,ch.unige.ping,10149,1632,89513591,[STARTED],false,true,0,0,89513603,
1431965768081,com.google.android.search.core.service.BroadcastListenerService,com.google.android.googlequicksearchbox:search,10026,9047,75471,[STARTED],false,true,0,0,85120070,
1431965768081,com.android.systemui.keyguard.KeyguardService,com.android.systemui,10014,930,44352,[PERSISTENT],false,false,2,2,68066,
1431965768081,openiab.StoreService,cm.aptoide.pt,10148,0,54787,[],false,true,0,0,54797,
1431965768081,ch.unige.css.services.main.CssRegistryService,ch.unige.ping:background,10149,9975,85196929,[STARTED],false,true,0,0,85196940,
1431965768081,com.google.android.finsky.billing.iab.InAppBillingService,com.android.vending,10024,19124,87110131,[],false,true,1,1,87110142,
1431965768081,org.cyanogenmod.audiofx.HeadsetService,org.cyanogenmod.audiofx,10000,1289,67364,"[PERSISTENT,STARTED]",false,true,0,0,67374,
1431965828151,com.android.bluetooth.hid.HidService,com.android.bluetooth,1002,0,49150,[],false,true,0,0,49160,
1431965828151,com.cleanmaster.service.PermanentService,com.cleanmaster.mguard:service,10138,17133,94138,[STARTED],false,true,1,1,88669032,
1431965828151,com.google.android.music.dial.DialMediaRouteProviderService,com.google.android.music:main,10073,0,57202,[],false,true,0,0,57212,
1431965828151,ch.unige.css.services.PingService,ch.unige.ping,10149,1632,89573682,[STARTED],false,true,0,0,89573693,
1431965828151,com.google.android.search.core.service.BroadcastListenerService,com.google.android.googlequicksearchbox:search,10026,9047,75471,[STARTED],false,true,0,0,85120070,
1431965828151,com.android.systemui.keyguard.KeyguardService,com.android.systemui,10014,930,44352,[PERSISTENT],false,false,2,2,68066,
1431965828151,openiab.StoreService,cm.aptoide.pt,10148,0,54787,[],false,true,0,0,54797,
1431965828151,ch.unige.css.services.main.CssRegistryService,ch.unige.ping:background,10149,9975,85196929,[STARTED],false,true,0,0,85196940,
1431965828151,com.google.android.finsky.billing.iab.InAppBillingService,com.android.vending,10024,19124,87110131,[],false,true,1,1,87110142,
1431965828151,org.cyanogenmod.audiofx.HeadsetService,org.cyanogenmod.audiofx,10000,1289,67364,"[PERSISTENT,STARTED]",false,true,0,0,67374,
1431965888191,com.android.bluetooth.hid.HidService,com.android.bluetooth,1002,0,49150,[],false,true,0,0,49160,
1431965888191,com.cleanmaster.service.PermanentService,com.cleanmaster.mguard:service,10138,17133,94138,[STARTED],false,true,1,1,88669032,
1431965888191,com.google.android.music.dial.DialMediaRouteProviderService,com.google.android.music:main,10073,0,57202,[],false,true,0,0,57212,
1431965888191,ch.unige.css.services.PingService,ch.unige.ping,10149,1632,89633734,[STARTED],false,true,0,0,89633745,
1431965888191,com.google.android.search.core.service.BroadcastListenerService,com.google.android.googlequicksearchbox:search,10026,9047,75471,[STARTED],false,true,0,0,85120070,
1431965888191,com.android.systemui.keyguard.KeyguardService,com.android.systemui,10014,930,44352,[PERSISTENT],false,false,2,2,68066,
1431965888191,openiab.StoreService,cm.aptoide.pt,10148,0,54787,[],false,true,0,0,54797,
1431965888191,ch.unige.css.services.main.CssRegistryService,ch.unige.ping:background,10149,9975,85196929,[STARTED],false,true,0,0,85196940,
1431965888191,com.google.android.finsky.billing.iab.InAppBillingService,com.android.vending,10024,19124,87110131,[],false,true,1,1,87110142,
1431965888191,org.cyanogenmod.audiofx.HeadsetService,org.cyanogenmod.audiofx,10000,1289,67364,"[PERSISTENT,STARTED]",false,true,0,0,67374,
1431965948267,com.android.bluetooth.hid.HidService,com.android.bluetooth,1002,0,49150,[],false,true,0,0,49160,
1431965948267,com.cleanmaster.service.PermanentService,com.cleanmaster.mguard:service,10138,17133,94138,[STARTED],false,true,1,1,88669032,
1431965948267,com.google.android.music.dial.DialMediaRouteProviderService,com.google.android.music:main,10073,0,57202,[],false,true,0,0,57212,
1431965948267,ch.unige.css.services.PingService,ch.unige.ping,10149,1632,89693811,[STARTED],false,true,0,0,89693822,
1431965948267,com.google.android.search.core.service.BroadcastListenerService,com.google.android.googlequicksearchbox:search,10026,9047,75471,[STARTED],false,true,0,0,85120070,
1431965948267,com.android.systemui.keyguard.KeyguardService,com.android.systemui,10014,930,44352,[PERSISTENT],false,false,2,2,68066,
1431965948267,openiab.StoreService,cm.aptoide.pt,10148,0,54787,[],false,true,0,0,54797,
1431965948267,ch.unige.css.services.main.CssRegistryService,ch.unige.ping:background,10149,9975,85196929,[STARTED],false,true,0,0,85196940,
1431965948267,com.google.android.finsky.billing.iab.InAppBillingService,com.android.vending,10024,19124,87110131,[],false,true,1,1,87110142,
1431965948267,org.cyanogenmod.audiofx.HeadsetService,org.cyanogenmod.audiofx,10000,1289,67364,"[PERSISTENT,STARTED]",false,true,0,0,67374,
1431966008358,com.android.bluetooth.hid.HidService,com.android.bluetooth,1002,0,49150,[],false,true,0,0,49160,
1431966008358,com.cleanmaster.service.PermanentService,com.cleanmaster.mguard:service,10138,17133,94138,[STARTED],false,true,1,1,88669032,
1431966008358,com.google.android.music.dial.DialMediaRouteProviderService,com.google.android.music:main,10073,0,57202,[],false,true,0,0,57212,
1431966008358,ch.unige.css.services.PingService,ch.unige.ping,10149,1632,89753895,[STARTED],false,true,0,0,89753906,
1431966008358,com.google.android.search.core.service.BroadcastListenerService,com.google.android.googlequicksearchbox:search,10026,9047,75471,[STARTED],false,true,0,0,85120070,
1431966008358,com.android.systemui.keyguard.KeyguardService,com.android.systemui,10014,930,44352,[PERSISTENT],false,false,2,2,68066,
1431966008358,openiab.StoreService,cm.aptoide.pt,10148,0,54787,[],false,true,0,0,54797,
1431966008358,ch.unige.css.services.main.CssRegistryService,ch.unige.ping:background,10149,9975,85196929,[STARTED],false,true,0,0,85196940,
1431966008358,com.google.android.finsky.billing.iab.InAppBillingService,com.android.vending,10024,19124,87110131,[],false,true,1,1,87110142,
1431966008358,org.cyanogenmod.audiofx.HeadsetService,org.cyanogenmod.audiofx,10000,1289,67364,"[PERSISTENT,STARTED]",false,true,0,0,67374,
1431966068433,com.android.bluetooth.hid.HidService,com.android.bluetooth,1002,0,49150,[],false,true,0,0,49160,
1431966068433,com.cleanmaster.service.PermanentService,com.cleanmaster.mguard:service,10138,17133,94138,[STARTED],false,true,1,1,88669032,
1431966068433,com.google.android.music.dial.DialMediaRouteProviderService,com.google.android.music:main,10073,0,57202,[],false,true,0,0,57212,
1431966068433,ch.unige.css.services.PingService,ch.unige.ping,10149,1632,89813972,[STARTED],false,true,0,0,89813984,
1431966068433,com.google.android.search.core.service.BroadcastListenerService,com.google.android.googlequicksearchbox:search,10026,9047,75471,[STARTED],false,true,0,0,85120070,
1431966068433,com.android.systemui.keyguard.KeyguardService,com.android.systemui,10014,930,44352,[PERSISTENT],false,false,2,2,68066,
1431966068433,openiab.StoreService,cm.aptoide.pt,10148,0,54787,[],false,true,0,0,54797,
1431966068433,ch.unige.css.services.main.CssRegistryService,ch.unige.ping:background,10149,9975,85196929,[STARTED],false,true,0,0,85196940,
1431966068433,com.google.android.finsky.billing.iab.InAppBillingService,com.android.vending,10024,19124,87110131,[],false,true,1,1,87110142,
1431966068433,org.cyanogenmod.audiofx.HeadsetService,org.cyanogenmod.audiofx,10000,1289,67364,"[PERSISTENT,STARTED]",false,true,0,0,67374,
1431966128501,com.android.bluetooth.hid.HidService,com.android.bluetooth,1002,0,49150,[],false,true,0,0,49160,
1431966128501,com.cleanmaster.service.PermanentService,com.cleanmaster.mguard:service,10138,17133,94138,[STARTED],false,true,1,1,88669032,
1431966128501,com.google.android.music.dial.DialMediaRouteProviderService,com.google.android.music:main,10073,0,57202,[],false,true,0,0,57212,
1431966128501,ch.unige.css.services.PingService,ch.unige.ping,10149,1632,89874048,[STARTED],false,true,0,0,89874059,
1431966128501,com.google.android.search.core.service.BroadcastListenerService,com.google.android.googlequicksearchbox:search,10026,9047,75471,[STARTED],false,true,0,0,85120070,
1431966128501,com.android.systemui.keyguard.KeyguardService,com.android.systemui,10014,930,44352,[PERSISTENT],false,false,2,2,68066,
1431966128501,openiab.StoreService,cm.aptoide.pt,10148,0,54787,[],false,true,0,0,54797,
1431966128501,ch.unige.css.services.main.CssRegistryService,ch.unige.ping:background,10149,9975,85196929,[STARTED],false,true,0,0,85196940,
1431966128501,com.google.android.finsky.billing.iab.InAppBillingService,com.android.vending,10024,19124,87110131,[],false,true,1,1,87110142,
1431966128501,org.cyanogenmod.audiofx.HeadsetService,org.cyanogenmod.audiofx,10000,1289,67364,"[PERSISTENT,STARTED]",false,true,0,0,67374,
1431966188654,com.android.bluetooth.hid.HidService,com.android.bluetooth,1002,0,49150,[],false,true,0,0,49160,
1431966188654,com.cleanmaster.service.PermanentService,com.cleanmaster.mguard:service,10138,17133,94138,[STARTED],false,true,1,1,88669032,
1431966188654,com.google.android.music.dial.DialMediaRouteProviderService,com.google.android.music:main,10073,0,57202,[],false,true,0,0,57212,
1431966188654,ch.unige.css.services.PingService,ch.unige.ping,10149,1632,89934160,[STARTED],false,true,0,0,89934171,
1431966188654,com.google.android.search.core.service.BroadcastListenerService,com.google.android.googlequicksearchbox:search,10026,9047,75471,[STARTED],false,true,0,0,85120070,
1431966188654,com.android.systemui.keyguard.KeyguardService,com.android.systemui,10014,930,44352,[PERSISTENT],false,false,2,2,68066,
1431966188654,openiab.StoreService,cm.aptoide.pt,10148,0,54787,[],false,true,0,0,54797,
1431966188654,ch.unige.css.services.main.CssRegistryService,ch.unige.ping:background,10149,9975,85196929,[STARTED],false,true,0,0,85196940,
1431966188654,com.google.android.finsky.billing.iab.InAppBillingService,com.android.vending,10024,19124,87110131,[],false,true,1,1,87110142,
1431966188654,org.cyanogenmod.audiofx.HeadsetService,org.cyanogenmod.audiofx,10000,1289,67364,"[PERSISTENT,STARTED]",false,true,0,0,67374,
1431966248775,com.android.bluetooth.hid.HidService,com.android.bluetooth,1002,0,49150,[],false,true,0,0,49160,
1431966248775,com.cleanmaster.service.PermanentService,com.cleanmaster.mguard:service,10138,17133,94138,[STARTED],false,true,1,1,88669032,
1431966248775,com.google.android.music.dial.DialMediaRouteProviderService,com.google.android.music:main,10073,0,57202,[],false,true,0,0,57212,
1431966248775,ch.unige.css.services.PingService,ch.unige.ping,10149,1632,89994340,[STARTED],false,true,0,0,89994351,
1431966248775,com.google.android.search.core.service.BroadcastListenerService,com.google.android.googlequicksearchbox:search,10026,9047,75471,[STARTED],false,true,0,0,85120070,
1431966248775,com.android.systemui.keyguard.KeyguardService,com.android.systemui,10014,930,44352,[PERSISTENT],false,false,2,2,68066,
1431966248775,openiab.StoreService,cm.aptoide.pt,10148,0,54787,[],false,true,0,0,54797,
1431966248775,ch.unige.css.services.main.CssRegistryService,ch.unige.ping:background,10149,9975,85196929,[STARTED],false,true,0,0,85196940,
1431966248775,com.google.android.finsky.billing.iab.InAppBillingService,com.android.vending,10024,19124,87110131,[],false,true,1,1,87110142,
1431966248775,org.cyanogenmod.audiofx.HeadsetService,org.cyanogenmod.audiofx,10000,1289,67364,"[PERSISTENT,STARTED]",false,true,0,0,67374,
1431966308926,com.android.bluetooth.hid.HidService,com.android.bluetooth,1002,0,49150,[],false,true,0,0,49160,
1431966308926,com.cleanmaster.service.PermanentService,com.cleanmaster.mguard:service,10138,17133,94138,[STARTED],false,true,1,1,88669032,
1431966308926,com.google.android.music.dial.DialMediaRouteProviderService,com.google.android.music:main,10073,0,57202,[],false,true,0,0,57212,
1431966308926,ch.unige.css.services.PingService,ch.unige.ping,10149,1632,90054457,[STARTED],false,true,0,0,90054468,
1431966308926,com.google.android.search.core.service.BroadcastListenerService,com.google.android.googlequicksearchbox:search,10026,9047,75471,[STARTED],false,true,0,0,85120070,
1431966308926,com.android.systemui.keyguard.KeyguardService,com.android.systemui,10014,930,44352,[PERSISTENT],false,false,2,2,68066,
1431966308926,openiab.StoreService,cm.aptoide.pt,10148,0,54787,[],false,true,0,0,54797,
1431966308926,ch.unige.css.services.main.CssRegistryService,ch.unige.ping:background,10149,9975,85196929,[STARTED],false,true,0,0,85196940,
1431966308926,com.google.android.finsky.billing.iab.InAppBillingService,com.android.vending,10024,19124,87110131,[],false,true,1,1,87110142,
1431966308926,org.cyanogenmod.audiofx.HeadsetService,org.cyanogenmod.audiofx,10000,1289,67364,"[PERSISTENT,STARTED]",false,true,0,0,67374,
1431966368944,com.android.bluetooth.hid.HidService,com.android.bluetooth,1002,0,49150,[],false,true,0,0,49160,
1431966368944,com.cleanmaster.service.PermanentService,com.cleanmaster.mguard:service,10138,17133,94138,[STARTED],false,true,1,1,88669032,
1431966368944,com.google.android.music.dial.DialMediaRouteProviderService,com.google.android.music:main,10073,0,57202,[],false,true,0,0,57212,
1431966368944,ch.unige.css.services.PingService,ch.unige.ping,10149,1632,90114491,[STARTED],false,true,0,0,90114502,
1431966368944,com.google.android.search.core.service.BroadcastListenerService,com.google.android.googlequicksearchbox:search,10026,9047,75471,[STARTED],false,true,0,0,85120070,
1431966368944,com.android.systemui.keyguard.KeyguardService,com.android.systemui,10014,930,44352,[PERSISTENT],false,false,2,2,68066,
1431966368944,openiab.StoreService,cm.aptoide.pt,10148,0,54787,[],false,true,0,0,54797,
1431966368944,ch.unige.css.services.main.CssRegistryService,ch.unige.ping:background,10149,9975,85196929,[STARTED],false,true,0,0,85196940,
1431966368944,com.google.android.finsky.billing.iab.InAppBillingService,com.android.vending,10024,19124,87110131,[],false,true,1,1,87110142,
1431966368944,org.cyanogenmod.audiofx.HeadsetService,org.cyanogenmod.audiofx,10000,1289,67364,"[PERSISTENT,STARTED]",false,true,0,0,67374,
1431966429097,com.android.bluetooth.hid.HidService,com.android.bluetooth,1002,0,49150,[],false,true,0,0,49160,
1431966429097,com.cleanmaster.service.PermanentService,com.cleanmaster.mguard:service,10138,17133,94138,[STARTED],false,true,1,1,88669032,
1431966429097,com.google.android.music.dial.DialMediaRouteProviderService,com.google.android.music:main,10073,0,57202,[],false,true,0,0,57212,
1431966429097,ch.unige.css.services.PingService,ch.unige.ping,10149,1632,90174545,[STARTED],false,true,0,0,90174556,
1431966429097,com.google.android.search.core.service.BroadcastListenerService,com.google.android.googlequicksearchbox:search,10026,9047,75471,[STARTED],false,true,0,0,85120070,
1431966429097,com.android.systemui.keyguard.KeyguardService,com.android.systemui,10014,930,44352,[PERSISTENT],false,false,2,2,68066,
1431966429097,openiab.StoreService,cm.aptoide.pt,10148,0,54787,[],false,true,0,0,54797,
1431966429097,ch.unige.css.services.main.CssRegistryService,ch.unige.ping:background,10149,9975,85196929,[STARTED],false,true,0,0,85196940,
1431966429097,com.google.android.finsky.billing.iab.InAppBillingService,com.android.vending,10024,19124,87110131,[],false,true,1,1,87110142,
1431966429097,org.cyanogenmod.audiofx.HeadsetService,org.cyanogenmod.audiofx,10000,1289,67364,"[PERSISTENT,STARTED]",false,true,0,0,67374,
1431966489101,com.android.bluetooth.hid.HidService,com.android.bluetooth,1002,0,49150,[],false,true,0,0,49160,
1431966489101,com.cleanmaster.service.PermanentService,com.cleanmaster.mguard:service,10138,17133,94138,[STARTED],false,true,1,1,90195683,
1431966489101,com.google.android.music.dial.DialMediaRouteProviderService,com.google.android.music:main,10073,0,57202,[],false,true,0,0,57212,
1431966489101,ch.unige.css.services.PingService,ch.unige.ping,10149,1632,90234646,[STARTED],false,true,0,0,90234657,
1431966489101,com.google.android.search.core.service.BroadcastListenerService,com.google.android.googlequicksearchbox:search,10026,9047,75471,[STARTED],false,true,0,0,85120070,
1431966489101,com.android.systemui.keyguard.KeyguardService,com.android.systemui,10014,930,44352,[PERSISTENT],false,false,2,2,68066,
1431966489101,openiab.StoreService,cm.aptoide.pt,10148,0,54787,[],false,true,0,0,54797,
1431966489101,ch.unige.css.services.main.CssRegistryService,ch.unige.ping:background,10149,9975,85196929,[STARTED],false,true,0,0,85196940,
1431966489101,com.google.android.finsky.billing.iab.InAppBillingService,com.android.vending,10024,19124,87110131,[],false,true,1,1,87110142,
1431966489101,org.cyanogenmod.audiofx.HeadsetService,org.cyanogenmod.audiofx,10000,1289,67364,"[PERSISTENT,STARTED]",false,true,0,0,67374,
1431966555040,com.android.bluetooth.hid.HidService,com.android.bluetooth,1002,0,49150,[],false,true,0,0,49160,
1431966555040,com.cleanmaster.service.PermanentService,com.cleanmaster.mguard:service,10138,17133,94138,[STARTED],false,true,1,1,90270758,
1431966555040,com.google.android.music.dial.DialMediaRouteProviderService,com.google.android.music:main,10073,0,57202,[],false,true,0,0,57212,
1431966555040,ch.unige.css.services.PingService,ch.unige.ping,10149,1632,90300765,[STARTED],false,true,0,0,90300776,
1431966555040,com.google.android.search.core.service.BroadcastListenerService,com.google.android.googlequicksearchbox:search,10026,9047,75471,[STARTED],false,true,0,0,85120070,
1431966555040,com.android.systemui.keyguard.KeyguardService,com.android.systemui,10014,930,44352,[PERSISTENT],false,false,2,2,68066,
1431966555040,openiab.StoreService,cm.aptoide.pt,10148,0,54787,[],false,true,0,0,54797,
1431966555040,ch.unige.css.services.main.CssRegistryService,ch.unige.ping:background,10149,9975,85196929,[STARTED],false,true,0,0,85196940,
1431966555040,org.cyanogenmod.audiofx.HeadsetService,org.cyanogenmod.audiofx,10000,1289,67364,"[PERSISTENT,STARTED]",false,true,0,0,67374,
1431966555040,com.whatsapp.messaging.MessageService,com.whatsapp,10110,3753,67811,[STARTED],false,true,1,1,89834712,
1431966615122,com.android.bluetooth.hid.HidService,com.android.bluetooth,1002,0,49150,[],false,true,0,0,49160,
1431966615122,com.cleanmaster.service.PermanentService,com.cleanmaster.mguard:service,10138,17133,94138,[STARTED],false,true,1,1,90270758,
1431966615122,com.google.android.music.dial.DialMediaRouteProviderService,com.google.android.music:main,10073,0,57202,[],false,true,0,0,57212,
1431966615122,ch.unige.css.services.PingService,ch.unige.ping,10149,1632,90360883,[STARTED],false,true,0,0,90360894,
1431966615122,com.google.android.search.core.service.BroadcastListenerService,com.google.android.googlequicksearchbox:search,10026,9047,75471,[STARTED],false,true,0,0,85120070,
1431966615122,com.android.systemui.keyguard.KeyguardService,com.android.systemui,10014,930,44352,[PERSISTENT],false,false,2,2,68066,
1431966615122,openiab.StoreService,cm.aptoide.pt,10148,0,54787,[],false,true,0,0,54797,
1431966615122,ch.unige.css.services.main.CssRegistryService,ch.unige.ping:background,10149,9975,85196929,[STARTED],false,true,0,0,85196940,
1431966615122,org.cyanogenmod.audiofx.HeadsetService,org.cyanogenmod.audiofx,10000,1289,67364,"[PERSISTENT,STARTED]",false,true,0,0,67374,
1431966615122,com.whatsapp.messaging.MessageService,com.whatsapp,10110,3753,67811,[STARTED],false,true,1,1,90319847,
1431966675185,com.android.bluetooth.hid.HidService,com.android.bluetooth,1002,0,49150,[],false,true,0,0,49160,
1431966675185,com.cleanmaster.service.PermanentService,com.cleanmaster.mguard:service,10138,17133,94138,[STARTED],false,true,1,1,90270758,
1431966675185,com.google.android.music.dial.DialMediaRouteProviderService,com.google.android.music:main,10073,0,57202,[],false,true,0,0,57212,
1431966675185,ch.unige.css.services.PingService,ch.unige.ping,10149,1632,90420944,[STARTED],false,true,0,0,90420956,
1431966675185,com.google.android.search.core.service.BroadcastListenerService,com.google.android.googlequicksearchbox:search,10026,9047,75471,[STARTED],false,true,0,0,85120070,
1431966675185,com.android.systemui.keyguard.KeyguardService,com.android.systemui,10014,930,44352,[PERSISTENT],false,false,2,2,68066,
1431966675185,openiab.StoreService,cm.aptoide.pt,10148,0,54787,[],false,true,0,0,54797,
1431966675185,ch.unige.css.services.main.CssRegistryService,ch.unige.ping:background,10149,9975,85196929,[STARTED],false,true,0,0,85196940,
1431966675185,org.cyanogenmod.audiofx.HeadsetService,org.cyanogenmod.audiofx,10000,1289,67364,"[PERSISTENT,STARTED]",false,true,0,0,67374,
1431966675185,com.whatsapp.messaging.MessageService,com.whatsapp,10110,3753,67811,[STARTED],false,true,1,1,90319847,
1431966735227,com.android.bluetooth.hid.HidService,com.android.bluetooth,1002,0,49150,[],false,true,0,0,49160,
1431966735227,com.cleanmaster.service.PermanentService,com.cleanmaster.mguard:service,10138,17133,94138,[STARTED],false,true,1,1,90270758,
1431966735227,com.google.android.music.dial.DialMediaRouteProviderService,com.google.android.music:main,10073,0,57202,[],false,true,0,0,57212,
1431966735227,ch.unige.css.services.PingService,ch.unige.ping,10149,1632,90480993,[STARTED],false,true,0,0,90481004,
1431966735227,com.google.android.search.core.service.BroadcastListenerService,com.google.android.googlequicksearchbox:search,10026,9047,75471,[STARTED],false,true,0,0,85120070,
1431966735227,com.android.systemui.keyguard.KeyguardService,com.android.systemui,10014,930,44352,[PERSISTENT],false,false,2,2,68066,
1431966735227,openiab.StoreService,cm.aptoide.pt,10148,0,54787,[],false,true,0,0,54797,
1431966735227,ch.unige.css.services.main.CssRegistryService,ch.unige.ping:background,10149,9975,85196929,[STARTED],false,true,0,0,85196940,
1431966735227,org.cyanogenmod.audiofx.HeadsetService,org.cyanogenmod.audiofx,10000,1289,67364,"[PERSISTENT,STARTED]",false,true,0,0,67374,
1431966735227,com.whatsapp.messaging.MessageService,com.whatsapp,10110,3753,67811,[STARTED],false,true,1,1,90319847,
1431966795288,com.android.bluetooth.hid.HidService,com.android.bluetooth,1002,0,49150,[],false,true,0,0,49160,
1431966795288,com.cleanmaster.service.PermanentService,com.cleanmaster.mguard:service,10138,17133,94138,[STARTED],false,true,1,1,90270758,
1431966795288,com.google.android.music.dial.DialMediaRouteProviderService,com.google.android.music:main,10073,0,57202,[],false,true,0,0,57212,
1431966795288,ch.unige.css.services.PingService,ch.unige.ping,10149,1632,90541040,[STARTED],false,true,0,0,90541051,
1431966795288,com.google.android.search.core.service.BroadcastListenerService,com.google.android.googlequicksearchbox:search,10026,9047,75471,[STARTED],false,true,0,0,85120070,
1431966795288,com.android.systemui.keyguard.KeyguardService,com.android.systemui,10014,930,44352,[PERSISTENT],false,false,2,2,68066,
1431966795288,openiab.StoreService,cm.aptoide.pt,10148,0,54787,[],false,true,0,0,54797,
1431966795288,ch.unige.css.services.main.CssRegistryService,ch.unige.ping:background,10149,9975,85196929,[STARTED],false,true,0,0,85196940,
1431966795288,org.cyanogenmod.audiofx.HeadsetService,org.cyanogenmod.audiofx,10000,1289,67364,"[PERSISTENT,STARTED]",false,true,0,0,67374,
1431966795288,com.whatsapp.messaging.MessageService,com.whatsapp,10110,3753,67811,[STARTED],false,true,1,1,90539845,
1431966855315,com.android.bluetooth.hid.HidService,com.android.bluetooth,1002,0,49150,[],false,true,0,0,49160,
1431966855315,com.cleanmaster.service.PermanentService,com.cleanmaster.mguard:service,10138,17133,94138,[STARTED],false,true,1,1,90270758,
1431966855315,com.google.android.music.dial.DialMediaRouteProviderService,com.google.android.music:main,10073,0,57202,[],false,true,0,0,57212,
1431966855315,ch.unige.css.services.PingService,ch.unige.ping,10149,1632,90601083,[STARTED],false,true,0,0,90601095,
1431966855315,com.google.android.search.core.service.BroadcastListenerService,com.google.android.googlequicksearchbox:search,10026,9047,75471,[STARTED],false,true,0,0,85120070,
1431966855315,com.android.systemui.keyguard.KeyguardService,com.android.systemui,10014,930,44352,[PERSISTENT],false,false,2,2,68066,
1431966855315,openiab.StoreService,cm.aptoide.pt,10148,0,54787,[],false,true,0,0,54797,
1431966855315,ch.unige.css.services.main.CssRegistryService,ch.unige.ping:background,10149,9975,85196929,[STARTED],false,true,0,0,85196940,
1431966855315,org.cyanogenmod.audiofx.HeadsetService,org.cyanogenmod.audiofx,10000,1289,67364,"[PERSISTENT,STARTED]",false,true,0,0,67374,
1431966855315,com.whatsapp.messaging.MessageService,com.whatsapp,10110,3753,67811,[STARTED],false,true,1,1,90554042,
1431966915422,com.android.bluetooth.hid.HidService,com.android.bluetooth,1002,0,49150,[],false,true,0,0,49160,
1431966915422,com.cleanmaster.service.PermanentService,com.cleanmaster.mguard:service,10138,17133,94138,[STARTED],false,true,1,1,90270758,
1431966915422,com.google.android.music.dial.DialMediaRouteProviderService,com.google.android.music:main,10073,0,57202,[],false,true,0,0,57212,
1431966915422,ch.unige.css.services.PingService,ch.unige.ping,10149,1632,90661186,[STARTED],false,true,0,0,90661197,
1431966915422,com.google.android.search.core.service.BroadcastListenerService,com.google.android.googlequicksearchbox:search,10026,9047,75471,[STARTED],false,true,0,0,85120070,
1431966915422,com.android.systemui.keyguard.KeyguardService,com.android.systemui,10014,930,44352,[PERSISTENT],false,false,2,2,68066,
1431966915422,openiab.StoreService,cm.aptoide.pt,10148,0,54787,[],false,true,0,0,54797,
1431966915422,ch.unige.css.services.main.CssRegistryService,ch.unige.ping:background,10149,9975,85196929,[STARTED],false,true,0,0,85196940,
1431966915422,org.cyanogenmod.audiofx.HeadsetService,org.cyanogenmod.audiofx,10000,1289,67364,"[PERSISTENT,STARTED]",false,true,0,0,67374,
1431966915422,com.whatsapp.messaging.MessageService,com.whatsapp,10110,3753,67811,[STARTED],false,true,1,1,90554042,
1431966975483,com.android.bluetooth.hid.HidService,com.android.bluetooth,1002,0,49150,[],false,true,0,0,49160,
1431966975483,com.cleanmaster.service.PermanentService,com.cleanmaster.mguard:service,10138,17133,94138,[STARTED],false,true,1,1,90270758,
1431966975483,com.google.android.music.dial.DialMediaRouteProviderService,com.google.android.music:main,10073,0,57202,[],false,true,0,0,57212,
1431966975483,ch.unige.css.services.PingService,ch.unige.ping,10149,1632,90721246,[STARTED],false,true,0,0,90721258,
1431966975483,com.google.android.search.core.service.BroadcastListenerService,com.google.android.googlequicksearchbox:search,10026,9047,75471,[STARTED],false,true,0,0,85120070,
1431966975483,com.android.systemui.keyguard.KeyguardService,com.android.systemui,10014,930,44352,[PERSISTENT],false,false,2,2,68066,
1431966975483,openiab.StoreService,cm.aptoide.pt,10148,0,54787,[],false,true,0,0,54797,
1431966975483,ch.unige.css.services.main.CssRegistryService,ch.unige.ping:background,10149,9975,85196929,[STARTED],false,true,0,0,85196940,
1431966975483,org.cyanogenmod.audiofx.HeadsetService,org.cyanogenmod.audiofx,10000,1289,67364,"[PERSISTENT,STARTED]",false,true,0,0,67374,
1431966975483,com.whatsapp.messaging.MessageService,com.whatsapp,10110,3753,67811,[STARTED],false,true,1,1,90554042,
1431967035542,com.android.bluetooth.hid.HidService,com.android.bluetooth,1002,0,49150,[],false,true,0,0,49160,
1431967035542,com.cleanmaster.service.PermanentService,com.cleanmaster.mguard:service,10138,17133,94138,[STARTED],false,true,1,1,90270758,
1431967035542,com.google.android.music.dial.DialMediaRouteProviderService,com.google.android.music:main,10073,0,57202,[],false,true,0,0,57212,
1431967035542,ch.unige.css.services.PingService,ch.unige.ping,10149,1632,90781295,[STARTED],false,true,0,0,90781307,
1431967035542,com.google.android.search.core.service.BroadcastListenerService,com.google.android.googlequicksearchbox:search,10026,9047,75471,[STARTED],false,true,0,0,85120070,
1431967035542,com.android.systemui.keyguard.KeyguardService,com.android.systemui,10014,930,44352,[PERSISTENT],false,false,2,2,68066,
1431967035542,openiab.StoreService,cm.aptoide.pt,10148,0,54787,[],false,true,0,0,54797,
1431967035542,ch.unige.css.services.main.CssRegistryService,ch.unige.ping:background,10149,9975,85196929,[STARTED],false,true,0,0,85196940,
1431967035542,org.cyanogenmod.audiofx.HeadsetService,org.cyanogenmod.audiofx,10000,1289,67364,"[PERSISTENT,STARTED]",false,true,0,0,67374,
1431967035542,com.whatsapp.messaging.MessageService,com.whatsapp,10110,3753,67811,[STARTED],false,true,1,1,90554042,
1431967095851,com.android.bluetooth.hid.HidService,com.android.bluetooth,1002,0,49150,[],false,true,0,0,49160,
1431967095851,com.cleanmaster.service.PermanentService,com.cleanmaster.mguard:service,10138,17133,94138,[STARTED],false,true,1,1,90270758,
1431967095851,com.google.android.music.dial.DialMediaRouteProviderService,com.google.android.music:main,10073,0,57202,[],false,true,0,0,57212,
1431967095851,ch.unige.css.services.PingService,ch.unige.ping,10149,1632,90841402,[STARTED],false,true,0,0,90841413,
1431967095851,com.google.android.search.core.service.BroadcastListenerService,com.google.android.googlequicksearchbox:search,10026,9047,75471,[STARTED],false,true,0,0,85120070,
1431967095851,com.android.systemui.keyguard.KeyguardService,com.android.systemui,10014,930,44352,[PERSISTENT],false,false,2,2,68066,
1431967095851,openiab.StoreService,cm.aptoide.pt,10148,0,54787,[],false,true,0,0,54797,
1431967095851,ch.unige.css.services.main.CssRegistryService,ch.unige.ping:background,10149,9975,85196929,[STARTED],false,true,0,0,85196940,
1431967095851,org.cyanogenmod.audiofx.HeadsetService,org.cyanogenmod.audiofx,10000,1289,67364,"[PERSISTENT,STARTED]",false,true,0,0,67374,
1431967095851,com.whatsapp.messaging.MessageService,com.whatsapp,10110,3753,67811,[STARTED],false,true,1,1,90554042,
1431967155883,com.android.bluetooth.hid.HidService,com.android.bluetooth,1002,0,49150,[],false,true,0,0,49160,
1431967155883,com.cleanmaster.service.PermanentService,com.cleanmaster.mguard:service,10138,17133,94138,[STARTED],false,true,1,1,90270758,
1431967155883,com.google.android.music.dial.DialMediaRouteProviderService,com.google.android.music:main,10073,0,57202,[],false,true,0,0,57212,
1431967155883,ch.unige.css.services.PingService,ch.unige.ping,10149,1632,90901626,[STARTED],false,true,0,0,90901637,
1431967155883,com.google.android.search.core.service.BroadcastListenerService,com.google.android.googlequicksearchbox:search,10026,9047,75471,[STARTED],false,true,0,0,85120070,
1431967155883,com.android.systemui.keyguard.KeyguardService,com.android.systemui,10014,930,44352,[PERSISTENT],false,false,2,2,68066,
1431967155883,openiab.StoreService,cm.aptoide.pt,10148,0,54787,[],false,true,0,0,54797,
1431967155883,ch.unige.css.services.main.CssRegistryService,ch.unige.ping:background,10149,9975,85196929,[STARTED],false,true,0,0,85196940,
1431967155883,org.cyanogenmod.audiofx.HeadsetService,org.cyanogenmod.audiofx,10000,1289,67364,"[PERSISTENT,STARTED]",false,true,0,0,67374,
1431967155883,com.whatsapp.messaging.MessageService,com.whatsapp,10110,3753,67811,[STARTED],false,true,1,1,90554042,
1431967216009,com.android.bluetooth.hid.HidService,com.android.bluetooth,1002,0,49150,[],false,true,0,0,49160,
1431967216009,com.cleanmaster.service.PermanentService,com.cleanmaster.mguard:service,10138,17133,94138,[STARTED],false,true,1,1,90270758,
1431967216009,com.google.android.music.dial.DialMediaRouteProviderService,com.google.android.music:main,10073,0,57202,[],false,true,0,0,57212,
1431967216009,ch.unige.css.services.PingService,ch.unige.ping,10149,1632,90961748,[STARTED],false,true,0,0,90961759,
1431967216009,com.google.android.search.core.service.BroadcastListenerService,com.google.android.googlequicksearchbox:search,10026,9047,75471,[STARTED],false,true,0,0,85120070,
1431967216009,com.android.systemui.keyguard.KeyguardService,com.android.systemui,10014,930,44352,[PERSISTENT],false,false,2,2,68066,
1431967216009,openiab.StoreService,cm.aptoide.pt,10148,0,54787,[],false,true,0,0,54797,
1431967216009,ch.unige.css.services.main.CssRegistryService,ch.unige.ping:background,10149,9975,85196929,[STARTED],false,true,0,0,85196940,
1431967216009,org.cyanogenmod.audiofx.HeadsetService,org.cyanogenmod.audiofx,10000,1289,67364,"[PERSISTENT,STARTED]",false,true,0,0,67374,
1431967216009,com.whatsapp.messaging.MessageService,com.whatsapp,10110,3753,67811,[STARTED],false,true,1,1,90554042,
1431967276029,com.android.bluetooth.hid.HidService,com.android.bluetooth,1002,0,49150,[],false,true,0,0,49160,
1431967276029,com.cleanmaster.service.PermanentService,com.cleanmaster.mguard:service,10138,17133,94138,[STARTED],false,true,1,1,90270758,
1431967276029,com.google.android.music.dial.DialMediaRouteProviderService,com.google.android.music:main,10073,0,57202,[],false,true,0,0,57212,
1431967276029,ch.unige.css.services.PingService,ch.unige.ping,10149,1632,91021798,[STARTED],false,true,0,0,91021809,
1431967276029,com.google.android.search.core.service.BroadcastListenerService,com.google.android.googlequicksearchbox:search,10026,9047,75471,[STARTED],false,true,0,0,85120070,
1431967276029,com.android.systemui.keyguard.KeyguardService,com.android.systemui,10014,930,44352,[PERSISTENT],false,false,2,2,68066,
1431967276029,openiab.StoreService,cm.aptoide.pt,10148,0,54787,[],false,true,0,0,54797,
1431967276029,ch.unige.css.services.main.CssRegistryService,ch.unige.ping:background,10149,9975,85196929,[STARTED],false,true,0,0,85196940,
1431967276029,org.cyanogenmod.audiofx.HeadsetService,org.cyanogenmod.audiofx,10000,1289,67364,"[PERSISTENT,STARTED]",false,true,0,0,67374,
1431967276029,com.whatsapp.messaging.MessageService,com.whatsapp,10110,3753,67811,[STARTED],false,true,1,1,90554042,
1431967338459,com.android.bluetooth.hid.HidService,com.android.bluetooth,1002,0,49150,[],false,true,0,0,49160,
1431967338459,com.cleanmaster.service.PermanentService,com.cleanmaster.mguard:service,10138,17133,94138,[STARTED],false,true,1,1,90270758,
1431967338459,com.google.android.music.dial.DialMediaRouteProviderService,com.google.android.music:main,10073,0,57202,[],false,true,0,0,57212,
1431967338459,ch.unige.css.services.PingService,ch.unige.ping,10149,1632,91084158,[STARTED],false,true,0,0,91084169,
1431967338459,com.google.android.search.core.service.BroadcastListenerService,com.google.android.googlequicksearchbox:search,10026,9047,75471,[STARTED],false,true,0,0,85120070,
1431967338459,com.android.systemui.keyguard.KeyguardService,com.android.systemui,10014,930,44352,[PERSISTENT],false,false,2,2,68066,
1431967338459,openiab.StoreService,cm.aptoide.pt,10148,0,54787,[],false,true,0,0,54797,
1431967338459,ch.unige.css.services.main.CssRegistryService,ch.unige.ping:background,10149,9975,85196929,[STARTED],false,true,0,0,85196940,
1431967338459,org.cyanogenmod.audiofx.HeadsetService,org.cyanogenmod.audiofx,10000,1289,67364,"[PERSISTENT,STARTED]",false,true,0,0,67374,
1431967338459,com.whatsapp.messaging.MessageService,com.whatsapp,10110,3753,67811,[STARTED],false,true,1,1,90554042,
1431967398633,com.android.bluetooth.hid.HidService,com.android.bluetooth,1002,0,49150,[],false,true,0,0,49160,
1431967398633,com.cleanmaster.service.PermanentService,com.cleanmaster.mguard:service,10138,17133,94138,[STARTED],false,true,1,1,90270758,
1431967398633,com.google.android.music.dial.DialMediaRouteProviderService,com.google.android.music:main,10073,0,57202,[],false,true,0,0,57212,
1431967398633,ch.unige.css.services.PingService,ch.unige.ping,10149,1632,91144354,[STARTED],false,true,0,0,91144366,
1431967398633,com.google.android.search.core.service.BroadcastListenerService,com.google.android.googlequicksearchbox:search,10026,9047,75471,[STARTED],false,true,0,0,85120070,
1431967398633,com.android.systemui.keyguard.KeyguardService,com.android.systemui,10014,930,44352,[PERSISTENT],false,false,2,2,68066,
1431967398633,openiab.StoreService,cm.aptoide.pt,10148,0,54787,[],false,true,0,0,54797,
1431967398633,ch.unige.css.services.main.CssRegistryService,ch.unige.ping:background,10149,9975,85196929,[STARTED],false,true,0,0,85196940,
1431967398633,org.cyanogenmod.audiofx.HeadsetService,org.cyanogenmod.audiofx,10000,1289,67364,"[PERSISTENT,STARTED]",false,true,0,0,67374,
1431967398633,com.whatsapp.messaging.MessageService,com.whatsapp,10110,3753,67811,[STARTED],false,true,1,1,90554042,
1431967481887,com.android.bluetooth.hid.HidService,com.android.bluetooth,1002,0,49150,[],false,true,0,0,49160,
1431967481887,com.cleanmaster.service.PermanentService,com.cleanmaster.mguard:service,10138,17133,94138,[STARTED],false,true,1,1,90270758,
1431967481887,com.google.android.music.dial.DialMediaRouteProviderService,com.google.android.music:main,10073,0,57202,[],false,true,0,0,57212,
1431967481887,ch.unige.css.services.PingService,ch.unige.ping,10149,1632,91227615,[STARTED],false,true,0,0,91227627,
1431967481887,com.google.android.search.core.service.BroadcastListenerService,com.google.android.googlequicksearchbox:search,10026,9047,75471,[STARTED],false,true,0,0,85120070,
1431967481887,com.android.systemui.keyguard.KeyguardService,com.android.systemui,10014,930,44352,[PERSISTENT],false,false,2,2,68066,
1431967481887,openiab.StoreService,cm.aptoide.pt,10148,0,54787,[],false,true,0,0,54797,
1431967481887,ch.unige.css.services.main.CssRegistryService,ch.unige.ping:background,10149,9975,85196929,[STARTED],false,true,0,0,85196940,
1431967481887,org.cyanogenmod.audiofx.HeadsetService,org.cyanogenmod.audiofx,10000,1289,67364,"[PERSISTENT,STARTED]",false,true,0,0,67374,
1431967481887,com.whatsapp.messaging.MessageService,com.whatsapp,10110,3753,67811,[STARTED],false,true,1,1,90554042,
1431967541946,com.android.bluetooth.hid.HidService,com.android.bluetooth,1002,0,49150,[],false,true,0,0,49160,
1431967541946,com.cleanmaster.service.PermanentService,com.cleanmaster.mguard:service,10138,17133,94138,[STARTED],false,true,1,1,90270758,
1431967541946,com.google.android.music.dial.DialMediaRouteProviderService,com.google.android.music:main,10073,0,57202,[],false,true,0,0,57212,
1431967541946,ch.unige.css.services.PingService,ch.unige.ping,10149,1632,91287692,[STARTED],false,true,0,0,91287703,
1431967541946,com.google.android.search.core.service.BroadcastListenerService,com.google.android.googlequicksearchbox:search,10026,9047,75471,[STARTED],false,true,0,0,85120070,
1431967541946,com.android.systemui.keyguard.KeyguardService,com.android.systemui,10014,930,44352,[PERSISTENT],false,false,2,2,68066,
1431967541946,openiab.StoreService,cm.aptoide.pt,10148,0,54787,[],false,true,0,0,54797,
1431967541946,ch.unige.css.services.main.CssRegistryService,ch.unige.ping:background,10149,9975,85196929,[STARTED],false,true,0,0,85196940,
1431967541946,org.cyanogenmod.audiofx.HeadsetService,org.cyanogenmod.audiofx,10000,1289,67364,"[PERSISTENT,STARTED]",false,true,0,0,67374,
1431967541946,com.whatsapp.messaging.MessageService,com.whatsapp,10110,3753,67811,[STARTED],false,true,1,1,90554042,
1431967604294,com.android.bluetooth.hid.HidService,com.android.bluetooth,1002,0,49150,[],false,true,0,0,49160,
1431967604294,com.cleanmaster.service.PermanentService,com.cleanmaster.mguard:service,10138,17133,94138,[STARTED],false,true,1,1,90270758,
1431967604294,com.google.android.music.dial.DialMediaRouteProviderService,com.google.android.music:main,10073,0,57202,[],false,true,0,0,57212,
1431967604294,ch.unige.css.services.PingService,ch.unige.ping,10149,1632,91350043,[STARTED],false,true,0,0,91350054,
1431967604294,com.google.android.search.core.service.BroadcastListenerService,com.google.android.googlequicksearchbox:search,10026,9047,75471,[STARTED],false,true,0,0,85120070,
1431967604294,com.android.systemui.keyguard.KeyguardService,com.android.systemui,10014,930,44352,[PERSISTENT],false,false,2,2,68066,
1431967604294,openiab.StoreService,cm.aptoide.pt,10148,0,54787,[],false,true,0,0,54797,
1431967604294,ch.unige.css.services.main.CssRegistryService,ch.unige.ping:background,10149,9975,85196929,[STARTED],false,true,0,0,85196940,
1431967604294,org.cyanogenmod.audiofx.HeadsetService,org.cyanogenmod.audiofx,10000,1289,67364,"[PERSISTENT,STARTED]",false,true,0,0,67374,
1431967604294,com.whatsapp.messaging.MessageService,com.whatsapp,10110,3753,67811,[STARTED],false,true,1,1,90554042,
1431967664340,com.android.bluetooth.hid.HidService,com.android.bluetooth,1002,0,49150,[],false,true,0,0,49160,
1431967664340,com.cleanmaster.service.PermanentService,com.cleanmaster.mguard:service,10138,17133,94138,[STARTED],false,true,1,1,90270758,
1431967664340,com.google.android.music.dial.DialMediaRouteProviderService,com.google.android.music:main,10073,0,57202,[],false,true,0,0,57212,
1431967664340,ch.unige.css.services.PingService,ch.unige.ping,10149,1632,91410085,[STARTED],false,true,0,0,91410096,
1431967664340,com.google.android.search.core.service.BroadcastListenerService,com.google.android.googlequicksearchbox:search,10026,9047,75471,[STARTED],false,true,0,0,85120070,
1431967664340,com.android.systemui.keyguard.KeyguardService,com.android.systemui,10014,930,44352,[PERSISTENT],false,false,2,2,68066,
1431967664340,openiab.StoreService,cm.aptoide.pt,10148,0,54787,[],false,true,0,0,54797,
1431967664340,ch.unige.css.services.main.CssRegistryService,ch.unige.ping:background,10149,9975,85196929,[STARTED],false,true,0,0,85196940,
1431967664340,org.cyanogenmod.audiofx.HeadsetService,org.cyanogenmod.audiofx,10000,1289,67364,"[PERSISTENT,STARTED]",false,true,0,0,67374,
1431967664340,com.whatsapp.messaging.MessageService,com.whatsapp,10110,3753,67811,[STARTED],false,true,1,1,90554042,
1431967724430,com.android.bluetooth.hid.HidService,com.android.bluetooth,1002,0,49150,[],false,true,0,0,49160,
1431967724430,com.cleanmaster.service.PermanentService,com.cleanmaster.mguard:service,10138,17133,94138,[STARTED],false,true,1,1,90270758,
1431967724430,com.google.android.music.dial.DialMediaRouteProviderService,com.google.android.music:main,10073,0,57202,[],false,true,0,0,57212,
1431967724430,ch.unige.css.services.PingService,ch.unige.ping,10149,1632,91470146,[STARTED],false,true,0,0,91470157,
1431967724430,com.google.android.search.core.service.BroadcastListenerService,com.google.android.googlequicksearchbox:search,10026,9047,75471,[STARTED],false,true,0,0,85120070,
1431967724430,com.android.systemui.keyguard.KeyguardService,com.android.systemui,10014,930,44352,[PERSISTENT],false,false,2,2,68066,
1431967724430,openiab.StoreService,cm.aptoide.pt,10148,0,54787,[],false,true,0,0,54797,
1431967724430,ch.unige.css.services.main.CssRegistryService,ch.unige.ping:background,10149,9975,85196929,[STARTED],false,true,0,0,85196940,
1431967724430,org.cyanogenmod.audiofx.HeadsetService,org.cyanogenmod.audiofx,10000,1289,67364,"[PERSISTENT,STARTED]",false,true,0,0,67374,
1431967724430,com.whatsapp.messaging.MessageService,com.whatsapp,10110,3753,67811,[STARTED],false,true,1,1,90554042,
1431967784530,com.android.bluetooth.hid.HidService,com.android.bluetooth,1002,0,49150,[],false,true,0,0,49160,
1431967784530,com.cleanmaster.service.PermanentService,com.cleanmaster.mguard:service,10138,17133,94138,[STARTED],false,true,1,1,90270758,
1431967784530,com.google.android.music.dial.DialMediaRouteProviderService,com.google.android.music:main,10073,0,57202,[],false,true,0,0,57212,
1431967784530,ch.unige.css.services.PingService,ch.unige.ping,10149,1632,91530297,[STARTED],false,true,0,0,91530308,
1431967784530,com.google.android.search.core.service.BroadcastListenerService,com.google.android.googlequicksearchbox:search,10026,9047,75471,[STARTED],false,true,0,0,85120070,
1431967784530,com.android.systemui.keyguard.KeyguardService,com.android.systemui,10014,930,44352,[PERSISTENT],false,false,2,2,68066,
1431967784530,openiab.StoreService,cm.aptoide.pt,10148,0,54787,[],false,true,0,0,54797,
1431967784530,ch.unige.css.services.main.CssRegistryService,ch.unige.ping:background,10149,9975,85196929,[STARTED],false,true,0,0,85196940,
1431967784530,org.cyanogenmod.audiofx.HeadsetService,org.cyanogenmod.audiofx,10000,1289,67364,"[PERSISTENT,STARTED]",false,true,0,0,67374,
1431967784530,com.whatsapp.messaging.MessageService,com.whatsapp,10110,3753,67811,[STARTED],false,true,1,1,90554042,
1431967844587,com.android.bluetooth.hid.HidService,com.android.bluetooth,1002,0,49150,[],false,true,0,0,49160,
1431967844587,com.cleanmaster.service.PermanentService,com.cleanmaster.mguard:service,10138,17133,94138,[STARTED],false,true,1,1,91570548,
1431967844587,com.google.android.music.dial.DialMediaRouteProviderService,com.google.android.music:main,10073,0,57202,[],false,true,0,0,57212,
1431967844587,ch.unige.css.services.PingService,ch.unige.ping,10149,1632,91590349,[STARTED],false,true,0,0,91590360,
1431967844587,com.google.android.search.core.service.BroadcastListenerService,com.google.android.googlequicksearchbox:search,10026,9047,75471,[STARTED],false,true,0,0,85120070,
1431967844587,com.android.systemui.keyguard.KeyguardService,com.android.systemui,10014,930,44352,[PERSISTENT],false,false,2,2,68066,
1431967844587,openiab.StoreService,cm.aptoide.pt,10148,0,54787,[],false,true,0,0,54797,
1431967844587,ch.unige.css.services.main.CssRegistryService,ch.unige.ping:background,10149,9975,85196929,[STARTED],false,true,0,0,85196940,
1431967844587,com.google.android.finsky.billing.iab.InAppBillingService,com.android.vending,10024,24677,91571608,[],false,true,1,1,91571619,
1431967844587,org.cyanogenmod.audiofx.HeadsetService,org.cyanogenmod.audiofx,10000,1289,67364,"[PERSISTENT,STARTED]",false,true,0,0,67374,
1431967904852,com.android.bluetooth.hid.HidService,com.android.bluetooth,1002,0,49150,[],false,true,0,0,49160,
1431967904852,com.cleanmaster.service.PermanentService,com.cleanmaster.mguard:service,10138,17133,94138,[STARTED],false,true,1,1,91570548,
1431967904852,com.google.android.music.dial.DialMediaRouteProviderService,com.google.android.music:main,10073,0,57202,[],false,true,0,0,57212,
1431967904852,ch.unige.css.services.PingService,ch.unige.ping,10149,1632,91650595,[STARTED],false,true,0,0,91650606,
1431967904852,com.google.android.search.core.service.BroadcastListenerService,com.google.android.googlequicksearchbox:search,10026,9047,75471,[STARTED],false,true,0,0,85120070,
1431967904852,com.android.systemui.keyguard.KeyguardService,com.android.systemui,10014,930,44352,[PERSISTENT],false,false,2,2,68066,
1431967904852,openiab.StoreService,cm.aptoide.pt,10148,0,54787,[],false,true,0,0,54797,
1431967904852,ch.unige.css.services.main.CssRegistryService,ch.unige.ping:background,10149,9975,85196929,[STARTED],false,true,0,0,85196940,
1431967904852,com.google.android.finsky.billing.iab.InAppBillingService,com.android.vending,10024,24677,91571608,[],false,true,1,1,91571619,
1431967904852,org.cyanogenmod.audiofx.HeadsetService,org.cyanogenmod.audiofx,10000,1289,67364,"[PERSISTENT,STARTED]",false,true,0,0,67374,
1431967935769,com.android.bluetooth.hid.HidService,com.android.bluetooth,1002,0,49150,[],false,true,0,0,49160,
1431967935769,com.cleanmaster.service.PermanentService,com.cleanmaster.mguard:service,10138,17133,94138,[STARTED],false,true,1,1,91664172,
1431967935769,com.google.android.music.dial.DialMediaRouteProviderService,com.google.android.music:main,10073,0,57202,[],false,true,0,0,57212,
1431967935769,ch.unige.css.services.PingService,ch.unige.ping,10149,1632,91681464,[STARTED],false,true,0,0,91681475,
1431967935769,com.google.android.search.core.service.BroadcastListenerService,com.google.android.googlequicksearchbox:search,10026,9047,75471,[STARTED],false,true,0,0,85120070,
1431967935769,com.android.systemui.keyguard.KeyguardService,com.android.systemui,10014,930,44352,[PERSISTENT],false,false,2,2,68066,
1431967935769,openiab.StoreService,cm.aptoide.pt,10148,0,54787,[],false,true,0,0,54797,
1431967935769,ch.unige.css.services.main.CssRegistryService,ch.unige.ping:background,10149,9975,85196929,[STARTED],false,true,0,0,85196940,
1431967935769,com.google.android.finsky.billing.iab.InAppBillingService,com.android.vending,10024,24677,91571608,[],false,true,1,1,91571619,
1431967935769,org.cyanogenmod.audiofx.HeadsetService,org.cyanogenmod.audiofx,10000,1289,67364,"[PERSISTENT,STARTED]",false,true,0,0,67374,
1431967995881,com.android.bluetooth.hid.HidService,com.android.bluetooth,1002,0,49150,[],false,true,0,0,49160,
1431967995881,com.cleanmaster.service.PermanentService,com.cleanmaster.mguard:service,10138,17133,94138,[STARTED],false,true,1,1,91714019,
1431967995881,com.google.android.music.dial.DialMediaRouteProviderService,com.google.android.music:main,10073,0,57202,[],false,true,0,0,57212,
1431967995881,ch.unige.css.services.PingService,ch.unige.ping,10149,1632,91741643,[STARTED],false,true,0,0,91741655,
1431967995881,com.google.android.search.core.service.BroadcastListenerService,com.google.android.googlequicksearchbox:search,10026,9047,75471,[STARTED],false,true,0,0,85120070,
1431967995881,com.android.systemui.keyguard.KeyguardService,com.android.systemui,10014,930,44352,[PERSISTENT],false,false,2,2,68066,
1431967995881,openiab.StoreService,cm.aptoide.pt,10148,0,54787,[],false,true,0,0,54797,
1431967995881,ch.unige.css.services.main.CssRegistryService,ch.unige.ping:background,10149,9975,85196929,[STARTED],false,true,0,0,85196940,
1431967995881,com.google.android.finsky.billing.iab.InAppBillingService,com.android.vending,10024,24677,91571608,[],false,true,1,1,91571619,
1431967995881,org.cyanogenmod.audiofx.HeadsetService,org.cyanogenmod.audiofx,10000,1289,67364,"[PERSISTENT,STARTED]",false,true,0,0,67374,
1431968055968,com.android.bluetooth.hid.HidService,com.android.bluetooth,1002,0,49150,[],false,true,0,0,49160,
1431968055968,com.cleanmaster.service.PermanentService,com.cleanmaster.mguard:service,10138,17133,94138,[STARTED],false,true,1,1,91714019,
1431968055968,com.google.android.music.dial.DialMediaRouteProviderService,com.google.android.music:main,10073,0,57202,[],false,true,0,0,57212,
1431968055968,ch.unige.css.services.PingService,ch.unige.ping,10149,1632,91801735,[STARTED],false,true,0,0,91801747,
1431968055968,com.google.android.search.core.service.BroadcastListenerService,com.google.android.googlequicksearchbox:search,10026,9047,75471,[STARTED],false,true,0,0,85120070,
1431968055968,com.android.systemui.keyguard.KeyguardService,com.android.systemui,10014,930,44352,[PERSISTENT],false,false,2,2,68066,
1431968055968,openiab.StoreService,cm.aptoide.pt,10148,0,54787,[],false,true,0,0,54797,
1431968055968,ch.unige.css.services.main.CssRegistryService,ch.unige.ping:background,10149,9975,85196929,[STARTED],false,true,0,0,85196940,
1431968055968,com.google.android.finsky.billing.iab.InAppBillingService,com.android.vending,10024,24677,91571608,[],false,true,1,1,91571619,
1431968055968,org.cyanogenmod.audiofx.HeadsetService,org.cyanogenmod.audiofx,10000,1289,67364,"[PERSISTENT,STARTED]",false,true,0,0,67374,
1431968116054,com.android.bluetooth.hid.HidService,com.android.bluetooth,1002,0,49150,[],false,true,0,0,49160,
1431968116054,com.cleanmaster.service.PermanentService,com.cleanmaster.mguard:service,10138,17133,94138,[STARTED],false,true,1,1,91714019,
1431968116054,com.google.android.music.dial.DialMediaRouteProviderService,com.google.android.music:main,10073,0,57202,[],false,true,0,0,57212,
1431968116054,ch.unige.css.services.PingService,ch.unige.ping,10149,1632,91861797,[STARTED],false,true,0,0,91861809,
1431968116054,com.google.android.search.core.service.BroadcastListenerService,com.google.android.googlequicksearchbox:search,10026,9047,75471,[STARTED],false,true,0,0,85120070,
1431968116054,com.android.systemui.keyguard.KeyguardService,com.android.systemui,10014,930,44352,[PERSISTENT],false,false,2,2,68066,
1431968116054,openiab.StoreService,cm.aptoide.pt,10148,0,54787,[],false,true,0,0,54797,
1431968116054,ch.unige.css.services.main.CssRegistryService,ch.unige.ping:background,10149,9975,85196929,[STARTED],false,true,0,0,85196940,
1431968116054,com.google.android.finsky.billing.iab.InAppBillingService,com.android.vending,10024,24677,91571608,[],false,true,1,1,91571619,
1431968116054,org.cyanogenmod.audiofx.HeadsetService,org.cyanogenmod.audiofx,10000,1289,67364,"[PERSISTENT,STARTED]",false,true,0,0,67374,
1431968176121,com.android.bluetooth.hid.HidService,com.android.bluetooth,1002,0,49150,[],false,true,0,0,49160,
1431968176121,com.cleanmaster.service.PermanentService,com.cleanmaster.mguard:service,10138,17133,94138,[STARTED],false,true,1,1,91714019,
1431968176121,com.google.android.music.dial.DialMediaRouteProviderService,com.google.android.music:main,10073,0,57202,[],false,true,0,0,57212,
1431968176121,ch.unige.css.services.PingService,ch.unige.ping,10149,1632,91921890,[STARTED],false,true,0,0,91921901,
1431968176121,com.google.android.search.core.service.BroadcastListenerService,com.google.android.googlequicksearchbox:search,10026,9047,75471,[STARTED],false,true,0,0,85120070,
1431968176121,com.android.systemui.keyguard.KeyguardService,com.android.systemui,10014,930,44352,[PERSISTENT],false,false,2,2,68066,
1431968176121,openiab.StoreService,cm.aptoide.pt,10148,0,54787,[],false,true,0,0,54797,
1431968176121,ch.unige.css.services.main.CssRegistryService,ch.unige.ping:background,10149,9975,85196929,[STARTED],false,true,0,0,85196940,
1431968176121,com.google.android.finsky.billing.iab.InAppBillingService,com.android.vending,10024,24677,91571608,[],false,true,1,1,91571619,
1431968176121,org.cyanogenmod.audiofx.HeadsetService,org.cyanogenmod.audiofx,10000,1289,67364,"[PERSISTENT,STARTED]",false,true,0,0,67374,
1431968236234,com.android.bluetooth.hid.HidService,com.android.bluetooth,1002,0,49150,[],false,true,0,0,49160,
1431968236234,com.cleanmaster.service.PermanentService,com.cleanmaster.mguard:service,10138,17133,94138,[STARTED],false,true,1,1,91714019,
1431968236234,com.google.android.music.dial.DialMediaRouteProviderService,com.google.android.music:main,10073,0,57202,[],false,true,0,0,57212,
1431968236234,ch.unige.css.services.PingService,ch.unige.ping,10149,1632,91981995,[STARTED],false,true,0,0,91982006,
1431968236234,com.google.android.search.core.service.BroadcastListenerService,com.google.android.googlequicksearchbox:search,10026,9047,75471,[STARTED],false,true,0,0,85120070,
1431968236234,com.android.systemui.keyguard.KeyguardService,com.android.systemui,10014,930,44352,[PERSISTENT],false,false,2,2,68066,
1431968236234,openiab.StoreService,cm.aptoide.pt,10148,0,54787,[],false,true,0,0,54797,
1431968236234,ch.unige.css.services.main.CssRegistryService,ch.unige.ping:background,10149,9975,85196929,[STARTED],false,true,0,0,85196940,
1431968236234,com.google.android.finsky.billing.iab.InAppBillingService,com.android.vending,10024,24677,91571608,[],false,true,1,1,91571619,
1431968236234,org.cyanogenmod.audiofx.HeadsetService,org.cyanogenmod.audiofx,10000,1289,67364,"[PERSISTENT,STARTED]",false,true,0,0,67374,
1431968296304,com.android.bluetooth.hid.HidService,com.android.bluetooth,1002,0,49150,[],false,true,0,0,49160,
1431968296304,com.cleanmaster.service.PermanentService,com.cleanmaster.mguard:service,10138,17133,94138,[STARTED],false,true,1,1,91714019,
1431968296304,com.google.android.music.dial.DialMediaRouteProviderService,com.google.android.music:main,10073,0,57202,[],false,true,0,0,57212,
1431968296304,ch.unige.css.services.PingService,ch.unige.ping,10149,1632,92042055,[STARTED],false,true,0,0,92042067,
1431968296304,com.google.android.search.core.service.BroadcastListenerService,com.google.android.googlequicksearchbox:search,10026,9047,75471,[STARTED],false,true,0,0,85120070,
1431968296304,com.android.systemui.keyguard.KeyguardService,com.android.systemui,10014,930,44352,[PERSISTENT],false,false,2,2,68066,
1431968296304,openiab.StoreService,cm.aptoide.pt,10148,0,54787,[],false,true,0,0,54797,
1431968296304,ch.unige.css.services.main.CssRegistryService,ch.unige.ping:background,10149,9975,85196929,[STARTED],false,true,0,0,85196940,
1431968296304,com.google.android.finsky.billing.iab.InAppBillingService,com.android.vending,10024,24677,91571608,[],false,true,1,1,91571619,
1431968296304,org.cyanogenmod.audiofx.HeadsetService,org.cyanogenmod.audiofx,10000,1289,67364,"[PERSISTENT,STARTED]",false,true,0,0,67374,
1431968356478,com.android.bluetooth.hid.HidService,com.android.bluetooth,1002,0,49150,[],false,true,0,0,49160,
1431968356478,com.cleanmaster.service.PermanentService,com.cleanmaster.mguard:service,10138,17133,94138,[STARTED],false,true,1,1,91714019,
1431968356478,com.google.android.music.dial.DialMediaRouteProviderService,com.google.android.music:main,10073,0,57202,[],false,true,0,0,57212,
1431968356478,ch.unige.css.services.PingService,ch.unige.ping,10149,1632,92102140,[STARTED],false,true,0,0,92102152,
1431968356478,com.google.android.search.core.service.BroadcastListenerService,com.google.android.googlequicksearchbox:search,10026,9047,75471,[STARTED],false,true,0,0,85120070,
1431968356478,com.android.systemui.keyguard.KeyguardService,com.android.systemui,10014,930,44352,[PERSISTENT],false,false,2,2,68066,
1431968356478,openiab.StoreService,cm.aptoide.pt,10148,0,54787,[],false,true,0,0,54797,
1431968356478,ch.unige.css.services.main.CssRegistryService,ch.unige.ping:background,10149,9975,85196929,[STARTED],false,true,0,0,85196940,
1431968356478,com.google.android.finsky.billing.iab.InAppBillingService,com.android.vending,10024,24677,91571608,[],false,true,1,1,91571619,
1431968356478,org.cyanogenmod.audiofx.HeadsetService,org.cyanogenmod.audiofx,10000,1289,67364,"[PERSISTENT,STARTED]",false,true,0,0,67374,
1431968416568,com.android.bluetooth.hid.HidService,com.android.bluetooth,1002,0,49150,[],false,true,0,0,49160,
1431968416568,com.cleanmaster.service.PermanentService,com.cleanmaster.mguard:service,10138,17133,94138,[STARTED],false,true,1,1,91714019,
1431968416568,com.google.android.music.dial.DialMediaRouteProviderService,com.google.android.music:main,10073,0,57202,[],false,true,0,0,57212,
1431968416568,ch.unige.css.services.PingService,ch.unige.ping,10149,1632,92162338,[STARTED],false,true,0,0,92162349,
1431968416568,com.google.android.search.core.service.BroadcastListenerService,com.google.android.googlequicksearchbox:search,10026,9047,75471,[STARTED],false,true,0,0,85120070,
1431968416568,com.android.systemui.keyguard.KeyguardService,com.android.systemui,10014,930,44352,[PERSISTENT],false,false,2,2,68066,
1431968416568,openiab.StoreService,cm.aptoide.pt,10148,0,54787,[],false,true,0,0,54797,
1431968416568,ch.unige.css.services.main.CssRegistryService,ch.unige.ping:background,10149,9975,85196929,[STARTED],false,true,0,0,85196940,
1431968416568,com.google.android.finsky.billing.iab.InAppBillingService,com.android.vending,10024,24677,91571608,[],false,true,1,1,91571619,
1431968416568,org.cyanogenmod.audiofx.HeadsetService,org.cyanogenmod.audiofx,10000,1289,67364,"[PERSISTENT,STARTED]",false,true,0,0,67374,
1431968476664,com.android.bluetooth.hid.HidService,com.android.bluetooth,1002,0,49150,[],false,true,0,0,49160,
1431968476664,com.cleanmaster.service.PermanentService,com.cleanmaster.mguard:service,10138,17133,94138,[STARTED],false,true,1,1,91714019,
1431968476664,com.google.android.music.dial.DialMediaRouteProviderService,com.google.android.music:main,10073,0,57202,[],false,true,0,0,57212,
1431968476664,ch.unige.css.services.PingService,ch.unige.ping,10149,1632,92222423,[STARTED],false,true,0,0,92222434,
1431968476664,com.google.android.search.core.service.BroadcastListenerService,com.google.android.googlequicksearchbox:search,10026,9047,75471,[STARTED],false,true,0,0,85120070,
1431968476664,com.android.systemui.keyguard.KeyguardService,com.android.systemui,10014,930,44352,[PERSISTENT],false,false,2,2,68066,
1431968476664,openiab.StoreService,cm.aptoide.pt,10148,0,54787,[],false,true,0,0,54797,
1431968476664,ch.unige.css.services.main.CssRegistryService,ch.unige.ping:background,10149,9975,85196929,[STARTED],false,true,0,0,85196940,
1431968476664,com.google.android.finsky.billing.iab.InAppBillingService,com.android.vending,10024,24677,91571608,[],false,true,1,1,91571619,
1431968476664,org.cyanogenmod.audiofx.HeadsetService,org.cyanogenmod.audiofx,10000,1289,67364,"[PERSISTENT,STARTED]",false,true,0,0,67374,
1431968536701,com.android.bluetooth.hid.HidService,com.android.bluetooth,1002,0,49150,[],false,true,0,0,49160,
1431968536701,com.cleanmaster.service.PermanentService,com.cleanmaster.mguard:service,10138,17133,94138,[STARTED],false,true,1,1,91714019,
1431968536701,com.google.android.music.dial.DialMediaRouteProviderService,com.google.android.music:main,10073,0,57202,[],false,true,0,0,57212,
1431968536701,ch.unige.css.services.PingService,ch.unige.ping,10149,1632,92282453,[STARTED],false,true,0,0,92282464,
1431968536701,com.google.android.search.core.service.BroadcastListenerService,com.google.android.googlequicksearchbox:search,10026,9047,75471,[STARTED],false,true,0,0,85120070,
1431968536701,com.android.systemui.keyguard.KeyguardService,com.android.systemui,10014,930,44352,[PERSISTENT],false,false,2,2,68066,
1431968536701,openiab.StoreService,cm.aptoide.pt,10148,0,54787,[],false,true,0,0,54797,
1431968536701,ch.unige.css.services.main.CssRegistryService,ch.unige.ping:background,10149,9975,85196929,[STARTED],false,true,0,0,85196940,
1431968536701,com.google.android.finsky.billing.iab.InAppBillingService,com.android.vending,10024,24677,91571608,[],false,true,1,1,91571619,
1431968536701,org.cyanogenmod.audiofx.HeadsetService,org.cyanogenmod.audiofx,10000,1289,67364,"[PERSISTENT,STARTED]",false,true,0,0,67374,
1431968596778,com.android.bluetooth.hid.HidService,com.android.bluetooth,1002,0,49150,[],false,true,0,0,49160,
1431968596778,com.cleanmaster.service.PermanentService,com.cleanmaster.mguard:service,10138,17133,94138,[STARTED],false,true,1,1,91714019,
1431968596778,com.google.android.music.dial.DialMediaRouteProviderService,com.google.android.music:main,10073,0,57202,[],false,true,0,0,57212,
1431968596778,ch.unige.css.services.PingService,ch.unige.ping,10149,1632,92342538,[STARTED],false,true,0,0,92342549,
1431968596778,com.google.android.search.core.service.BroadcastListenerService,com.google.android.googlequicksearchbox:search,10026,9047,75471,[STARTED],false,true,0,0,85120070,
1431968596778,com.android.systemui.keyguard.KeyguardService,com.android.systemui,10014,930,44352,[PERSISTENT],false,false,2,2,68066,
1431968596778,openiab.StoreService,cm.aptoide.pt,10148,0,54787,[],false,true,0,0,54797,
1431968596778,ch.unige.css.services.main.CssRegistryService,ch.unige.ping:background,10149,9975,85196929,[STARTED],false,true,0,0,85196940,
1431968596778,com.google.android.finsky.billing.iab.InAppBillingService,com.android.vending,10024,24677,91571608,[],false,true,1,1,91571619,
1431968596778,org.cyanogenmod.audiofx.HeadsetService,org.cyanogenmod.audiofx,10000,1289,67364,"[PERSISTENT,STARTED]",false,true,0,0,67374,
1431968656780,com.android.bluetooth.hid.HidService,com.android.bluetooth,1002,0,49150,[],false,true,0,0,49160,
1431968656780,com.cleanmaster.service.PermanentService,com.cleanmaster.mguard:service,10138,17133,94138,[STARTED],false,true,1,1,91714019,
1431968656780,com.google.android.music.dial.DialMediaRouteProviderService,com.google.android.music:main,10073,0,57202,[],false,true,0,0,57212,
1431968656780,ch.unige.css.services.PingService,ch.unige.ping,10149,1632,92402571,[STARTED],false,true,0,0,92402582,
1431968656780,com.google.android.search.core.service.BroadcastListenerService,com.google.android.googlequicksearchbox:search,10026,9047,75471,[STARTED],false,true,0,0,85120070,
1431968656780,com.android.systemui.keyguard.KeyguardService,com.android.systemui,10014,930,44352,[PERSISTENT],false,false,2,2,68066,
1431968656780,openiab.StoreService,cm.aptoide.pt,10148,0,54787,[],false,true,0,0,54797,
1431968656780,ch.unige.css.services.main.CssRegistryService,ch.unige.ping:background,10149,9975,85196929,[STARTED],false,true,0,0,85196940,
1431968656780,com.google.android.finsky.billing.iab.InAppBillingService,com.android.vending,10024,24677,91571608,[],false,true,1,1,91571619,
1431968656780,org.cyanogenmod.audiofx.HeadsetService,org.cyanogenmod.audiofx,10000,1289,67364,"[PERSISTENT,STARTED]",false,true,0,0,67374,
1431968716975,com.android.bluetooth.hid.HidService,com.android.bluetooth,1002,0,49150,[],false,true,0,0,49160,
1431968716975,com.cleanmaster.service.PermanentService,com.cleanmaster.mguard:service,10138,17133,94138,[STARTED],false,true,1,1,91714019,
1431968716975,com.google.android.music.dial.DialMediaRouteProviderService,com.google.android.music:main,10073,0,57202,[],false,true,0,0,57212,
1431968716975,ch.unige.css.services.PingService,ch.unige.ping,10149,1632,92462640,[STARTED],false,true,0,0,92462651,
1431968716975,com.google.android.search.core.service.BroadcastListenerService,com.google.android.googlequicksearchbox:search,10026,9047,75471,[STARTED],false,true,0,0,85120070,
1431968716975,com.android.systemui.keyguard.KeyguardService,com.android.systemui,10014,930,44352,[PERSISTENT],false,false,2,2,68066,
1431968716975,openiab.StoreService,cm.aptoide.pt,10148,0,54787,[],false,true,0,0,54797,
1431968716975,ch.unige.css.services.main.CssRegistryService,ch.unige.ping:background,10149,9975,85196929,[STARTED],false,true,0,0,85196940,
1431968716975,com.google.android.finsky.billing.iab.InAppBillingService,com.android.vending,10024,24677,91571608,[],false,true,1,1,91571619,
1431968716975,org.cyanogenmod.audiofx.HeadsetService,org.cyanogenmod.audiofx,10000,1289,67364,"[PERSISTENT,STARTED]",false,true,0,0,67374,
1431968776964,com.android.bluetooth.hid.HidService,com.android.bluetooth,1002,0,49150,[],false,true,0,0,49160,
1431968776964,com.cleanmaster.service.PermanentService,com.cleanmaster.mguard:service,10138,17133,94138,[STARTED],false,true,1,1,91714019,
1431968776964,com.google.android.music.dial.DialMediaRouteProviderService,com.google.android.music:main,10073,0,57202,[],false,true,0,0,57212,
1431968776964,ch.unige.css.services.PingService,ch.unige.ping,10149,1632,92522733,[STARTED],false,true,0,0,92522744,
1431968776964,com.google.android.search.core.service.BroadcastListenerService,com.google.android.googlequicksearchbox:search,10026,9047,75471,[STARTED],false,true,0,0,85120070,
1431968776964,com.android.systemui.keyguard.KeyguardService,com.android.systemui,10014,930,44352,[PERSISTENT],false,false,2,2,68066,
1431968776964,openiab.StoreService,cm.aptoide.pt,10148,0,54787,[],false,true,0,0,54797,
1431968776964,ch.unige.css.services.main.CssRegistryService,ch.unige.ping:background,10149,9975,85196929,[STARTED],false,true,0,0,85196940,
1431968776964,com.google.android.finsky.billing.iab.InAppBillingService,com.android.vending,10024,24677,91571608,[],false,true,1,1,91571619,
1431968776964,org.cyanogenmod.audiofx.HeadsetService,org.cyanogenmod.audiofx,10000,1289,67364,"[PERSISTENT,STARTED]",false,true,0,0,67374,
1431968837051,com.android.bluetooth.hid.HidService,com.android.bluetooth,1002,0,49150,[],false,true,0,0,49160,
1431968837051,com.cleanmaster.service.PermanentService,com.cleanmaster.mguard:service,10138,17133,94138,[STARTED],false,true,1,1,91714019,
1431968837051,com.google.android.music.dial.DialMediaRouteProviderService,com.google.android.music:main,10073,0,57202,[],false,true,0,0,57212,
1431968837051,ch.unige.css.services.PingService,ch.unige.ping,10149,1632,92582805,[STARTED],false,true,0,0,92582817,
1431968837051,com.google.android.search.core.service.BroadcastListenerService,com.google.android.googlequicksearchbox:search,10026,9047,75471,[STARTED],false,true,0,0,85120070,
1431968837051,com.android.systemui.keyguard.KeyguardService,com.android.systemui,10014,930,44352,[PERSISTENT],false,false,2,2,68066,
1431968837051,openiab.StoreService,cm.aptoide.pt,10148,0,54787,[],false,true,0,0,54797,
1431968837051,ch.unige.css.services.main.CssRegistryService,ch.unige.ping:background,10149,9975,85196929,[STARTED],false,true,0,0,85196940,
1431968837051,com.google.android.finsky.billing.iab.InAppBillingService,com.android.vending,10024,24677,91571608,[],false,true,1,1,91571619,
1431968837051,org.cyanogenmod.audiofx.HeadsetService,org.cyanogenmod.audiofx,10000,1289,67364,"[PERSISTENT,STARTED]",false,true,0,0,67374,
1431968897239,com.android.bluetooth.hid.HidService,com.android.bluetooth,1002,0,49150,[],false,true,0,0,49160,
1431968897239,com.cleanmaster.service.PermanentService,com.cleanmaster.mguard:service,10138,17133,94138,[STARTED],false,true,1,1,91714019,
1431968897239,com.google.android.music.dial.DialMediaRouteProviderService,com.google.android.music:main,10073,0,57202,[],false,true,0,0,57212,
1431968897239,ch.unige.css.services.PingService,ch.unige.ping,10149,1632,92642894,[STARTED],false,true,0,0,92642905,
1431968897239,com.google.android.search.core.service.BroadcastListenerService,com.google.android.googlequicksearchbox:search,10026,9047,75471,[STARTED],false,true,0,0,85120070,
1431968897239,com.android.systemui.keyguard.KeyguardService,com.android.systemui,10014,930,44352,[PERSISTENT],false,false,2,2,68066,
1431968897239,openiab.StoreService,cm.aptoide.pt,10148,0,54787,[],false,true,0,0,54797,
1431968897239,ch.unige.css.services.main.CssRegistryService,ch.unige.ping:background,10149,9975,85196929,[STARTED],false,true,0,0,85196940,
1431968897239,com.google.android.finsky.billing.iab.InAppBillingService,com.android.vending,10024,24677,91571608,[],false,true,1,1,91571619,
1431968897239,org.cyanogenmod.audiofx.HeadsetService,org.cyanogenmod.audiofx,10000,1289,67364,"[PERSISTENT,STARTED]",false,true,0,0,67374,
1431968957245,com.android.bluetooth.hid.HidService,com.android.bluetooth,1002,0,49150,[],false,true,0,0,49160,
1431968957245,com.cleanmaster.service.PermanentService,com.cleanmaster.mguard:service,10138,17133,94138,[STARTED],false,true,1,1,91714019,
1431968957245,com.google.android.music.dial.DialMediaRouteProviderService,com.google.android.music:main,10073,0,57202,[],false,true,0,0,57212,
1431968957245,ch.unige.css.services.PingService,ch.unige.ping,10149,1632,92702995,[STARTED],false,true,0,0,92703007,
1431968957245,com.google.android.search.core.service.BroadcastListenerService,com.google.android.googlequicksearchbox:search,10026,9047,75471,[STARTED],false,true,0,0,85120070,
1431968957245,com.android.systemui.keyguard.KeyguardService,com.android.systemui,10014,930,44352,[PERSISTENT],false,false,2,2,68066,
1431968957245,openiab.StoreService,cm.aptoide.pt,10148,0,54787,[],false,true,0,0,54797,
1431968957245,ch.unige.css.services.main.CssRegistryService,ch.unige.ping:background,10149,9975,85196929,[STARTED],false,true,0,0,85196940,
1431968957245,com.google.android.finsky.billing.iab.InAppBillingService,com.android.vending,10024,24677,91571608,[],false,true,1,1,91571619,
1431968957245,org.cyanogenmod.audiofx.HeadsetService,org.cyanogenmod.audiofx,10000,1289,67364,"[PERSISTENT,STARTED]",false,true,0,0,67374,
1431969017345,com.android.bluetooth.hid.HidService,com.android.bluetooth,1002,0,49150,[],false,true,0,0,49160,
1431969017345,com.cleanmaster.service.PermanentService,com.cleanmaster.mguard:service,10138,17133,94138,[STARTED],false,true,1,1,91714019,
1431969017345,com.google.android.music.dial.DialMediaRouteProviderService,com.google.android.music:main,10073,0,57202,[],false,true,0,0,57212,
1431969017345,ch.unige.css.services.PingService,ch.unige.ping,10149,1632,92763096,[STARTED],false,true,0,0,92763107,
1431969017345,com.google.android.search.core.service.BroadcastListenerService,com.google.android.googlequicksearchbox:search,10026,9047,75471,[STARTED],false,true,0,0,85120070,
1431969017345,com.android.systemui.keyguard.KeyguardService,com.android.systemui,10014,930,44352,[PERSISTENT],false,false,2,2,68066,
1431969017345,openiab.StoreService,cm.aptoide.pt,10148,0,54787,[],false,true,0,0,54797,
1431969017345,ch.unige.css.services.main.CssRegistryService,ch.unige.ping:background,10149,9975,85196929,[STARTED],false,true,0,0,85196940,
1431969017345,com.google.android.finsky.billing.iab.InAppBillingService,com.android.vending,10024,24677,91571608,[],false,true,1,1,91571619,
1431969017345,org.cyanogenmod.audiofx.HeadsetService,org.cyanogenmod.audiofx,10000,1289,67364,"[PERSISTENT,STARTED]",false,true,0,0,67374,
1431969077424,com.android.bluetooth.hid.HidService,com.android.bluetooth,1002,0,49150,[],false,true,0,0,49160,
1431969077424,com.cleanmaster.service.PermanentService,com.cleanmaster.mguard:service,10138,17133,94138,[STARTED],false,true,1,1,91714019,
1431969077424,com.google.android.music.dial.DialMediaRouteProviderService,com.google.android.music:main,10073,0,57202,[],false,true,0,0,57212,
1431969077424,ch.unige.css.services.PingService,ch.unige.ping,10149,1632,92823191,[STARTED],false,true,0,0,92823202,
1431969077424,com.google.android.search.core.service.BroadcastListenerService,com.google.android.googlequicksearchbox:search,10026,9047,75471,[STARTED],false,true,0,0,85120070,
1431969077424,com.android.systemui.keyguard.KeyguardService,com.android.systemui,10014,930,44352,[PERSISTENT],false,false,2,2,68066,
1431969077424,openiab.StoreService,cm.aptoide.pt,10148,0,54787,[],false,true,0,0,54797,
1431969077424,ch.unige.css.services.main.CssRegistryService,ch.unige.ping:background,10149,9975,85196929,[STARTED],false,true,0,0,85196940,
1431969077424,com.google.android.finsky.billing.iab.InAppBillingService,com.android.vending,10024,24677,91571608,[],false,true,1,1,91571619,
1431969077424,org.cyanogenmod.audiofx.HeadsetService,org.cyanogenmod.audiofx,10000,1289,67364,"[PERSISTENT,STARTED]",false,true,0,0,67374,
1431969137439,com.android.bluetooth.hid.HidService,com.android.bluetooth,1002,0,49150,[],false,true,0,0,49160,
1431969137439,com.cleanmaster.service.PermanentService,com.cleanmaster.mguard:service,10138,17133,94138,[STARTED],false,true,1,1,91714019,
1431969137439,com.google.android.music.dial.DialMediaRouteProviderService,com.google.android.music:main,10073,0,57202,[],false,true,0,0,57212,
1431969137439,ch.unige.css.services.PingService,ch.unige.ping,10149,1632,92883210,[STARTED],false,true,0,0,92883222,
1431969137439,com.google.android.search.core.service.BroadcastListenerService,com.google.android.googlequicksearchbox:search,10026,9047,75471,[STARTED],false,true,0,0,85120070,
1431969137439,com.android.systemui.keyguard.KeyguardService,com.android.systemui,10014,930,44352,[PERSISTENT],false,false,2,2,68066,
1431969137439,openiab.StoreService,cm.aptoide.pt,10148,0,54787,[],false,true,0,0,54797,
1431969137439,ch.unige.css.services.main.CssRegistryService,ch.unige.ping:background,10149,9975,85196929,[STARTED],false,true,0,0,85196940,
1431969137439,com.google.android.finsky.billing.iab.InAppBillingService,com.android.vending,10024,24677,91571608,[],false,true,1,1,91571619,
1431969137439,org.cyanogenmod.audiofx.HeadsetService,org.cyanogenmod.audiofx,10000,1289,67364,"[PERSISTENT,STARTED]",false,true,0,0,67374,
1431969197529,com.android.bluetooth.hid.HidService,com.android.bluetooth,1002,0,49150,[],false,true,0,0,49160,
1431969197529,com.cleanmaster.service.PermanentService,com.cleanmaster.mguard:service,10138,17133,94138,[STARTED],false,true,1,1,91714019,
1431969197529,com.google.android.music.dial.DialMediaRouteProviderService,com.google.android.music:main,10073,0,57202,[],false,true,0,0,57212,
1431969197529,ch.unige.css.services.PingService,ch.unige.ping,10149,1632,92943293,[STARTED],false,true,0,0,92943304,
1431969197529,com.google.android.search.core.service.BroadcastListenerService,com.google.android.googlequicksearchbox:search,10026,9047,75471,[STARTED],false,true,0,0,85120070,
1431969197529,com.android.systemui.keyguard.KeyguardService,com.android.systemui,10014,930,44352,[PERSISTENT],false,false,2,2,68066,
1431969197529,openiab.StoreService,cm.aptoide.pt,10148,0,54787,[],false,true,0,0,54797,
1431969197529,ch.unige.css.services.main.CssRegistryService,ch.unige.ping:background,10149,9975,85196929,[STARTED],false,true,0,0,85196940,
1431969197529,com.google.android.finsky.billing.iab.InAppBillingService,com.android.vending,10024,24677,91571608,[],false,true,1,1,91571619,
1431969197529,org.cyanogenmod.audiofx.HeadsetService,org.cyanogenmod.audiofx,10000,1289,67364,"[PERSISTENT,STARTED]",false,true,0,0,67374,
1431969259532,com.android.bluetooth.hid.HidService,com.android.bluetooth,1002,0,49150,[],false,true,0,0,49160,
1431969259532,com.cleanmaster.service.PermanentService,com.cleanmaster.mguard:service,10138,17133,94138,[STARTED],false,true,1,1,91714019,
1431969259532,com.google.android.music.dial.DialMediaRouteProviderService,com.google.android.music:main,10073,0,57202,[],false,true,0,0,57212,
1431969259532,ch.unige.css.services.PingService,ch.unige.ping,10149,1632,93005303,[STARTED],false,true,0,0,93005314,
1431969259532,com.google.android.search.core.service.BroadcastListenerService,com.google.android.googlequicksearchbox:search,10026,9047,75471,[STARTED],false,true,0,0,85120070,
1431969259532,com.android.systemui.keyguard.KeyguardService,com.android.systemui,10014,930,44352,[PERSISTENT],false,false,2,2,68066,
1431969259532,openiab.StoreService,cm.aptoide.pt,10148,0,54787,[],false,true,0,0,54797,
1431969259532,ch.unige.css.services.main.CssRegistryService,ch.unige.ping:background,10149,9975,85196929,[STARTED],false,true,0,0,85196940,
1431969259532,com.google.android.finsky.billing.iab.InAppBillingService,com.android.vending,10024,24677,91571608,[],false,true,1,1,91571619,
1431969259532,org.cyanogenmod.audiofx.HeadsetService,org.cyanogenmod.audiofx,10000,1289,67364,"[PERSISTENT,STARTED]",false,true,0,0,67374,
1431969346907,com.android.bluetooth.hid.HidService,com.android.bluetooth,1002,0,49150,[],false,true,0,0,49160,
1431969346907,com.cleanmaster.service.PermanentService,com.cleanmaster.mguard:service,10138,17133,94138,[STARTED],false,true,1,1,91714019,
1431969346907,com.google.android.music.dial.DialMediaRouteProviderService,com.google.android.music:main,10073,0,57202,[],false,true,0,0,57212,
1431969346907,ch.unige.css.services.PingService,ch.unige.ping,10149,1632,93092635,[STARTED],false,true,0,0,93092647,
1431969346907,com.google.android.search.core.service.BroadcastListenerService,com.google.android.googlequicksearchbox:search,10026,9047,75471,[STARTED],false,true,0,0,85120070,
1431969346907,com.android.systemui.keyguard.KeyguardService,com.android.systemui,10014,930,44352,[PERSISTENT],false,false,2,2,68066,
1431969346907,openiab.StoreService,cm.aptoide.pt,10148,0,54787,[],false,true,0,0,54797,
1431969346907,ch.unige.css.services.main.CssRegistryService,ch.unige.ping:background,10149,9975,85196929,[STARTED],false,true,0,0,85196940,
1431969346907,com.google.android.finsky.billing.iab.InAppBillingService,com.android.vending,10024,24677,91571608,[],false,true,1,1,91571619,
1431969346907,org.cyanogenmod.audiofx.HeadsetService,org.cyanogenmod.audiofx,10000,1289,67364,"[PERSISTENT,STARTED]",false,true,0,0,67374,
1431969407113,com.android.bluetooth.hid.HidService,com.android.bluetooth,1002,0,49150,[],false,true,0,0,49160,
1431969407113,com.cleanmaster.service.PermanentService,com.cleanmaster.mguard:service,10138,17133,94138,[STARTED],false,true,1,1,91714019,
1431969407113,com.google.android.music.dial.DialMediaRouteProviderService,com.google.android.music:main,10073,0,57202,[],false,true,0,0,57212,
1431969407113,ch.unige.css.services.PingService,ch.unige.ping,10149,1632,93152859,[STARTED],false,true,0,0,93152871,
1431969407113,com.google.android.search.core.service.BroadcastListenerService,com.google.android.googlequicksearchbox:search,10026,9047,75471,[STARTED],false,true,0,0,85120070,
1431969407113,com.android.systemui.keyguard.KeyguardService,com.android.systemui,10014,930,44352,[PERSISTENT],false,false,2,2,68066,
1431969407113,openiab.StoreService,cm.aptoide.pt,10148,0,54787,[],false,true,0,0,54797,
1431969407113,ch.unige.css.services.main.CssRegistryService,ch.unige.ping:background,10149,9975,85196929,[STARTED],false,true,0,0,85196940,
1431969407113,com.google.android.finsky.billing.iab.InAppBillingService,com.android.vending,10024,24677,91571608,[],false,true,1,1,91571619,
1431969407113,org.cyanogenmod.audiofx.HeadsetService,org.cyanogenmod.audiofx,10000,1289,67364,"[PERSISTENT,STARTED]",false,true,0,0,67374,
1431969467256,com.android.bluetooth.hid.HidService,com.android.bluetooth,1002,0,49150,[],false,true,0,0,49160,
1431969467256,com.cleanmaster.service.PermanentService,com.cleanmaster.mguard:service,10138,17133,94138,[STARTED],false,true,1,1,91714019,
1431969467256,com.google.android.music.dial.DialMediaRouteProviderService,com.google.android.music:main,10073,0,57202,[],false,true,0,0,57212,
1431969467256,ch.unige.css.services.PingService,ch.unige.ping,10149,1632,93212989,[STARTED],false,true,0,0,93213000,
1431969467256,com.google.android.search.core.service.BroadcastListenerService,com.google.android.googlequicksearchbox:search,10026,9047,75471,[STARTED],false,true,0,0,85120070,
1431969467256,com.android.systemui.keyguard.KeyguardService,com.android.systemui,10014,930,44352,[PERSISTENT],false,false,2,2,68066,
1431969467256,openiab.StoreService,cm.aptoide.pt,10148,0,54787,[],false,true,0,0,54797,
1431969467256,ch.unige.css.services.main.CssRegistryService,ch.unige.ping:background,10149,9975,85196929,[STARTED],false,true,0,0,85196940,
1431969467256,com.google.android.finsky.billing.iab.InAppBillingService,com.android.vending,10024,24677,91571608,[],false,true,1,1,91571619,
1431969467256,org.cyanogenmod.audiofx.HeadsetService,org.cyanogenmod.audiofx,10000,1289,67364,"[PERSISTENT,STARTED]",false,true,0,0,67374,
1431969527405,com.android.bluetooth.hid.HidService,com.android.bluetooth,1002,0,49150,[],false,true,0,0,49160,
1431969527405,com.cleanmaster.service.PermanentService,com.cleanmaster.mguard:service,10138,17133,94138,[STARTED],false,true,1,1,91714019,
1431969527405,com.google.android.music.dial.DialMediaRouteProviderService,com.google.android.music:main,10073,0,57202,[],false,true,0,0,57212,
1431969527405,ch.unige.css.services.PingService,ch.unige.ping,10149,1632,93273137,[STARTED],false,true,0,0,93273149,
1431969527405,com.google.android.search.core.service.BroadcastListenerService,com.google.android.googlequicksearchbox:search,10026,9047,75471,[STARTED],false,true,0,0,85120070,
1431969527405,com.android.systemui.keyguard.KeyguardService,com.android.systemui,10014,930,44352,[PERSISTENT],false,false,2,2,68066,
1431969527405,openiab.StoreService,cm.aptoide.pt,10148,0,54787,[],false,true,0,0,54797,
1431969527405,ch.unige.css.services.main.CssRegistryService,ch.unige.ping:background,10149,9975,85196929,[STARTED],false,true,0,0,85196940,
1431969527405,com.google.android.finsky.billing.iab.InAppBillingService,com.android.vending,10024,24677,91571608,[],false,true,1,1,91571619,
1431969527405,org.cyanogenmod.audiofx.HeadsetService,org.cyanogenmod.audiofx,10000,1289,67364,"[PERSISTENT,STARTED]",false,true,0,0,67374,
1431969587477,com.android.bluetooth.hid.HidService,com.android.bluetooth,1002,0,49150,[],false,true,0,0,49160,
1431969587477,com.cleanmaster.service.PermanentService,com.cleanmaster.mguard:service,10138,17133,94138,[STARTED],false,true,1,1,91714019,
1431969587477,com.google.android.music.dial.DialMediaRouteProviderService,com.google.android.music:main,10073,0,57202,[],false,true,0,0,57212,
1431969587477,ch.unige.css.services.PingService,ch.unige.ping,10149,1632,93333210,[STARTED],false,true,0,0,93333222,
1431969587477,com.google.android.search.core.service.BroadcastListenerService,com.google.android.googlequicksearchbox:search,10026,9047,75471,[STARTED],false,true,0,0,85120070,
1431969587477,com.android.systemui.keyguard.KeyguardService,com.android.systemui,10014,930,44352,[PERSISTENT],false,false,2,2,68066,
1431969587477,openiab.StoreService,cm.aptoide.pt,10148,0,54787,[],false,true,0,0,54797,
1431969587477,ch.unige.css.services.main.CssRegistryService,ch.unige.ping:background,10149,9975,85196929,[STARTED],false,true,0,0,85196940,
1431969587477,com.google.android.finsky.billing.iab.InAppBillingService,com.android.vending,10024,24677,91571608,[],false,true,1,1,91571619,
1431969587477,org.cyanogenmod.audiofx.HeadsetService,org.cyanogenmod.audiofx,10000,1289,67364,"[PERSISTENT,STARTED]",false,true,0,0,67374,
1431969649920,com.android.bluetooth.hid.HidService,com.android.bluetooth,1002,0,49150,[],false,true,0,0,49160,
1431969649920,com.cleanmaster.service.PermanentService,com.cleanmaster.mguard:service,10138,17133,94138,[STARTED],false,true,1,1,91714019,
1431969649920,com.google.android.music.dial.DialMediaRouteProviderService,com.google.android.music:main,10073,0,57202,[],false,true,0,0,57212,
1431969649920,ch.unige.css.services.PingService,ch.unige.ping,10149,1632,93395654,[STARTED],false,true,0,0,93395666,
1431969649920,com.google.android.search.core.service.BroadcastListenerService,com.google.android.googlequicksearchbox:search,10026,9047,75471,[STARTED],false,true,0,0,85120070,
1431969649920,com.android.systemui.keyguard.KeyguardService,com.android.systemui,10014,930,44352,[PERSISTENT],false,false,2,2,68066,
1431969649920,openiab.StoreService,cm.aptoide.pt,10148,0,54787,[],false,true,0,0,54797,
1431969649920,ch.unige.css.services.main.CssRegistryService,ch.unige.ping:background,10149,9975,85196929,[STARTED],false,true,0,0,85196940,
1431969649920,com.google.android.finsky.billing.iab.InAppBillingService,com.android.vending,10024,24677,91571608,[],false,true,1,1,91571619,
1431969649920,org.cyanogenmod.audiofx.HeadsetService,org.cyanogenmod.audiofx,10000,1289,67364,"[PERSISTENT,STARTED]",false,true,0,0,67374,
1431969710040,com.android.bluetooth.hid.HidService,com.android.bluetooth,1002,0,49150,[],false,true,0,0,49160,
1431969710040,com.cleanmaster.service.PermanentService,com.cleanmaster.mguard:service,10138,17133,94138,[STARTED],false,true,1,1,93435870,
1431969710040,com.google.android.music.dial.DialMediaRouteProviderService,com.google.android.music:main,10073,0,57202,[],false,true,0,0,57212,
1431969710040,ch.unige.css.services.PingService,ch.unige.ping,10149,1632,93455784,[STARTED],false,true,0,0,93455796,
1431969710040,com.google.android.search.core.service.BroadcastListenerService,com.google.android.googlequicksearchbox:search,10026,9047,75471,[STARTED],false,true,0,0,85120070,
1431969710040,com.android.systemui.keyguard.KeyguardService,com.android.systemui,10014,930,44352,[PERSISTENT],false,false,2,2,68066,
1431969710040,openiab.StoreService,cm.aptoide.pt,10148,0,54787,[],false,true,0,0,54797,
1431969710040,ch.unige.css.services.main.CssRegistryService,ch.unige.ping:background,10149,9975,85196929,[STARTED],false,true,0,0,85196940,
1431969710040,com.google.android.finsky.billing.iab.InAppBillingService,com.android.vending,10024,24677,91571608,[],false,true,1,1,91571619,
1431969710040,org.cyanogenmod.audiofx.HeadsetService,org.cyanogenmod.audiofx,10000,1289,67364,"[PERSISTENT,STARTED]",false,true,0,0,67374,
1431969770125,com.android.bluetooth.hid.HidService,com.android.bluetooth,1002,0,49150,[],false,true,0,0,49160,
1431969770125,com.cleanmaster.service.PermanentService,com.cleanmaster.mguard:service,10138,17133,94138,[STARTED],false,true,1,1,93435870,
1431969770125,com.google.android.music.dial.DialMediaRouteProviderService,com.google.android.music:main,10073,0,57202,[],false,true,0,0,57212,
1431969770125,ch.unige.css.services.PingService,ch.unige.ping,10149,1632,93515871,[STARTED],false,true,0,0,93515883,
1431969770125,com.google.android.search.core.service.BroadcastListenerService,com.google.android.googlequicksearchbox:search,10026,9047,75471,[STARTED],false,true,0,0,85120070,
1431969770125,com.android.systemui.keyguard.KeyguardService,com.android.systemui,10014,930,44352,[PERSISTENT],false,false,2,2,68066,
1431969770125,openiab.StoreService,cm.aptoide.pt,10148,0,54787,[],false,true,0,0,54797,
1431969770125,ch.unige.css.services.main.CssRegistryService,ch.unige.ping:background,10149,9975,85196929,[STARTED],false,true,0,0,85196940,
1431969770125,com.google.android.finsky.billing.iab.InAppBillingService,com.android.vending,10024,24677,91571608,[],false,true,1,1,91571619,
1431969770125,org.cyanogenmod.audiofx.HeadsetService,org.cyanogenmod.audiofx,10000,1289,67364,"[PERSISTENT,STARTED]",false,true,0,0,67374,
1431969830184,com.android.bluetooth.hid.HidService,com.android.bluetooth,1002,0,49150,[],false,true,0,0,49160,
1431969830184,com.cleanmaster.service.PermanentService,com.cleanmaster.mguard:service,10138,17133,94138,[STARTED],false,true,1,1,93435870,
1431969830184,com.google.android.music.dial.DialMediaRouteProviderService,com.google.android.music:main,10073,0,57202,[],false,true,0,0,57212,
1431969830184,ch.unige.css.services.PingService,ch.unige.ping,10149,1632,93575938,[STARTED],false,true,0,0,93575949,
1431969830184,com.google.android.search.core.service.BroadcastListenerService,com.google.android.googlequicksearchbox:search,10026,9047,75471,[STARTED],false,true,0,0,85120070,
1431969830184,com.android.systemui.keyguard.KeyguardService,com.android.systemui,10014,930,44352,[PERSISTENT],false,false,2,2,68066,
1431969830184,openiab.StoreService,cm.aptoide.pt,10148,0,54787,[],false,true,0,0,54797,
1431969830184,ch.unige.css.services.main.CssRegistryService,ch.unige.ping:background,10149,9975,85196929,[STARTED],false,true,0,0,85196940,
1431969830184,com.google.android.finsky.billing.iab.InAppBillingService,com.android.vending,10024,24677,91571608,[],false,true,1,1,91571619,
1431969830184,org.cyanogenmod.audiofx.HeadsetService,org.cyanogenmod.audiofx,10000,1289,67364,"[PERSISTENT,STARTED]",false,true,0,0,67374,
1431969890285,com.android.bluetooth.hid.HidService,com.android.bluetooth,1002,0,49150,[],false,true,0,0,49160,
1431969890285,com.cleanmaster.service.PermanentService,com.cleanmaster.mguard:service,10138,17133,94138,[STARTED],false,true,1,1,93435870,
1431969890285,com.google.android.music.dial.DialMediaRouteProviderService,com.google.android.music:main,10073,0,57202,[],false,true,0,0,57212,
1431969890285,ch.unige.css.services.PingService,ch.unige.ping,10149,1632,93636036,[STARTED],false,true,0,0,93636047,
1431969890285,com.google.android.search.core.service.BroadcastListenerService,com.google.android.googlequicksearchbox:search,10026,9047,75471,[STARTED],false,true,0,0,85120070,
1431969890285,com.android.systemui.keyguard.KeyguardService,com.android.systemui,10014,930,44352,[PERSISTENT],false,false,2,2,68066,
1431969890285,openiab.StoreService,cm.aptoide.pt,10148,0,54787,[],false,true,0,0,54797,
1431969890285,ch.unige.css.services.main.CssRegistryService,ch.unige.ping:background,10149,9975,85196929,[STARTED],false,true,0,0,85196940,
1431969890285,com.google.android.finsky.billing.iab.InAppBillingService,com.android.vending,10024,24677,91571608,[],false,true,1,1,91571619,
1431969890285,org.cyanogenmod.audiofx.HeadsetService,org.cyanogenmod.audiofx,10000,1289,67364,"[PERSISTENT,STARTED]",false,true,0,0,67374,
1431969951465,com.android.bluetooth.hid.HidService,com.android.bluetooth,1002,0,49150,[],false,true,0,0,49160,
1431969951465,com.cleanmaster.service.PermanentService,com.cleanmaster.mguard:service,10138,17133,94138,[STARTED],false,true,1,1,93435870,
1431969951465,com.google.android.music.dial.DialMediaRouteProviderService,com.google.android.music:main,10073,0,57202,[],false,true,0,0,57212,
1431969951465,ch.unige.css.services.PingService,ch.unige.ping,10149,1632,93697228,[STARTED],false,true,0,0,93697239,
1431969951465,com.google.android.search.core.service.BroadcastListenerService,com.google.android.googlequicksearchbox:search,10026,9047,75471,[STARTED],false,true,0,0,85120070,
1431969951465,com.android.systemui.keyguard.KeyguardService,com.android.systemui,10014,930,44352,[PERSISTENT],false,false,2,2,68066,
1431969951465,openiab.StoreService,cm.aptoide.pt,10148,0,54787,[],false,true,0,0,54797,
1431969951465,ch.unige.css.services.main.CssRegistryService,ch.unige.ping:background,10149,9975,85196929,[STARTED],false,true,0,0,85196940,
1431969951465,com.google.android.finsky.billing.iab.InAppBillingService,com.android.vending,10024,24677,91571608,[],false,true,1,1,91571619,
1431969951465,org.cyanogenmod.audiofx.HeadsetService,org.cyanogenmod.audiofx,10000,1289,67364,"[PERSISTENT,STARTED]",false,true,0,0,67374,
1431970020367,com.android.bluetooth.hid.HidService,com.android.bluetooth,1002,0,49150,[],false,true,0,0,49160,
1431970020367,com.cleanmaster.service.PermanentService,com.cleanmaster.mguard:service,10138,17133,94138,[STARTED],false,true,1,1,93435870,
1431970020367,com.google.android.music.dial.DialMediaRouteProviderService,com.google.android.music:main,10073,0,57202,[],false,true,0,0,57212,
1431970020367,ch.unige.css.services.PingService,ch.unige.ping,10149,1632,93766127,[STARTED],false,true,0,0,93766138,
1431970020367,com.google.android.search.core.service.BroadcastListenerService,com.google.android.googlequicksearchbox:search,10026,9047,75471,[STARTED],false,true,0,0,85120070,
1431970020367,com.android.systemui.keyguard.KeyguardService,com.android.systemui,10014,930,44352,[PERSISTENT],false,false,2,2,68066,
1431970020367,openiab.StoreService,cm.aptoide.pt,10148,0,54787,[],false,true,0,0,54797,
1431970020367,ch.unige.css.services.main.CssRegistryService,ch.unige.ping:background,10149,9975,85196929,[STARTED],false,true,0,0,85196940,
1431970020367,com.google.android.finsky.billing.iab.InAppBillingService,com.android.vending,10024,24677,91571608,[],false,true,1,1,91571619,
1431970020367,org.cyanogenmod.audiofx.HeadsetService,org.cyanogenmod.audiofx,10000,1289,67364,"[PERSISTENT,STARTED]",false,true,0,0,67374,
1431970089673,com.android.bluetooth.hid.HidService,com.android.bluetooth,1002,0,49150,[],false,true,0,0,49160,
1431970089673,com.cleanmaster.service.PermanentService,com.cleanmaster.mguard:service,10138,17133,94138,[STARTED],false,true,1,1,93435870,
1431970089673,com.google.android.music.dial.DialMediaRouteProviderService,com.google.android.music:main,10073,0,57202,[],false,true,0,0,57212,
1431970089673,ch.unige.css.services.PingService,ch.unige.ping,10149,1632,93835435,[STARTED],false,true,0,0,93835446,
1431970089673,com.google.android.search.core.service.BroadcastListenerService,com.google.android.googlequicksearchbox:search,10026,9047,75471,[STARTED],false,true,0,0,85120070,
1431970089673,com.android.systemui.keyguard.KeyguardService,com.android.systemui,10014,930,44352,[PERSISTENT],false,false,2,2,68066,
1431970089673,openiab.StoreService,cm.aptoide.pt,10148,0,54787,[],false,true,0,0,54797,
1431970089673,ch.unige.css.services.main.CssRegistryService,ch.unige.ping:background,10149,9975,85196929,[STARTED],false,true,0,0,85196940,
1431970089673,com.google.android.finsky.billing.iab.InAppBillingService,com.android.vending,10024,24677,91571608,[],false,true,1,1,91571619,
1431970089673,org.cyanogenmod.audiofx.HeadsetService,org.cyanogenmod.audiofx,10000,1289,67364,"[PERSISTENT,STARTED]",false,true,0,0,67374,
1431970150510,com.android.bluetooth.hid.HidService,com.android.bluetooth,1002,0,49150,[],false,true,0,0,49160,
1431970150510,com.cleanmaster.service.PermanentService,com.cleanmaster.mguard:service,10138,17133,94138,[STARTED],false,true,1,1,93435870,
1431970150510,com.google.android.music.dial.DialMediaRouteProviderService,com.google.android.music:main,10073,0,57202,[],false,true,0,0,57212,
1431970150510,ch.unige.css.services.PingService,ch.unige.ping,10149,1632,93896214,[STARTED],false,true,0,0,93896225,
1431970150510,com.google.android.search.core.service.BroadcastListenerService,com.google.android.googlequicksearchbox:search,10026,9047,75471,[STARTED],false,true,0,0,85120070,
1431970150510,com.android.systemui.keyguard.KeyguardService,com.android.systemui,10014,930,44352,[PERSISTENT],false,false,2,2,68066,
1431970150510,openiab.StoreService,cm.aptoide.pt,10148,0,54787,[],false,true,0,0,54797,
1431970150510,ch.unige.css.services.main.CssRegistryService,ch.unige.ping:background,10149,9975,85196929,[STARTED],false,true,0,0,85196940,
1431970150510,com.google.android.finsky.billing.iab.InAppBillingService,com.android.vending,10024,24677,91571608,[],false,true,1,1,91571619,
1431970150510,org.cyanogenmod.audiofx.HeadsetService,org.cyanogenmod.audiofx,10000,1289,67364,"[PERSISTENT,STARTED]",false,true,0,0,67374,
1431970218498,com.android.bluetooth.hid.HidService,com.android.bluetooth,1002,0,49150,[],false,true,0,0,49160,
1431970218498,com.cleanmaster.service.PermanentService,com.cleanmaster.mguard:service,10138,17133,94138,[STARTED],false,true,1,1,93435870,
1431970218498,com.google.android.music.dial.DialMediaRouteProviderService,com.google.android.music:main,10073,0,57202,[],false,true,0,0,57212,
1431970218498,ch.unige.css.services.PingService,ch.unige.ping,10149,1632,93964257,[STARTED],false,true,0,0,93964268,
1431970218498,com.google.android.search.core.service.BroadcastListenerService,com.google.android.googlequicksearchbox:search,10026,9047,75471,[STARTED],false,true,0,0,85120070,
1431970218498,com.android.systemui.keyguard.KeyguardService,com.android.systemui,10014,930,44352,[PERSISTENT],false,false,2,2,68066,
1431970218498,openiab.StoreService,cm.aptoide.pt,10148,0,54787,[],false,true,0,0,54797,
1431970218498,ch.unige.css.services.main.CssRegistryService,ch.unige.ping:background,10149,9975,85196929,[STARTED],false,true,0,0,85196940,
1431970218498,com.google.android.finsky.billing.iab.InAppBillingService,com.android.vending,10024,24677,91571608,[],false,true,1,1,91571619,
1431970218498,org.cyanogenmod.audiofx.HeadsetService,org.cyanogenmod.audiofx,10000,1289,67364,"[PERSISTENT,STARTED]",false,true,0,0,67374,
1431970278727,com.android.bluetooth.hid.HidService,com.android.bluetooth,1002,0,49150,[],false,true,0,0,49160,
1431970278727,com.cleanmaster.service.PermanentService,com.cleanmaster.mguard:service,10138,17133,94138,[STARTED],false,true,1,1,93435870,
1431970278727,com.google.android.music.dial.DialMediaRouteProviderService,com.google.android.music:main,10073,0,57202,[],false,true,0,0,57212,
1431970278727,ch.unige.css.services.PingService,ch.unige.ping,10149,1632,94024470,[STARTED],false,true,0,0,94024481,
1431970278727,com.google.android.search.core.service.BroadcastListenerService,com.google.android.googlequicksearchbox:search,10026,9047,75471,[STARTED],false,true,0,0,85120070,
1431970278727,com.android.systemui.keyguard.KeyguardService,com.android.systemui,10014,930,44352,[PERSISTENT],false,false,2,2,68066,
1431970278727,openiab.StoreService,cm.aptoide.pt,10148,0,54787,[],false,true,0,0,54797,
1431970278727,ch.unige.css.services.main.CssRegistryService,ch.unige.ping:background,10149,9975,85196929,[STARTED],false,true,0,0,85196940,
1431970278727,com.google.android.finsky.billing.iab.InAppBillingService,com.android.vending,10024,24677,91571608,[],false,true,1,1,91571619,
1431970278727,org.cyanogenmod.audiofx.HeadsetService,org.cyanogenmod.audiofx,10000,1289,67364,"[PERSISTENT,STARTED]",false,true,0,0,67374,
1431970338954,com.android.bluetooth.hid.HidService,com.android.bluetooth,1002,0,49150,[],false,true,0,0,49160,
1431970338954,com.cleanmaster.service.PermanentService,com.cleanmaster.mguard:service,10138,17133,94138,[STARTED],false,true,1,1,93435870,
1431970338954,com.google.android.music.dial.DialMediaRouteProviderService,com.google.android.music:main,10073,0,57202,[],false,true,0,0,57212,
1431970338954,ch.unige.css.services.PingService,ch.unige.ping,10149,1632,94084714,[STARTED],false,true,0,0,94084726,
1431970338954,com.google.android.search.core.service.BroadcastListenerService,com.google.android.googlequicksearchbox:search,10026,9047,75471,[STARTED],false,true,0,0,85120070,
1431970338954,com.android.systemui.keyguard.KeyguardService,com.android.systemui,10014,930,44352,[PERSISTENT],false,false,2,2,68066,
1431970338954,openiab.StoreService,cm.aptoide.pt,10148,0,54787,[],false,true,0,0,54797,
1431970338954,ch.unige.css.services.main.CssRegistryService,ch.unige.ping:background,10149,9975,85196929,[STARTED],false,true,0,0,85196940,
1431970338954,com.google.android.finsky.billing.iab.InAppBillingService,com.android.vending,10024,24677,91571608,[],false,true,1,1,91571619,
1431970338954,org.cyanogenmod.audiofx.HeadsetService,org.cyanogenmod.audiofx,10000,1289,67364,"[PERSISTENT,STARTED]",false,true,0,0,67374,
1431970399201,com.android.bluetooth.hid.HidService,com.android.bluetooth,1002,0,49150,[],false,true,0,0,49160,
1431970399201,com.cleanmaster.service.PermanentService,com.cleanmaster.mguard:service,10138,17133,94138,[STARTED],false,true,1,1,93435870,
1431970399201,com.google.android.music.dial.DialMediaRouteProviderService,com.google.android.music:main,10073,0,57202,[],false,true,0,0,57212,
1431970399201,ch.unige.css.services.PingService,ch.unige.ping,10149,1632,94144931,[STARTED],false,true,0,0,94144943,
1431970399201,com.google.android.search.core.service.BroadcastListenerService,com.google.android.googlequicksearchbox:search,10026,9047,75471,[STARTED],false,true,0,0,85120070,
1431970399201,com.android.systemui.keyguard.KeyguardService,com.android.systemui,10014,930,44352,[PERSISTENT],false,false,2,2,68066,
1431970399201,openiab.StoreService,cm.aptoide.pt,10148,0,54787,[],false,true,0,0,54797,
1431970399201,ch.unige.css.services.main.CssRegistryService,ch.unige.ping:background,10149,9975,85196929,[STARTED],false,true,0,0,85196940,
1431970399201,com.google.android.finsky.billing.iab.InAppBillingService,com.android.vending,10024,24677,91571608,[],false,true,1,1,91571619,
1431970399201,org.cyanogenmod.audiofx.HeadsetService,org.cyanogenmod.audiofx,10000,1289,67364,"[PERSISTENT,STARTED]",false,true,0,0,67374,
1431970469937,com.android.bluetooth.hid.HidService,com.android.bluetooth,1002,0,49150,[],false,true,0,0,49160,
1431970469937,com.cleanmaster.service.PermanentService,com.cleanmaster.mguard:service,10138,17133,94138,[STARTED],false,true,1,1,93435870,
1431970469937,com.google.android.music.dial.DialMediaRouteProviderService,com.google.android.music:main,10073,0,57202,[],false,true,0,0,57212,
1431970469937,ch.unige.css.services.PingService,ch.unige.ping,10149,1632,94215687,[STARTED],false,true,0,0,94215698,
1431970469937,com.google.android.search.core.service.BroadcastListenerService,com.google.android.googlequicksearchbox:search,10026,9047,75471,[STARTED],false,true,0,0,85120070,
1431970469937,com.android.systemui.keyguard.KeyguardService,com.android.systemui,10014,930,44352,[PERSISTENT],false,false,2,2,68066,
1431970469937,openiab.StoreService,cm.aptoide.pt,10148,0,54787,[],false,true,0,0,54797,
1431970469937,ch.unige.css.services.main.CssRegistryService,ch.unige.ping:background,10149,9975,85196929,[STARTED],false,true,0,0,85196940,
1431970469937,com.google.android.finsky.billing.iab.InAppBillingService,com.android.vending,10024,24677,91571608,[],false,true,1,1,91571619,
1431970469937,org.cyanogenmod.audiofx.HeadsetService,org.cyanogenmod.audiofx,10000,1289,67364,"[PERSISTENT,STARTED]",false,true,0,0,67374,
1431970530251,com.android.bluetooth.hid.HidService,com.android.bluetooth,1002,0,49150,[],false,true,0,0,49160,
1431970530251,com.cleanmaster.service.PermanentService,com.cleanmaster.mguard:service,10138,17133,94138,[STARTED],false,true,1,1,93435870,
1431970530251,com.google.android.music.dial.DialMediaRouteProviderService,com.google.android.music:main,10073,0,57202,[],false,true,0,0,57212,
1431970530251,ch.unige.css.services.PingService,ch.unige.ping,10149,1632,94275888,[STARTED],false,true,0,0,94275900,
1431970530251,com.google.android.search.core.service.BroadcastListenerService,com.google.android.googlequicksearchbox:search,10026,9047,75471,[STARTED],false,true,0,0,85120070,
1431970530251,com.android.systemui.keyguard.KeyguardService,com.android.systemui,10014,930,44352,[PERSISTENT],false,false,2,2,68066,
1431970530251,openiab.StoreService,cm.aptoide.pt,10148,0,54787,[],false,true,0,0,54797,
1431970530251,ch.unige.css.services.main.CssRegistryService,ch.unige.ping:background,10149,9975,85196929,[STARTED],false,true,0,0,85196940,
1431970530251,com.google.android.finsky.billing.iab.InAppBillingService,com.android.vending,10024,24677,91571608,[],false,true,1,1,91571619,
1431970530251,org.cyanogenmod.audiofx.HeadsetService,org.cyanogenmod.audiofx,10000,1289,67364,"[PERSISTENT,STARTED]",false,true,0,0,67374,
1431970590376,com.android.bluetooth.hid.HidService,com.android.bluetooth,1002,0,49150,[],false,true,0,0,49160,
1431970590376,com.cleanmaster.service.PermanentService,com.cleanmaster.mguard:service,10138,17133,94138,[STARTED],false,true,1,1,93435870,
1431970590376,com.google.android.music.dial.DialMediaRouteProviderService,com.google.android.music:main,10073,0,57202,[],false,true,0,0,57212,
1431970590376,ch.unige.css.services.PingService,ch.unige.ping,10149,1632,94336078,[STARTED],false,true,0,0,94336089,
1431970590376,com.google.android.search.core.service.BroadcastListenerService,com.google.android.googlequicksearchbox:search,10026,9047,75471,[STARTED],false,true,0,0,85120070,
1431970590376,com.android.systemui.keyguard.KeyguardService,com.android.systemui,10014,930,44352,[PERSISTENT],false,false,2,2,68066,
1431970590376,openiab.StoreService,cm.aptoide.pt,10148,0,54787,[],false,true,0,0,54797,
1431970590376,ch.unige.css.services.main.CssRegistryService,ch.unige.ping:background,10149,9975,85196929,[STARTED],false,true,0,0,85196940,
1431970590376,com.google.android.finsky.billing.iab.InAppBillingService,com.android.vending,10024,24677,91571608,[],false,true,1,1,91571619,
1431970590376,org.cyanogenmod.audiofx.HeadsetService,org.cyanogenmod.audiofx,10000,1289,67364,"[PERSISTENT,STARTED]",false,true,0,0,67374,
1431970650532,com.android.bluetooth.hid.HidService,com.android.bluetooth,1002,0,49150,[],false,true,0,0,49160,
1431970650532,com.cleanmaster.service.PermanentService,com.cleanmaster.mguard:service,10138,17133,94138,[STARTED],false,true,1,1,93435870,
1431970650532,com.google.android.music.dial.DialMediaRouteProviderService,com.google.android.music:main,10073,0,57202,[],false,true,0,0,57212,
1431970650532,ch.unige.css.services.PingService,ch.unige.ping,10149,1632,94396247,[STARTED],false,true,0,0,94396258,
1431970650532,com.google.android.search.core.service.BroadcastListenerService,com.google.android.googlequicksearchbox:search,10026,9047,75471,[STARTED],false,true,0,0,85120070,
1431970650532,com.android.systemui.keyguard.KeyguardService,com.android.systemui,10014,930,44352,[PERSISTENT],false,false,2,2,68066,
1431970650532,openiab.StoreService,cm.aptoide.pt,10148,0,54787,[],false,true,0,0,54797,
1431970650532,ch.unige.css.services.main.CssRegistryService,ch.unige.ping:background,10149,9975,85196929,[STARTED],false,true,0,0,85196940,
1431970650532,com.google.android.finsky.billing.iab.InAppBillingService,com.android.vending,10024,24677,91571608,[],false,true,1,1,91571619,
1431970650532,org.cyanogenmod.audiofx.HeadsetService,org.cyanogenmod.audiofx,10000,1289,67364,"[PERSISTENT,STARTED]",false,true,0,0,67374,
1431970710590,com.android.bluetooth.hid.HidService,com.android.bluetooth,1002,0,49150,[],false,true,0,0,49160,
1431970710590,com.cleanmaster.service.PermanentService,com.cleanmaster.mguard:service,10138,17133,94138,[STARTED],false,true,1,1,93435870,
1431970710590,com.google.android.music.dial.DialMediaRouteProviderService,com.google.android.music:main,10073,0,57202,[],false,true,0,0,57212,
1431970710590,ch.unige.css.services.PingService,ch.unige.ping,10149,1632,94456325,[STARTED],false,true,0,0,94456337,
1431970710590,com.google.android.search.core.service.BroadcastListenerService,com.google.android.googlequicksearchbox:search,10026,9047,75471,[STARTED],false,true,0,0,85120070,
1431970710590,com.android.systemui.keyguard.KeyguardService,com.android.systemui,10014,930,44352,[PERSISTENT],false,false,2,2,68066,
1431970710590,openiab.StoreService,cm.aptoide.pt,10148,0,54787,[],false,true,0,0,54797,
1431970710590,ch.unige.css.services.main.CssRegistryService,ch.unige.ping:background,10149,9975,85196929,[STARTED],false,true,0,0,85196940,
1431970710590,com.google.android.finsky.billing.iab.InAppBillingService,com.android.vending,10024,24677,91571608,[],false,true,1,1,91571619,
1431970710590,org.cyanogenmod.audiofx.HeadsetService,org.cyanogenmod.audiofx,10000,1289,67364,"[PERSISTENT,STARTED]",false,true,0,0,67374,
1431970772902,com.android.bluetooth.hid.HidService,com.android.bluetooth,1002,0,49150,[],false,true,0,0,49160,
1431970772902,com.cleanmaster.service.PermanentService,com.cleanmaster.mguard:service,10138,17133,94138,[STARTED],false,true,1,1,93435870,
1431970772902,com.google.android.music.dial.DialMediaRouteProviderService,com.google.android.music:main,10073,0,57202,[],false,true,0,0,57212,
1431970772902,ch.unige.css.services.PingService,ch.unige.ping,10149,1632,94518637,[STARTED],false,true,0,0,94518649,
1431970772902,com.google.android.search.core.service.BroadcastListenerService,com.google.android.googlequicksearchbox:search,10026,9047,75471,[STARTED],false,true,0,0,85120070,
1431970772902,com.android.systemui.keyguard.KeyguardService,com.android.systemui,10014,930,44352,[PERSISTENT],false,false,2,2,68066,
1431970772902,openiab.StoreService,cm.aptoide.pt,10148,0,54787,[],false,true,0,0,54797,
1431970772902,ch.unige.css.services.main.CssRegistryService,ch.unige.ping:background,10149,9975,85196929,[STARTED],false,true,0,0,85196940,
1431970772902,com.google.android.finsky.billing.iab.InAppBillingService,com.android.vending,10024,24677,91571608,[],false,true,1,1,91571619,
1431970772902,org.cyanogenmod.audiofx.HeadsetService,org.cyanogenmod.audiofx,10000,1289,67364,"[PERSISTENT,STARTED]",false,true,0,0,67374,
1431970833082,com.android.bluetooth.hid.HidService,com.android.bluetooth,1002,0,49150,[],false,true,0,0,49160,
1431970833082,com.cleanmaster.service.PermanentService,com.cleanmaster.mguard:service,10138,17133,94138,[STARTED],false,true,1,1,93435870,
1431970833082,com.google.android.music.dial.DialMediaRouteProviderService,com.google.android.music:main,10073,0,57202,[],false,true,0,0,57212,
1431970833082,ch.unige.css.services.PingService,ch.unige.ping,10149,1632,94578793,[STARTED],false,true,0,0,94578804,
1431970833082,com.google.android.search.core.service.BroadcastListenerService,com.google.android.googlequicksearchbox:search,10026,9047,75471,[STARTED],false,true,0,0,85120070,
1431970833082,com.android.systemui.keyguard.KeyguardService,com.android.systemui,10014,930,44352,[PERSISTENT],false,false,2,2,68066,
1431970833082,openiab.StoreService,cm.aptoide.pt,10148,0,54787,[],false,true,0,0,54797,
1431970833082,ch.unige.css.services.main.CssRegistryService,ch.unige.ping:background,10149,9975,85196929,[STARTED],false,true,0,0,85196940,
1431970833082,com.google.android.finsky.billing.iab.InAppBillingService,com.android.vending,10024,24677,91571608,[],false,true,1,1,91571619,
1431970833082,org.cyanogenmod.audiofx.HeadsetService,org.cyanogenmod.audiofx,10000,1289,67364,"[PERSISTENT,STARTED]",false,true,0,0,67374,
1431970893278,com.android.bluetooth.hid.HidService,com.android.bluetooth,1002,0,49150,[],false,true,0,0,49160,
1431970893278,com.cleanmaster.service.PermanentService,com.cleanmaster.mguard:service,10138,17133,94138,[STARTED],false,true,1,1,93435870,
1431970893278,com.google.android.music.dial.DialMediaRouteProviderService,com.google.android.music:main,10073,0,57202,[],false,true,0,0,57212,
1431970893278,ch.unige.css.services.PingService,ch.unige.ping,10149,1632,94639000,[STARTED],false,true,0,0,94639011,
1431970893278,com.google.android.search.core.service.BroadcastListenerService,com.google.android.googlequicksearchbox:search,10026,9047,75471,[STARTED],false,true,0,0,85120070,
1431970893278,com.android.systemui.keyguard.KeyguardService,com.android.systemui,10014,930,44352,[PERSISTENT],false,false,2,2,68066,
1431970893278,openiab.StoreService,cm.aptoide.pt,10148,0,54787,[],false,true,0,0,54797,
1431970893278,ch.unige.css.services.main.CssRegistryService,ch.unige.ping:background,10149,9975,85196929,[STARTED],false,true,0,0,85196940,
1431970893278,com.google.android.finsky.billing.iab.InAppBillingService,com.android.vending,10024,24677,91571608,[],false,true,1,1,91571619,
1431970893278,org.cyanogenmod.audiofx.HeadsetService,org.cyanogenmod.audiofx,10000,1289,67364,"[PERSISTENT,STARTED]",false,true,0,0,67374,
1431970953427,com.android.bluetooth.hid.HidService,com.android.bluetooth,1002,0,49150,[],false,true,0,0,49160,
1431970953427,com.cleanmaster.service.PermanentService,com.cleanmaster.mguard:service,10138,17133,94138,[STARTED],false,true,1,1,93435870,
1431970953427,com.google.android.music.dial.DialMediaRouteProviderService,com.google.android.music:main,10073,0,57202,[],false,true,0,0,57212,
1431970953427,ch.unige.css.services.PingService,ch.unige.ping,10149,1632,94699081,[STARTED],false,true,0,0,94699092,
1431970953427,com.google.android.search.core.service.BroadcastListenerService,com.google.android.googlequicksearchbox:search,10026,9047,75471,[STARTED],false,true,0,0,85120070,
1431970953427,com.android.systemui.keyguard.KeyguardService,com.android.systemui,10014,930,44352,[PERSISTENT],false,false,2,2,68066,
1431970953427,openiab.StoreService,cm.aptoide.pt,10148,0,54787,[],false,true,0,0,54797,
1431970953427,ch.unige.css.services.main.CssRegistryService,ch.unige.ping:background,10149,9975,85196929,[STARTED],false,true,0,0,85196940,
1431970953427,com.google.android.finsky.billing.iab.InAppBillingService,com.android.vending,10024,24677,91571608,[],false,true,1,1,91571619,
1431970953427,org.cyanogenmod.audiofx.HeadsetService,org.cyanogenmod.audiofx,10000,1289,67364,"[PERSISTENT,STARTED]",false,true,0,0,67374,
1431971013382,com.android.bluetooth.hid.HidService,com.android.bluetooth,1002,0,49150,[],false,true,0,0,49160,
1431971013382,com.cleanmaster.service.PermanentService,com.cleanmaster.mguard:service,10138,17133,94138,[STARTED],false,true,1,1,93435870,
1431971013382,com.google.android.music.dial.DialMediaRouteProviderService,com.google.android.music:main,10073,0,57202,[],false,true,0,0,57212,
1431971013382,ch.unige.css.services.PingService,ch.unige.ping,10149,1632,94759135,[STARTED],false,true,0,0,94759146,
1431971013382,com.google.android.search.core.service.BroadcastListenerService,com.google.android.googlequicksearchbox:search,10026,9047,75471,[STARTED],false,true,0,0,85120070,
1431971013382,com.android.systemui.keyguard.KeyguardService,com.android.systemui,10014,930,44352,[PERSISTENT],false,false,2,2,68066,
1431971013382,openiab.StoreService,cm.aptoide.pt,10148,0,54787,[],false,true,0,0,54797,
1431971013382,ch.unige.css.services.main.CssRegistryService,ch.unige.ping:background,10149,9975,85196929,[STARTED],false,true,0,0,85196940,
1431971013382,com.google.android.finsky.billing.iab.InAppBillingService,com.android.vending,10024,24677,91571608,[],false,true,1,1,91571619,
1431971013382,org.cyanogenmod.audiofx.HeadsetService,org.cyanogenmod.audiofx,10000,1289,67364,"[PERSISTENT,STARTED]",false,true,0,0,67374,
1431971073916,com.android.bluetooth.hid.HidService,com.android.bluetooth,1002,0,49150,[],false,true,0,0,49160,
1431971073916,com.cleanmaster.service.PermanentService,com.cleanmaster.mguard:service,10138,17133,94138,[STARTED],false,true,1,1,93435870,
1431971073916,com.google.android.music.dial.DialMediaRouteProviderService,com.google.android.music:main,10073,0,57202,[],false,true,0,0,57212,
1431971073916,ch.unige.css.services.PingService,ch.unige.ping,10149,1632,94819666,[STARTED],false,true,0,0,94819677,
1431971073916,com.google.android.search.core.service.BroadcastListenerService,com.google.android.googlequicksearchbox:search,10026,9047,75471,[STARTED],false,true,0,0,85120070,
1431971073916,com.android.systemui.keyguard.KeyguardService,com.android.systemui,10014,930,44352,[PERSISTENT],false,false,2,2,68066,
1431971073916,openiab.StoreService,cm.aptoide.pt,10148,0,54787,[],false,true,0,0,54797,
1431971073916,ch.unige.css.services.main.CssRegistryService,ch.unige.ping:background,10149,9975,85196929,[STARTED],false,true,0,0,85196940,
1431971073916,com.google.android.finsky.billing.iab.InAppBillingService,com.android.vending,10024,24677,91571608,[],false,true,1,1,91571619,
1431971073916,org.cyanogenmod.audiofx.HeadsetService,org.cyanogenmod.audiofx,10000,1289,67364,"[PERSISTENT,STARTED]",false,true,0,0,67374,
1431971134041,com.android.bluetooth.hid.HidService,com.android.bluetooth,1002,0,49150,[],false,true,0,0,49160,
1431971134041,com.cleanmaster.service.PermanentService,com.cleanmaster.mguard:service,10138,17133,94138,[STARTED],false,true,1,1,93435870,
1431971134041,com.google.android.music.dial.DialMediaRouteProviderService,com.google.android.music:main,10073,0,57202,[],false,true,0,0,57212,
1431971134041,ch.unige.css.services.PingService,ch.unige.ping,10149,1632,94879790,[STARTED],false,true,0,0,94879801,
1431971134041,com.google.android.search.core.service.BroadcastListenerService,com.google.android.googlequicksearchbox:search,10026,9047,75471,[STARTED],false,true,0,0,85120070,
1431971134041,com.android.systemui.keyguard.KeyguardService,com.android.systemui,10014,930,44352,[PERSISTENT],false,false,2,2,68066,
1431971134041,openiab.StoreService,cm.aptoide.pt,10148,0,54787,[],false,true,0,0,54797,
1431971134041,ch.unige.css.services.main.CssRegistryService,ch.unige.ping:background,10149,9975,85196929,[STARTED],false,true,0,0,85196940,
1431971134041,com.google.android.finsky.billing.iab.InAppBillingService,com.android.vending,10024,24677,91571608,[],false,true,1,1,91571619,
1431971134041,org.cyanogenmod.audiofx.HeadsetService,org.cyanogenmod.audiofx,10000,1289,67364,"[PERSISTENT,STARTED]",false,true,0,0,67374,
1431971194151,com.android.bluetooth.hid.HidService,com.android.bluetooth,1002,0,49150,[],false,true,0,0,49160,
1431971194151,com.cleanmaster.service.PermanentService,com.cleanmaster.mguard:service,10138,17133,94138,[STARTED],false,true,1,1,93435870,
1431971194151,com.google.android.music.dial.DialMediaRouteProviderService,com.google.android.music:main,10073,0,57202,[],false,true,0,0,57212,
1431971194151,ch.unige.css.services.PingService,ch.unige.ping,10149,1632,94939900,[STARTED],false,true,0,0,94939912,
1431971194151,com.google.android.search.core.service.BroadcastListenerService,com.google.android.googlequicksearchbox:search,10026,9047,75471,[STARTED],false,true,0,0,85120070,
1431971194151,com.android.systemui.keyguard.KeyguardService,com.android.systemui,10014,930,44352,[PERSISTENT],false,false,2,2,68066,
1431971194151,openiab.StoreService,cm.aptoide.pt,10148,0,54787,[],false,true,0,0,54797,
1431971194151,ch.unige.css.services.main.CssRegistryService,ch.unige.ping:background,10149,9975,85196929,[STARTED],false,true,0,0,85196940,
1431971194151,com.google.android.finsky.billing.iab.InAppBillingService,com.android.vending,10024,24677,91571608,[],false,true,1,1,91571619,
1431971194151,org.cyanogenmod.audiofx.HeadsetService,org.cyanogenmod.audiofx,10000,1289,67364,"[PERSISTENT,STARTED]",false,true,0,0,67374,
1431971261706,com.android.bluetooth.hid.HidService,com.android.bluetooth,1002,0,49150,[],false,true,0,0,49160,
1431971261706,com.cleanmaster.service.PermanentService,com.cleanmaster.mguard:service,10138,17133,94138,[STARTED],false,true,1,1,93435870,
1431971261706,com.google.android.music.dial.DialMediaRouteProviderService,com.google.android.music:main,10073,0,57202,[],false,true,0,0,57212,
1431971261706,ch.unige.css.services.PingService,ch.unige.ping,10149,1632,95007460,[STARTED],false,true,0,0,95007472,
1431971261706,com.google.android.search.core.service.BroadcastListenerService,com.google.android.googlequicksearchbox:search,10026,9047,75471,[STARTED],false,true,0,0,85120070,
1431971261706,com.android.systemui.keyguard.KeyguardService,com.android.systemui,10014,930,44352,[PERSISTENT],false,false,2,2,68066,
1431971261706,openiab.StoreService,cm.aptoide.pt,10148,0,54787,[],false,true,0,0,54797,
1431971261706,ch.unige.css.services.main.CssRegistryService,ch.unige.ping:background,10149,9975,85196929,[STARTED],false,true,0,0,85196940,
1431971261706,com.google.android.finsky.billing.iab.InAppBillingService,com.android.vending,10024,24677,91571608,[],false,true,1,1,91571619,
1431971261706,org.cyanogenmod.audiofx.HeadsetService,org.cyanogenmod.audiofx,10000,1289,67364,"[PERSISTENT,STARTED]",false,true,0,0,67374,
1431971321783,com.android.bluetooth.hid.HidService,com.android.bluetooth,1002,0,49150,[],false,true,0,0,49160,
1431971321783,com.cleanmaster.service.PermanentService,com.cleanmaster.mguard:service,10138,17133,94138,[STARTED],false,true,1,1,93435870,
1431971321783,com.google.android.music.dial.DialMediaRouteProviderService,com.google.android.music:main,10073,0,57202,[],false,true,0,0,57212,
1431971321783,ch.unige.css.services.PingService,ch.unige.ping,10149,1632,95067535,[STARTED],false,true,0,0,95067547,
1431971321783,com.google.android.search.core.service.BroadcastListenerService,com.google.android.googlequicksearchbox:search,10026,9047,75471,[STARTED],false,true,0,0,85120070,
1431971321783,com.android.systemui.keyguard.KeyguardService,com.android.systemui,10014,930,44352,[PERSISTENT],false,false,2,2,68066,
1431971321783,openiab.StoreService,cm.aptoide.pt,10148,0,54787,[],false,true,0,0,54797,
1431971321783,ch.unige.css.services.main.CssRegistryService,ch.unige.ping:background,10149,9975,85196929,[STARTED],false,true,0,0,85196940,
1431971321783,com.google.android.finsky.billing.iab.InAppBillingService,com.android.vending,10024,24677,91571608,[],false,true,1,1,91571619,
1431971321783,org.cyanogenmod.audiofx.HeadsetService,org.cyanogenmod.audiofx,10000,1289,67364,"[PERSISTENT,STARTED]",false,true,0,0,67374,
1431971381827,com.android.bluetooth.hid.HidService,com.android.bluetooth,1002,0,49150,[],false,true,0,0,49160,
1431971381827,com.cleanmaster.service.PermanentService,com.cleanmaster.mguard:service,10138,17133,94138,[STARTED],false,true,1,1,93435870,
1431971381827,com.google.android.music.dial.DialMediaRouteProviderService,com.google.android.music:main,10073,0,57202,[],false,true,0,0,57212,
1431971381827,ch.unige.css.services.PingService,ch.unige.ping,10149,1632,95127567,[STARTED],false,true,0,0,95127579,
1431971381827,com.google.android.search.core.service.BroadcastListenerService,com.google.android.googlequicksearchbox:search,10026,9047,75471,[STARTED],false,true,0,0,85120070,
1431971381827,com.android.systemui.keyguard.KeyguardService,com.android.systemui,10014,930,44352,[PERSISTENT],false,false,2,2,68066,
1431971381827,openiab.StoreService,cm.aptoide.pt,10148,0,54787,[],false,true,0,0,54797,
1431971381827,ch.unige.css.services.main.CssRegistryService,ch.unige.ping:background,10149,9975,85196929,[STARTED],false,true,0,0,85196940,
1431971381827,com.google.android.finsky.billing.iab.InAppBillingService,com.android.vending,10024,24677,91571608,[],false,true,1,1,91571619,
1431971381827,org.cyanogenmod.audiofx.HeadsetService,org.cyanogenmod.audiofx,10000,1289,67364,"[PERSISTENT,STARTED]",false,true,0,0,67374,
1431971441862,com.android.bluetooth.hid.HidService,com.android.bluetooth,1002,0,49150,[],false,true,0,0,49160,
1431971441862,com.cleanmaster.service.PermanentService,com.cleanmaster.mguard:service,10138,17133,94138,[STARTED],false,true,1,1,95134202,
1431971441862,com.google.android.music.dial.DialMediaRouteProviderService,com.google.android.music:main,10073,0,57202,[],false,true,0,0,57212,
1431971441862,ch.unige.css.services.PingService,ch.unige.ping,10149,1632,95187632,[STARTED],false,true,0,0,95187643,
1431971441862,com.google.android.search.core.service.BroadcastListenerService,com.google.android.googlequicksearchbox:search,10026,9047,75471,[STARTED],false,true,0,0,85120070,
1431971441862,com.android.systemui.keyguard.KeyguardService,com.android.systemui,10014,930,44352,[PERSISTENT],false,false,2,2,68066,
1431971441862,openiab.StoreService,cm.aptoide.pt,10148,0,54787,[],false,true,0,0,54797,
1431971441862,ch.unige.css.services.main.CssRegistryService,ch.unige.ping:background,10149,9975,85196929,[STARTED],false,true,0,0,85196940,
1431971441862,com.google.android.finsky.billing.iab.InAppBillingService,com.android.vending,10024,24677,91571608,[],false,true,1,1,91571619,
1431971441862,org.cyanogenmod.audiofx.HeadsetService,org.cyanogenmod.audiofx,10000,1289,67364,"[PERSISTENT,STARTED]",false,true,0,0,67374,
1431971502072,com.android.bluetooth.hid.HidService,com.android.bluetooth,1002,0,49150,[],false,true,0,0,49160,
1431971502072,com.cleanmaster.service.PermanentService,com.cleanmaster.mguard:service,10138,17133,94138,[STARTED],false,true,1,1,95134202,
1431971502072,com.google.android.music.dial.DialMediaRouteProviderService,com.google.android.music:main,10073,0,57202,[],false,true,0,0,57212,
1431971502072,ch.unige.css.services.PingService,ch.unige.ping,10149,1632,95247807,[STARTED],false,true,0,0,95247819,
1431971502072,com.google.android.search.core.service.BroadcastListenerService,com.google.android.googlequicksearchbox:search,10026,9047,75471,[STARTED],false,true,0,0,85120070,
1431971502072,com.android.systemui.keyguard.KeyguardService,com.android.systemui,10014,930,44352,[PERSISTENT],false,false,2,2,68066,
1431971502072,openiab.StoreService,cm.aptoide.pt,10148,0,54787,[],false,true,0,0,54797,
1431971502072,ch.unige.css.services.main.CssRegistryService,ch.unige.ping:background,10149,9975,85196929,[STARTED],false,true,0,0,85196940,
1431971502072,com.google.android.finsky.billing.iab.InAppBillingService,com.android.vending,10024,24677,91571608,[],false,true,1,1,91571619,
1431971502072,org.cyanogenmod.audiofx.HeadsetService,org.cyanogenmod.audiofx,10000,1289,67364,"[PERSISTENT,STARTED]",false,true,0,0,67374,
1431971562324,com.android.bluetooth.hid.HidService,com.android.bluetooth,1002,0,49150,[],false,true,0,0,49160,
1431971562324,com.cleanmaster.service.PermanentService,com.cleanmaster.mguard:service,10138,17133,94138,[STARTED],false,true,1,1,95134202,
1431971562324,com.google.android.music.dial.DialMediaRouteProviderService,com.google.android.music:main,10073,0,57202,[],false,true,0,0,57212,
1431971562324,ch.unige.css.services.PingService,ch.unige.ping,10149,1632,95308051,[STARTED],false,true,0,0,95308062,
1431971562324,com.google.android.search.core.service.BroadcastListenerService,com.google.android.googlequicksearchbox:search,10026,9047,75471,[STARTED],false,true,0,0,85120070,
1431971562324,com.android.systemui.keyguard.KeyguardService,com.android.systemui,10014,930,44352,[PERSISTENT],false,false,2,2,68066,
1431971562324,openiab.StoreService,cm.aptoide.pt,10148,0,54787,[],false,true,0,0,54797,
1431971562324,ch.unige.css.services.main.CssRegistryService,ch.unige.ping:background,10149,9975,85196929,[STARTED],false,true,0,0,85196940,
1431971562324,com.google.android.finsky.billing.iab.InAppBillingService,com.android.vending,10024,24677,91571608,[],false,true,1,1,91571619,
1431971562324,org.cyanogenmod.audiofx.HeadsetService,org.cyanogenmod.audiofx,10000,1289,67364,"[PERSISTENT,STARTED]",false,true,0,0,67374,
1431971622378,com.android.bluetooth.hid.HidService,com.android.bluetooth,1002,0,49150,[],false,true,0,0,49160,
1431971622378,com.cleanmaster.service.PermanentService,com.cleanmaster.mguard:service,10138,17133,94138,[STARTED],false,true,1,1,95134202,
1431971622378,com.google.android.music.dial.DialMediaRouteProviderService,com.google.android.music:main,10073,0,57202,[],false,true,0,0,57212,
1431971622378,ch.unige.css.services.PingService,ch.unige.ping,10149,1632,95368133,[STARTED],false,true,0,0,95368144,
1431971622378,com.google.android.search.core.service.BroadcastListenerService,com.google.android.googlequicksearchbox:search,10026,9047,75471,[STARTED],false,true,0,0,85120070,
1431971622378,com.android.systemui.keyguard.KeyguardService,com.android.systemui,10014,930,44352,[PERSISTENT],false,false,2,2,68066,
1431971622378,openiab.StoreService,cm.aptoide.pt,10148,0,54787,[],false,true,0,0,54797,
1431971622378,ch.unige.css.services.main.CssRegistryService,ch.unige.ping:background,10149,9975,85196929,[STARTED],false,true,0,0,85196940,
1431971622378,com.google.android.finsky.billing.iab.InAppBillingService,com.android.vending,10024,24677,91571608,[],false,true,1,1,91571619,
1431971622378,org.cyanogenmod.audiofx.HeadsetService,org.cyanogenmod.audiofx,10000,1289,67364,"[PERSISTENT,STARTED]",false,true,0,0,67374,
1431971684123,com.android.bluetooth.hid.HidService,com.android.bluetooth,1002,0,49150,[],false,true,0,0,49160,
1431971684123,com.cleanmaster.service.PermanentService,com.cleanmaster.mguard:service,10138,17133,94138,[STARTED],false,true,1,1,95134202,
1431971684123,com.google.android.music.dial.DialMediaRouteProviderService,com.google.android.music:main,10073,0,57202,[],false,true,0,0,57212,
1431971684123,ch.unige.css.services.PingService,ch.unige.ping,10149,1632,95429888,[STARTED],false,true,0,0,95429900,
1431971684123,com.google.android.search.core.service.BroadcastListenerService,com.google.android.googlequicksearchbox:search,10026,9047,75471,[STARTED],false,true,0,0,85120070,
1431971684123,com.android.systemui.keyguard.KeyguardService,com.android.systemui,10014,930,44352,[PERSISTENT],false,false,2,2,68066,
1431971684123,openiab.StoreService,cm.aptoide.pt,10148,0,54787,[],false,true,0,0,54797,
1431971684123,ch.unige.css.services.main.CssRegistryService,ch.unige.ping:background,10149,9975,85196929,[STARTED],false,true,0,0,85196940,
1431971684123,com.google.android.finsky.billing.iab.InAppBillingService,com.android.vending,10024,24677,91571608,[],false,true,1,1,91571619,
1431971684123,org.cyanogenmod.audiofx.HeadsetService,org.cyanogenmod.audiofx,10000,1289,67364,"[PERSISTENT,STARTED]",false,true,0,0,67374,
1431971746456,com.android.bluetooth.hid.HidService,com.android.bluetooth,1002,0,49150,[],false,true,0,0,49160,
1431971746456,com.cleanmaster.service.PermanentService,com.cleanmaster.mguard:service,10138,17133,94138,[STARTED],false,true,1,1,95134202,
1431971746456,com.google.android.music.dial.DialMediaRouteProviderService,com.google.android.music:main,10073,0,57202,[],false,true,0,0,57212,
1431971746456,ch.unige.css.services.PingService,ch.unige.ping,10149,1632,95492184,[STARTED],false,true,0,0,95492195,
1431971746456,com.google.android.search.core.service.BroadcastListenerService,com.google.android.googlequicksearchbox:search,10026,9047,75471,[STARTED],false,true,0,0,85120070,
1431971746456,com.android.systemui.keyguard.KeyguardService,com.android.systemui,10014,930,44352,[PERSISTENT],false,false,2,2,68066,
1431971746456,openiab.StoreService,cm.aptoide.pt,10148,0,54787,[],false,true,0,0,54797,
1431971746456,ch.unige.css.services.main.CssRegistryService,ch.unige.ping:background,10149,9975,85196929,[STARTED],false,true,0,0,85196940,
1431971746456,com.google.android.finsky.billing.iab.InAppBillingService,com.android.vending,10024,24677,91571608,[],false,true,1,1,91571619,
1431971746456,org.cyanogenmod.audiofx.HeadsetService,org.cyanogenmod.audiofx,10000,1289,67364,"[PERSISTENT,STARTED]",false,true,0,0,67374,
1431971810124,com.android.bluetooth.hid.HidService,com.android.bluetooth,1002,0,49150,[],false,true,0,0,49160,
1431971810124,com.cleanmaster.service.PermanentService,com.cleanmaster.mguard:service,10138,17133,94138,[STARTED],false,true,1,1,95134202,
1431971810124,com.google.android.music.dial.DialMediaRouteProviderService,com.google.android.music:main,10073,0,57202,[],false,true,0,0,57212,
1431971810124,ch.unige.css.services.PingService,ch.unige.ping,10149,1632,95555858,[STARTED],false,true,0,0,95555869,
1431971810124,com.google.android.search.core.service.BroadcastListenerService,com.google.android.googlequicksearchbox:search,10026,9047,75471,[STARTED],false,true,0,0,85120070,
1431971810124,com.android.systemui.keyguard.KeyguardService,com.android.systemui,10014,930,44352,[PERSISTENT],false,false,2,2,68066,
1431971810124,openiab.StoreService,cm.aptoide.pt,10148,0,54787,[],false,true,0,0,54797,
1431971810124,ch.unige.css.services.main.CssRegistryService,ch.unige.ping:background,10149,9975,85196929,[STARTED],false,true,0,0,85196940,
1431971810124,com.google.android.finsky.billing.iab.InAppBillingService,com.android.vending,10024,24677,91571608,[],false,true,1,1,91571619,
1431971810124,org.cyanogenmod.audiofx.HeadsetService,org.cyanogenmod.audiofx,10000,1289,67364,"[PERSISTENT,STARTED]",false,true,0,0,67374,
1431971870307,com.android.bluetooth.hid.HidService,com.android.bluetooth,1002,0,49150,[],false,true,0,0,49160,
1431971870307,com.cleanmaster.service.PermanentService,com.cleanmaster.mguard:service,10138,17133,94138,[STARTED],false,true,1,1,95134202,
1431971870307,com.google.android.music.dial.DialMediaRouteProviderService,com.google.android.music:main,10073,0,57202,[],false,true,0,0,57212,
1431971870307,ch.unige.css.services.PingService,ch.unige.ping,10149,1632,95615988,[STARTED],false,true,0,0,95615999,
1431971870307,com.google.android.search.core.service.BroadcastListenerService,com.google.android.googlequicksearchbox:search,10026,9047,75471,[STARTED],false,true,0,0,85120070,
1431971870307,com.android.systemui.keyguard.KeyguardService,com.android.systemui,10014,930,44352,[PERSISTENT],false,false,2,2,68066,
1431971870307,openiab.StoreService,cm.aptoide.pt,10148,0,54787,[],false,true,0,0,54797,
1431971870307,ch.unige.css.services.main.CssRegistryService,ch.unige.ping:background,10149,9975,85196929,[STARTED],false,true,0,0,85196940,
1431971870307,com.google.android.finsky.billing.iab.InAppBillingService,com.android.vending,10024,24677,91571608,[],false,true,1,1,91571619,
1431971870307,org.cyanogenmod.audiofx.HeadsetService,org.cyanogenmod.audiofx,10000,1289,67364,"[PERSISTENT,STARTED]",false,true,0,0,67374,
1431971930481,com.android.bluetooth.hid.HidService,com.android.bluetooth,1002,0,49150,[],false,true,0,0,49160,
1431971930481,com.cleanmaster.service.PermanentService,com.cleanmaster.mguard:service,10138,17133,94138,[STARTED],false,true,1,1,95134202,
1431971930481,com.google.android.music.dial.DialMediaRouteProviderService,com.google.android.music:main,10073,0,57202,[],false,true,0,0,57212,
1431971930481,ch.unige.css.services.PingService,ch.unige.ping,10149,1632,95676223,[STARTED],false,true,0,0,95676235,
1431971930481,com.google.android.search.core.service.BroadcastListenerService,com.google.android.googlequicksearchbox:search,10026,9047,75471,[STARTED],false,true,0,0,85120070,
1431971930481,com.android.systemui.keyguard.KeyguardService,com.android.systemui,10014,930,44352,[PERSISTENT],false,false,2,2,68066,
1431971930481,openiab.StoreService,cm.aptoide.pt,10148,0,54787,[],false,true,0,0,54797,
1431971930481,ch.unige.css.services.main.CssRegistryService,ch.unige.ping:background,10149,9975,85196929,[STARTED],false,true,0,0,85196940,
1431971930481,com.google.android.finsky.billing.iab.InAppBillingService,com.android.vending,10024,24677,91571608,[],false,true,1,1,91571619,
1431971930481,org.cyanogenmod.audiofx.HeadsetService,org.cyanogenmod.audiofx,10000,1289,67364,"[PERSISTENT,STARTED]",false,true,0,0,67374,
1431971990595,com.android.bluetooth.hid.HidService,com.android.bluetooth,1002,0,49150,[],false,true,0,0,49160,
1431971990595,com.cleanmaster.service.PermanentService,com.cleanmaster.mguard:service,10138,17133,94138,[STARTED],false,true,1,1,95134202,
1431971990595,com.google.android.music.dial.DialMediaRouteProviderService,com.google.android.music:main,10073,0,57202,[],false,true,0,0,57212,
1431971990595,ch.unige.css.services.PingService,ch.unige.ping,10149,1632,95736338,[STARTED],false,true,0,0,95736349,
1431971990595,com.google.android.search.core.service.BroadcastListenerService,com.google.android.googlequicksearchbox:search,10026,9047,75471,[STARTED],false,true,0,0,85120070,
1431971990595,com.android.systemui.keyguard.KeyguardService,com.android.systemui,10014,930,44352,[PERSISTENT],false,false,2,2,68066,
1431971990595,openiab.StoreService,cm.aptoide.pt,10148,0,54787,[],false,true,0,0,54797,
1431971990595,ch.unige.css.services.main.CssRegistryService,ch.unige.ping:background,10149,9975,85196929,[STARTED],false,true,0,0,85196940,
1431971990595,com.google.android.finsky.billing.iab.InAppBillingService,com.android.vending,10024,24677,91571608,[],false,true,1,1,91571619,
1431971990595,org.cyanogenmod.audiofx.HeadsetService,org.cyanogenmod.audiofx,10000,1289,67364,"[PERSISTENT,STARTED]",false,true,0,0,67374,
1431972050725,com.android.bluetooth.hid.HidService,com.android.bluetooth,1002,0,49150,[],false,true,0,0,49160,
1431972050725,com.cleanmaster.service.PermanentService,com.cleanmaster.mguard:service,10138,17133,94138,[STARTED],false,true,1,1,95134202,
1431972050725,com.google.android.music.dial.DialMediaRouteProviderService,com.google.android.music:main,10073,0,57202,[],false,true,0,0,57212,
1431972050725,ch.unige.css.services.PingService,ch.unige.ping,10149,1632,95796457,[STARTED],false,true,0,0,95796468,
1431972050725,com.google.android.search.core.service.BroadcastListenerService,com.google.android.googlequicksearchbox:search,10026,9047,75471,[STARTED],false,true,0,0,85120070,
1431972050725,com.android.systemui.keyguard.KeyguardService,com.android.systemui,10014,930,44352,[PERSISTENT],false,false,2,2,68066,
1431972050725,openiab.StoreService,cm.aptoide.pt,10148,0,54787,[],false,true,0,0,54797,
1431972050725,ch.unige.css.services.main.CssRegistryService,ch.unige.ping:background,10149,9975,85196929,[STARTED],false,true,0,0,85196940,
1431972050725,com.google.android.finsky.billing.iab.InAppBillingService,com.android.vending,10024,24677,91571608,[],false,true,1,1,91571619,
1431972050725,org.cyanogenmod.audiofx.HeadsetService,org.cyanogenmod.audiofx,10000,1289,67364,"[PERSISTENT,STARTED]",false,true,0,0,67374,
1431972110728,com.android.bluetooth.hid.HidService,com.android.bluetooth,1002,0,49150,[],false,true,0,0,49160,
1431972110728,com.cleanmaster.service.PermanentService,com.cleanmaster.mguard:service,10138,17133,94138,[STARTED],false,true,1,1,95833233,
1431972110728,com.google.android.music.dial.DialMediaRouteProviderService,com.google.android.music:main,10073,0,57202,[],false,true,0,0,57212,
1431972110728,ch.unige.css.services.PingService,ch.unige.ping,10149,1632,95856515,[STARTED],false,true,0,0,95856526,
1431972110728,com.google.android.search.core.service.BroadcastListenerService,com.google.android.googlequicksearchbox:search,10026,9047,75471,[STARTED],false,true,0,0,85120070,
1431972110728,com.android.systemui.keyguard.KeyguardService,com.android.systemui,10014,930,44352,[PERSISTENT],false,false,2,2,68066,
1431972110728,openiab.StoreService,cm.aptoide.pt,10148,0,54787,[],false,true,0,0,54797,
1431972110728,ch.unige.css.services.main.CssRegistryService,ch.unige.ping:background,10149,9975,85196929,[STARTED],false,true,0,0,85196940,
1431972110728,com.google.android.finsky.billing.iab.InAppBillingService,com.android.vending,10024,24677,91571608,[],false,true,1,1,91571619,
1431972110728,org.cyanogenmod.audiofx.HeadsetService,org.cyanogenmod.audiofx,10000,1289,67364,"[PERSISTENT,STARTED]",false,true,0,0,67374,
1431972170858,com.android.bluetooth.hid.HidService,com.android.bluetooth,1002,0,49150,[],false,true,0,0,49160,
1431972170858,com.cleanmaster.service.PermanentService,com.cleanmaster.mguard:service,10138,17133,94138,[STARTED],false,true,1,1,95904308,
1431972170858,com.google.android.music.dial.DialMediaRouteProviderService,com.google.android.music:main,10073,0,57202,[],false,true,0,0,57212,
1431972170858,ch.unige.css.services.PingService,ch.unige.ping,10149,1632,95916601,[STARTED],false,true,0,0,95916612,
1431972170858,com.google.android.search.core.service.BroadcastListenerService,com.google.android.googlequicksearchbox:search,10026,9047,75471,[STARTED],false,true,0,0,85120070,
1431972170858,com.android.systemui.keyguard.KeyguardService,com.android.systemui,10014,930,44352,[PERSISTENT],false,false,2,2,68066,
1431972170858,openiab.StoreService,cm.aptoide.pt,10148,0,54787,[],false,true,0,0,54797,
1431972170858,ch.unige.css.services.main.CssRegistryService,ch.unige.ping:background,10149,9975,85196929,[STARTED],false,true,0,0,85196940,
1431972170858,com.google.android.finsky.billing.iab.InAppBillingService,com.android.vending,10024,24677,91571608,[],false,true,1,1,91571619,
1431972170858,org.cyanogenmod.audiofx.HeadsetService,org.cyanogenmod.audiofx,10000,1289,67364,"[PERSISTENT,STARTED]",false,true,0,0,67374,
1431972230880,com.android.bluetooth.hid.HidService,com.android.bluetooth,1002,0,49150,[],false,true,0,0,49160,
1431972230880,com.cleanmaster.service.PermanentService,com.cleanmaster.mguard:service,10138,17133,94138,[STARTED],false,true,1,1,95939250,
1431972230880,com.google.android.music.dial.DialMediaRouteProviderService,com.google.android.music:main,10073,0,57202,[],false,true,0,0,57212,
1431972230880,ch.unige.css.services.PingService,ch.unige.ping,10149,1632,95976636,[STARTED],false,true,0,0,95976647,
1431972230880,com.google.android.search.core.service.BroadcastListenerService,com.google.android.googlequicksearchbox:search,10026,9047,75471,[STARTED],false,true,0,0,85120070,
1431972230880,com.android.systemui.keyguard.KeyguardService,com.android.systemui,10014,930,44352,[PERSISTENT],false,false,2,2,68066,
1431972230880,openiab.StoreService,cm.aptoide.pt,10148,0,54787,[],false,true,0,0,54797,
1431972230880,ch.unige.css.services.main.CssRegistryService,ch.unige.ping:background,10149,9975,85196929,[STARTED],false,true,0,0,85196940,
1431972230880,com.google.android.finsky.billing.iab.InAppBillingService,com.android.vending,10024,24677,91571608,[],false,true,1,1,91571619,
1431972230880,org.cyanogenmod.audiofx.HeadsetService,org.cyanogenmod.audiofx,10000,1289,67364,"[PERSISTENT,STARTED]",false,true,0,0,67374,
1431972290966,com.android.bluetooth.hid.HidService,com.android.bluetooth,1002,0,49150,[],false,true,0,0,49160,
1431972290966,com.cleanmaster.service.PermanentService,com.cleanmaster.mguard:service,10138,17133,94138,[STARTED],false,true,1,1,95988246,
1431972290966,com.google.android.music.dial.DialMediaRouteProviderService,com.google.android.music:main,10073,0,57202,[],false,true,0,0,57212,
1431972290966,ch.unige.css.services.PingService,ch.unige.ping,10149,1632,96036718,[STARTED],false,true,0,0,96036730,
1431972290966,com.google.android.search.core.service.BroadcastListenerService,com.google.android.googlequicksearchbox:search,10026,9047,75471,[STARTED],false,true,0,0,85120070,
1431972290966,com.android.systemui.keyguard.KeyguardService,com.android.systemui,10014,930,44352,[PERSISTENT],false,false,2,2,68066,
1431972290966,openiab.StoreService,cm.aptoide.pt,10148,0,54787,[],false,true,0,0,54797,
1431972290966,ch.unige.css.services.main.CssRegistryService,ch.unige.ping:background,10149,9975,85196929,[STARTED],false,true,0,0,85196940,
1431972290966,com.google.android.finsky.billing.iab.InAppBillingService,com.android.vending,10024,24677,91571608,[],false,true,1,1,91571619,
1431972290966,org.cyanogenmod.audiofx.HeadsetService,org.cyanogenmod.audiofx,10000,1289,67364,"[PERSISTENT,STARTED]",false,true,0,0,67374,
1431972314829,com.android.bluetooth.hid.HidService,com.android.bluetooth,1002,0,49150,[],false,true,0,0,49160,
1431972314829,com.cleanmaster.service.PermanentService,com.cleanmaster.mguard:service,10138,17133,94138,[STARTED],false,true,1,1,95988246,
1431972314829,com.google.android.music.dial.DialMediaRouteProviderService,com.google.android.music:main,10073,0,57202,[],false,true,0,0,57212,
1431972314829,ch.unige.css.services.PingService,ch.unige.ping,10149,1632,96060616,[STARTED],false,true,0,0,96060627,
1431972314829,com.google.android.search.core.service.BroadcastListenerService,com.google.android.googlequicksearchbox:search,10026,9047,75471,[STARTED],false,true,0,0,85120070,
1431972314829,com.android.systemui.keyguard.KeyguardService,com.android.systemui,10014,930,44352,[PERSISTENT],false,false,2,2,68066,
1431972314829,openiab.StoreService,cm.aptoide.pt,10148,0,54787,[],false,true,0,0,54797,
1431972314829,ch.unige.css.services.main.CssRegistryService,ch.unige.ping:background,10149,9975,85196929,[STARTED],false,true,0,0,85196940,
1431972314829,com.google.android.finsky.billing.iab.InAppBillingService,com.android.vending,10024,24677,91571608,[],false,true,1,1,91571619,
1431972314829,org.cyanogenmod.audiofx.HeadsetService,org.cyanogenmod.audiofx,10000,1289,67364,"[PERSISTENT,STARTED]",false,true,0,0,67374,
1431972374922,com.android.bluetooth.hid.HidService,com.android.bluetooth,1002,0,49150,[],false,true,0,0,49160,
1431972374922,com.cleanmaster.service.PermanentService,com.cleanmaster.mguard:service,10138,17133,94138,[STARTED],false,true,1,1,96115498,
1431972374922,com.google.android.music.dial.DialMediaRouteProviderService,com.google.android.music:main,10073,0,57202,[],false,true,0,0,57212,
1431972374922,ch.unige.css.services.PingService,ch.unige.ping,10149,1632,96120684,[STARTED],false,true,0,0,96120696,
1431972374922,com.google.android.search.core.service.BroadcastListenerService,com.google.android.googlequicksearchbox:search,10026,9047,75471,[STARTED],false,true,0,0,85120070,
1431972374922,com.android.systemui.keyguard.KeyguardService,com.android.systemui,10014,930,44352,[PERSISTENT],false,false,2,2,68066,
1431972374922,openiab.StoreService,cm.aptoide.pt,10148,0,54787,[],false,true,0,0,54797,
1431972374922,ch.unige.css.services.main.CssRegistryService,ch.unige.ping:background,10149,9975,85196929,[STARTED],false,true,0,0,85196940,
1431972374922,com.google.android.finsky.billing.iab.InAppBillingService,com.android.vending,10024,24677,91571608,[],false,true,1,1,91571619,
1431972374922,org.cyanogenmod.audiofx.HeadsetService,org.cyanogenmod.audiofx,10000,1289,67364,"[PERSISTENT,STARTED]",false,true,0,0,67374,
1431972435062,com.android.bluetooth.hid.HidService,com.android.bluetooth,1002,0,49150,[],false,true,0,0,49160,
1431972435062,com.cleanmaster.service.PermanentService,com.cleanmaster.mguard:service,10138,17133,94138,[STARTED],false,true,1,1,96115498,
1431972435062,com.google.android.music.dial.DialMediaRouteProviderService,com.google.android.music:main,10073,0,57202,[],false,true,0,0,57212,
1431972435062,ch.unige.css.services.PingService,ch.unige.ping,10149,1632,96180812,[STARTED],false,true,0,0,96180824,
1431972435062,com.google.android.search.core.service.BroadcastListenerService,com.google.android.googlequicksearchbox:search,10026,9047,75471,[STARTED],false,true,0,0,85120070,
1431972435062,com.android.systemui.keyguard.KeyguardService,com.android.systemui,10014,930,44352,[PERSISTENT],false,false,2,2,68066,
1431972435062,openiab.StoreService,cm.aptoide.pt,10148,0,54787,[],false,true,0,0,54797,
1431972435062,ch.unige.css.services.main.CssRegistryService,ch.unige.ping:background,10149,9975,85196929,[STARTED],false,true,0,0,85196940,
1431972435062,com.google.android.finsky.billing.iab.InAppBillingService,com.android.vending,10024,24677,91571608,[],false,true,1,1,91571619,
1431972435062,org.cyanogenmod.audiofx.HeadsetService,org.cyanogenmod.audiofx,10000,1289,67364,"[PERSISTENT,STARTED]",false,true,0,0,67374,
1431972495130,com.android.bluetooth.hid.HidService,com.android.bluetooth,1002,0,49150,[],false,true,0,0,49160,
1431972495130,com.cleanmaster.service.PermanentService,com.cleanmaster.mguard:service,10138,17133,94138,[STARTED],false,true,1,1,96115498,
1431972495130,com.google.android.music.dial.DialMediaRouteProviderService,com.google.android.music:main,10073,0,57202,[],false,true,0,0,57212,
1431972495130,ch.unige.css.services.PingService,ch.unige.ping,10149,1632,96240868,[STARTED],false,true,0,0,96240879,
1431972495130,com.google.android.search.core.service.BroadcastListenerService,com.google.android.googlequicksearchbox:search,10026,9047,75471,[STARTED],false,true,0,0,85120070,
1431972495130,com.android.systemui.keyguard.KeyguardService,com.android.systemui,10014,930,44352,[PERSISTENT],false,false,2,2,68066,
1431972495130,openiab.StoreService,cm.aptoide.pt,10148,0,54787,[],false,true,0,0,54797,
1431972495130,ch.unige.css.services.main.CssRegistryService,ch.unige.ping:background,10149,9975,85196929,[STARTED],false,true,0,0,85196940,
1431972495130,com.google.android.finsky.billing.iab.InAppBillingService,com.android.vending,10024,24677,91571608,[],false,true,1,1,91571619,
1431972495130,org.cyanogenmod.audiofx.HeadsetService,org.cyanogenmod.audiofx,10000,1289,67364,"[PERSISTENT,STARTED]",false,true,0,0,67374,
1431972555215,com.android.bluetooth.hid.HidService,com.android.bluetooth,1002,0,49150,[],false,true,0,0,49160,
1431972555215,com.cleanmaster.service.PermanentService,com.cleanmaster.mguard:service,10138,17133,94138,[STARTED],false,true,1,1,96295856,
1431972555215,com.google.android.music.dial.DialMediaRouteProviderService,com.google.android.music:main,10073,0,57202,[],false,true,0,0,57212,
1431972555215,ch.unige.css.services.PingService,ch.unige.ping,10149,1632,96300949,[STARTED],false,true,0,0,96300960,
1431972555215,com.google.android.search.core.service.BroadcastListenerService,com.google.android.googlequicksearchbox:search,10026,9047,75471,[STARTED],false,true,0,0,85120070,
1431972555215,com.android.systemui.keyguard.KeyguardService,com.android.systemui,10014,930,44352,[PERSISTENT],false,false,2,2,68066,
1431972555215,openiab.StoreService,cm.aptoide.pt,10148,0,54787,[],false,true,0,0,54797,
1431972555215,ch.unige.css.services.main.CssRegistryService,ch.unige.ping:background,10149,9975,85196929,[STARTED],false,true,0,0,85196940,
1431972555215,com.google.android.finsky.billing.iab.InAppBillingService,com.android.vending,10024,24677,91571608,[],false,true,1,1,91571619,
1431972555215,org.cyanogenmod.audiofx.HeadsetService,org.cyanogenmod.audiofx,10000,1289,67364,"[PERSISTENT,STARTED]",false,true,0,0,67374,
1431972615393,com.android.bluetooth.hid.HidService,com.android.bluetooth,1002,0,49150,[],false,true,0,0,49160,
1431972615393,com.cleanmaster.service.PermanentService,com.cleanmaster.mguard:service,10138,17133,94138,[STARTED],false,true,1,1,96295856,
1431972615393,com.google.android.music.dial.DialMediaRouteProviderService,com.google.android.music:main,10073,0,57202,[],false,true,0,0,57212,
1431972615393,ch.unige.css.services.PingService,ch.unige.ping,10149,1632,96361114,[STARTED],false,true,0,0,96361125,
1431972615393,com.google.android.search.core.service.BroadcastListenerService,com.google.android.googlequicksearchbox:search,10026,9047,75471,[STARTED],false,true,0,0,85120070,
1431972615393,com.android.systemui.keyguard.KeyguardService,com.android.systemui,10014,930,44352,[PERSISTENT],false,false,2,2,68066,
1431972615393,openiab.StoreService,cm.aptoide.pt,10148,0,54787,[],false,true,0,0,54797,
1431972615393,ch.unige.css.services.main.CssRegistryService,ch.unige.ping:background,10149,9975,85196929,[STARTED],false,true,0,0,85196940,
1431972615393,com.google.android.finsky.billing.iab.InAppBillingService,com.android.vending,10024,24677,91571608,[],false,true,1,1,91571619,
1431972615393,org.cyanogenmod.audiofx.HeadsetService,org.cyanogenmod.audiofx,10000,1289,67364,"[PERSISTENT,STARTED]",false,true,0,0,67374,
1431972675464,com.android.bluetooth.hid.HidService,com.android.bluetooth,1002,0,49150,[],false,true,0,0,49160,
1431972675464,com.cleanmaster.service.PermanentService,com.cleanmaster.mguard:service,10138,17133,94138,[STARTED],false,true,1,1,96295856,
1431972675464,com.google.android.music.dial.DialMediaRouteProviderService,com.google.android.music:main,10073,0,57202,[],false,true,0,0,57212,
1431972675464,ch.unige.css.services.PingService,ch.unige.ping,10149,1632,96421204,[STARTED],false,true,0,0,96421216,
1431972675464,com.google.android.search.core.service.BroadcastListenerService,com.google.android.googlequicksearchbox:search,10026,9047,75471,[STARTED],false,true,0,0,85120070,
1431972675464,com.android.systemui.keyguard.KeyguardService,com.android.systemui,10014,930,44352,[PERSISTENT],false,false,2,2,68066,
1431972675464,openiab.StoreService,cm.aptoide.pt,10148,0,54787,[],false,true,0,0,54797,
1431972675464,ch.unige.css.services.main.CssRegistryService,ch.unige.ping:background,10149,9975,85196929,[STARTED],false,true,0,0,85196940,
1431972675464,com.google.android.finsky.billing.iab.InAppBillingService,com.android.vending,10024,24677,91571608,[],false,true,1,1,91571619,
1431972675464,org.cyanogenmod.audiofx.HeadsetService,org.cyanogenmod.audiofx,10000,1289,67364,"[PERSISTENT,STARTED]",false,true,0,0,67374,
1431972738711,com.android.bluetooth.hid.HidService,com.android.bluetooth,1002,0,49150,[],false,true,0,0,49160,
1431972738711,com.cleanmaster.service.PermanentService,com.cleanmaster.mguard:service,10138,17133,94138,[STARTED],false,true,1,1,96295856,
1431972738711,com.google.android.music.dial.DialMediaRouteProviderService,com.google.android.music:main,10073,0,57202,[],false,true,0,0,57212,
1431972738711,ch.unige.css.services.PingService,ch.unige.ping,10149,1632,96484479,[STARTED],false,true,0,0,96484490,
1431972738711,com.google.android.search.core.service.BroadcastListenerService,com.google.android.googlequicksearchbox:search,10026,9047,75471,[STARTED],false,true,0,0,85120070,
1431972738711,com.android.systemui.keyguard.KeyguardService,com.android.systemui,10014,930,44352,[PERSISTENT],false,false,2,2,68066,
1431972738711,openiab.StoreService,cm.aptoide.pt,10148,0,54787,[],false,true,0,0,54797,
1431972738711,ch.unige.css.services.main.CssRegistryService,ch.unige.ping:background,10149,9975,85196929,[STARTED],false,true,0,0,85196940,
1431972738711,com.google.android.finsky.billing.iab.InAppBillingService,com.android.vending,10024,24677,91571608,[],false,true,1,1,91571619,
1431972738711,org.cyanogenmod.audiofx.HeadsetService,org.cyanogenmod.audiofx,10000,1289,67364,"[PERSISTENT,STARTED]",false,true,0,0,67374,
1431972798931,com.android.bluetooth.hid.HidService,com.android.bluetooth,1002,0,49150,[],false,true,0,0,49160,
1431972798931,com.cleanmaster.service.PermanentService,com.cleanmaster.mguard:service,10138,17133,94138,[STARTED],false,true,1,1,96295856,
1431972798931,com.google.android.music.dial.DialMediaRouteProviderService,com.google.android.music:main,10073,0,57202,[],false,true,0,0,57212,
1431972798931,ch.unige.css.services.PingService,ch.unige.ping,10149,1632,96544612,[STARTED],false,true,0,0,96544623,
1431972798931,com.google.android.search.core.service.BroadcastListenerService,com.google.android.googlequicksearchbox:search,10026,9047,75471,[STARTED],false,true,0,0,85120070,
1431972798931,com.android.systemui.keyguard.KeyguardService,com.android.systemui,10014,930,44352,[PERSISTENT],false,false,2,2,68066,
1431972798931,openiab.StoreService,cm.aptoide.pt,10148,0,54787,[],false,true,0,0,54797,
1431972798931,ch.unige.css.services.main.CssRegistryService,ch.unige.ping:background,10149,9975,85196929,[STARTED],false,true,0,0,85196940,
1431972798931,com.google.android.finsky.billing.iab.InAppBillingService,com.android.vending,10024,24677,91571608,[],false,true,1,1,91571619,
1431972798931,org.cyanogenmod.audiofx.HeadsetService,org.cyanogenmod.audiofx,10000,1289,67364,"[PERSISTENT,STARTED]",false,true,0,0,67374,
1431972884083,com.android.bluetooth.hid.HidService,com.android.bluetooth,1002,0,49150,[],false,true,0,0,49160,
1431972884083,com.cleanmaster.service.PermanentService,com.cleanmaster.mguard:service,10138,17133,94138,[STARTED],false,true,1,1,96295856,
1431972884083,com.google.android.music.dial.DialMediaRouteProviderService,com.google.android.music:main,10073,0,57202,[],false,true,0,0,57212,
1431972884083,ch.unige.css.services.PingService,ch.unige.ping,10149,1632,96629870,[STARTED],false,true,0,0,96629881,
1431972884083,com.google.android.search.core.service.BroadcastListenerService,com.google.android.googlequicksearchbox:search,10026,9047,75471,[STARTED],false,true,0,0,85120070,
1431972884083,com.android.systemui.keyguard.KeyguardService,com.android.systemui,10014,930,44352,[PERSISTENT],false,false,2,2,68066,
1431972884083,openiab.StoreService,cm.aptoide.pt,10148,0,54787,[],false,true,0,0,54797,
1431972884083,ch.unige.css.services.main.CssRegistryService,ch.unige.ping:background,10149,9975,85196929,[STARTED],false,true,0,0,85196940,
1431972884083,com.google.android.finsky.billing.iab.InAppBillingService,com.android.vending,10024,24677,91571608,[],false,true,1,1,91571619,
1431972884083,org.cyanogenmod.audiofx.HeadsetService,org.cyanogenmod.audiofx,10000,1289,67364,"[PERSISTENT,STARTED]",false,true,0,0,67374,
1431972944346,com.android.bluetooth.hid.HidService,com.android.bluetooth,1002,0,49150,[],false,true,0,0,49160,
1431972944346,com.cleanmaster.service.PermanentService,com.cleanmaster.mguard:service,10138,17133,94138,[STARTED],false,true,1,1,96660173,
1431972944346,com.google.android.music.dial.DialMediaRouteProviderService,com.google.android.music:main,10073,0,57202,[],false,true,0,0,57212,
1431972944346,ch.unige.css.services.PingService,ch.unige.ping,10149,1632,96689979,[STARTED],false,true,0,0,96689990,
1431972944346,com.google.android.search.core.service.BroadcastListenerService,com.google.android.googlequicksearchbox:search,10026,9047,75471,[STARTED],false,true,0,0,85120070,
1431972944346,com.android.systemui.keyguard.KeyguardService,com.android.systemui,10014,930,44352,[PERSISTENT],false,false,2,2,68066,
1431972944346,openiab.StoreService,cm.aptoide.pt,10148,0,54787,[],false,true,0,0,54797,
1431972944346,ch.unige.css.services.main.CssRegistryService,ch.unige.ping:background,10149,9975,85196929,[STARTED],false,true,0,0,85196940,
1431972944346,com.google.android.finsky.billing.iab.InAppBillingService,com.android.vending,10024,24677,91571608,[],false,true,1,1,91571619,
1431972944346,org.cyanogenmod.audiofx.HeadsetService,org.cyanogenmod.audiofx,10000,1289,67364,"[PERSISTENT,STARTED]",false,true,0,0,67374,
1431973004274,com.android.bluetooth.hid.HidService,com.android.bluetooth,1002,0,49150,[],false,true,0,0,49160,
1431973004274,com.cleanmaster.service.PermanentService,com.cleanmaster.mguard:service,10138,17133,94138,[STARTED],false,true,1,1,96660173,
1431973004274,com.google.android.music.dial.DialMediaRouteProviderService,com.google.android.music:main,10073,0,57202,[],false,true,0,0,57212,
1431973004274,ch.unige.css.services.PingService,ch.unige.ping,10149,1632,96750043,[STARTED],false,true,0,0,96750054,
1431973004274,com.google.android.search.core.service.BroadcastListenerService,com.google.android.googlequicksearchbox:search,10026,9047,75471,[STARTED],false,true,0,0,85120070,
1431973004274,com.android.systemui.keyguard.KeyguardService,com.android.systemui,10014,930,44352,[PERSISTENT],false,false,2,2,68066,
1431973004274,openiab.StoreService,cm.aptoide.pt,10148,0,54787,[],false,true,0,0,54797,
1431973004274,ch.unige.css.services.main.CssRegistryService,ch.unige.ping:background,10149,9975,85196929,[STARTED],false,true,0,0,85196940,
1431973004274,com.google.android.finsky.billing.iab.InAppBillingService,com.android.vending,10024,24677,91571608,[],false,true,1,1,91571619,
1431973004274,org.cyanogenmod.audiofx.HeadsetService,org.cyanogenmod.audiofx,10000,1289,67364,"[PERSISTENT,STARTED]",false,true,0,0,67374,
1431973064741,com.android.bluetooth.hid.HidService,com.android.bluetooth,1002,0,49150,[],false,true,0,0,49160,
1431973064741,com.cleanmaster.service.PermanentService,com.cleanmaster.mguard:service,10138,17133,94138,[STARTED],false,true,1,1,96660173,
1431973064741,com.google.android.music.dial.DialMediaRouteProviderService,com.google.android.music:main,10073,0,57202,[],false,true,0,0,57212,
1431973064741,ch.unige.css.services.PingService,ch.unige.ping,10149,1632,96810447,[STARTED],false,true,0,0,96810458,
1431973064741,com.google.android.search.core.service.BroadcastListenerService,com.google.android.googlequicksearchbox:search,10026,9047,75471,[STARTED],false,true,0,0,85120070,
1431973064741,com.android.systemui.keyguard.KeyguardService,com.android.systemui,10014,930,44352,[PERSISTENT],false,false,2,2,68066,
1431973064741,openiab.StoreService,cm.aptoide.pt,10148,0,54787,[],false,true,0,0,54797,
1431973064741,ch.unige.css.services.main.CssRegistryService,ch.unige.ping:background,10149,9975,85196929,[STARTED],false,true,0,0,85196940,
1431973064741,com.google.android.finsky.billing.iab.InAppBillingService,com.android.vending,10024,24677,91571608,[],false,true,1,1,91571619,
1431973064741,org.cyanogenmod.audiofx.HeadsetService,org.cyanogenmod.audiofx,10000,1289,67364,"[PERSISTENT,STARTED]",false,true,0,0,67374,
1431973125047,com.android.bluetooth.hid.HidService,com.android.bluetooth,1002,0,49150,[],false,true,0,0,49160,
1431973125047,com.cleanmaster.service.PermanentService,com.cleanmaster.mguard:service,10138,17133,94138,[STARTED],false,true,1,1,96660173,
1431973125047,com.google.android.music.dial.DialMediaRouteProviderService,com.google.android.music:main,10073,0,57202,[],false,true,0,0,57212,
1431973125047,ch.unige.css.services.PingService,ch.unige.ping,10149,1632,96870748,[STARTED],false,true,0,0,96870759,
1431973125047,com.google.android.search.core.service.BroadcastListenerService,com.google.android.googlequicksearchbox:search,10026,9047,75471,[STARTED],false,true,0,0,85120070,
1431973125047,com.android.systemui.keyguard.KeyguardService,com.android.systemui,10014,930,44352,[PERSISTENT],false,false,2,2,68066,
1431973125047,openiab.StoreService,cm.aptoide.pt,10148,0,54787,[],false,true,0,0,54797,
1431973125047,ch.unige.css.services.main.CssRegistryService,ch.unige.ping:background,10149,9975,85196929,[STARTED],false,true,0,0,85196940,
1431973125047,com.google.android.finsky.billing.iab.InAppBillingService,com.android.vending,10024,24677,91571608,[],false,true,1,1,91571619,
1431973125047,org.cyanogenmod.audiofx.HeadsetService,org.cyanogenmod.audiofx,10000,1289,67364,"[PERSISTENT,STARTED]",false,true,0,0,67374,
1431973185306,com.android.bluetooth.hid.HidService,com.android.bluetooth,1002,0,49150,[],false,true,0,0,49160,
1431973185306,com.cleanmaster.service.PermanentService,com.cleanmaster.mguard:service,10138,17133,94138,[STARTED],false,true,1,1,96660173,
1431973185306,com.google.android.music.dial.DialMediaRouteProviderService,com.google.android.music:main,10073,0,57202,[],false,true,0,0,57212,
1431973185306,ch.unige.css.services.PingService,ch.unige.ping,10149,1632,96931040,[STARTED],false,true,0,0,96931052,
1431973185306,com.google.android.search.core.service.BroadcastListenerService,com.google.android.googlequicksearchbox:search,10026,9047,75471,[STARTED],false,true,0,0,85120070,
1431973185306,com.android.systemui.keyguard.KeyguardService,com.android.systemui,10014,930,44352,[PERSISTENT],false,false,2,2,68066,
1431973185306,openiab.StoreService,cm.aptoide.pt,10148,0,54787,[],false,true,0,0,54797,
1431973185306,ch.unige.css.services.main.CssRegistryService,ch.unige.ping:background,10149,9975,85196929,[STARTED],false,true,0,0,85196940,
1431973185306,com.google.android.finsky.billing.iab.InAppBillingService,com.android.vending,10024,24677,91571608,[],false,true,1,1,91571619,
1431973185306,org.cyanogenmod.audiofx.HeadsetService,org.cyanogenmod.audiofx,10000,1289,67364,"[PERSISTENT,STARTED]",false,true,0,0,67374,
1431973250229,com.android.bluetooth.hid.HidService,com.android.bluetooth,1002,0,49150,[],false,true,0,0,49160,
1431973250229,com.cleanmaster.service.PermanentService,com.cleanmaster.mguard:service,10138,17133,94138,[STARTED],false,true,1,1,96660173,
1431973250229,com.google.android.music.dial.DialMediaRouteProviderService,com.google.android.music:main,10073,0,57202,[],false,true,0,0,57212,
1431973250229,ch.unige.css.services.PingService,ch.unige.ping,10149,1632,96995952,[STARTED],false,true,0,0,96995963,
1431973250229,com.google.android.search.core.service.BroadcastListenerService,com.google.android.googlequicksearchbox:search,10026,9047,75471,[STARTED],false,true,0,0,85120070,
1431973250229,com.android.systemui.keyguard.KeyguardService,com.android.systemui,10014,930,44352,[PERSISTENT],false,false,2,2,68066,
1431973250229,openiab.StoreService,cm.aptoide.pt,10148,0,54787,[],false,true,0,0,54797,
1431973250229,ch.unige.css.services.main.CssRegistryService,ch.unige.ping:background,10149,9975,85196929,[STARTED],false,true,0,0,85196940,
1431973250229,com.google.android.finsky.billing.iab.InAppBillingService,com.android.vending,10024,24677,91571608,[],false,true,1,1,91571619,
1431973250229,org.cyanogenmod.audiofx.HeadsetService,org.cyanogenmod.audiofx,10000,1289,67364,"[PERSISTENT,STARTED]",false,true,0,0,67374,
1431973310600,com.android.bluetooth.hid.HidService,com.android.bluetooth,1002,0,49150,[],false,true,0,0,49160,
1431973310600,com.cleanmaster.service.PermanentService,com.cleanmaster.mguard:service,10138,17133,94138,[STARTED],false,true,1,1,96660173,
1431973310600,com.google.android.music.dial.DialMediaRouteProviderService,com.google.android.music:main,10073,0,57202,[],false,true,0,0,57212,
1431973310600,ch.unige.css.services.PingService,ch.unige.ping,10149,1632,97056348,[STARTED],false,true,0,0,97056359,
1431973310600,com.google.android.search.core.service.BroadcastListenerService,com.google.android.googlequicksearchbox:search,10026,9047,75471,[STARTED],false,true,0,0,85120070,
1431973310600,com.android.systemui.keyguard.KeyguardService,com.android.systemui,10014,930,44352,[PERSISTENT],false,false,2,2,68066,
1431973310600,openiab.StoreService,cm.aptoide.pt,10148,0,54787,[],false,true,0,0,54797,
1431973310600,ch.unige.css.services.main.CssRegistryService,ch.unige.ping:background,10149,9975,85196929,[STARTED],false,true,0,0,85196940,
1431973310600,com.google.android.finsky.billing.iab.InAppBillingService,com.android.vending,10024,24677,91571608,[],false,true,1,1,91571619,
1431973310600,org.cyanogenmod.audiofx.HeadsetService,org.cyanogenmod.audiofx,10000,1289,67364,"[PERSISTENT,STARTED]",false,true,0,0,67374,
1431973371032,com.android.bluetooth.hid.HidService,com.android.bluetooth,1002,0,49150,[],false,true,0,0,49160,
1431973371032,com.cleanmaster.service.PermanentService,com.cleanmaster.mguard:service,10138,17133,94138,[STARTED],false,true,1,1,96660173,
1431973371032,com.google.android.music.dial.DialMediaRouteProviderService,com.google.android.music:main,10073,0,57202,[],false,true,0,0,57212,
1431973371032,ch.unige.css.services.PingService,ch.unige.ping,10149,1632,97116684,[STARTED],false,true,0,0,97116695,
1431973371032,com.google.android.search.core.service.BroadcastListenerService,com.google.android.googlequicksearchbox:search,10026,9047,75471,[STARTED],false,true,0,0,85120070,
1431973371032,com.android.systemui.keyguard.KeyguardService,com.android.systemui,10014,930,44352,[PERSISTENT],false,false,2,2,68066,
1431973371032,openiab.StoreService,cm.aptoide.pt,10148,0,54787,[],false,true,0,0,54797,
1431973371032,ch.unige.css.services.main.CssRegistryService,ch.unige.ping:background,10149,9975,85196929,[STARTED],false,true,0,0,85196940,
1431973371032,com.google.android.finsky.billing.iab.InAppBillingService,com.android.vending,10024,24677,91571608,[],false,true,1,1,91571619,
1431973371032,org.cyanogenmod.audiofx.HeadsetService,org.cyanogenmod.audiofx,10000,1289,67364,"[PERSISTENT,STARTED]",false,true,0,0,67374,
1431973431265,com.android.bluetooth.hid.HidService,com.android.bluetooth,1002,0,49150,[],false,true,0,0,49160,
1431973431265,com.cleanmaster.service.PermanentService,com.cleanmaster.mguard:service,10138,17133,94138,[STARTED],false,true,1,1,96660173,
1431973431265,com.google.android.music.dial.DialMediaRouteProviderService,com.google.android.music:main,10073,0,57202,[],false,true,0,0,57212,
1431973431265,ch.unige.css.services.PingService,ch.unige.ping,10149,1632,97176996,[STARTED],false,true,0,0,97177007,
1431973431265,com.google.android.search.core.service.BroadcastListenerService,com.google.android.googlequicksearchbox:search,10026,9047,75471,[STARTED],false,true,0,0,85120070,
1431973431265,com.android.systemui.keyguard.KeyguardService,com.android.systemui,10014,930,44352,[PERSISTENT],false,false,2,2,68066,
1431973431265,openiab.StoreService,cm.aptoide.pt,10148,0,54787,[],false,true,0,0,54797,
1431973431265,ch.unige.css.services.main.CssRegistryService,ch.unige.ping:background,10149,9975,85196929,[STARTED],false,true,0,0,85196940,
1431973431265,com.google.android.finsky.billing.iab.InAppBillingService,com.android.vending,10024,24677,91571608,[],false,true,1,1,91571619,
1431973431265,org.cyanogenmod.audiofx.HeadsetService,org.cyanogenmod.audiofx,10000,1289,67364,"[PERSISTENT,STARTED]",false,true,0,0,67374,
1431973491308,com.android.bluetooth.hid.HidService,com.android.bluetooth,1002,0,49150,[],false,true,0,0,49160,
1431973491308,com.cleanmaster.service.PermanentService,com.cleanmaster.mguard:service,10138,17133,94138,[STARTED],false,true,1,1,97186311,
1431973491308,com.google.android.music.dial.DialMediaRouteProviderService,com.google.android.music:main,10073,0,57202,[],false,true,0,0,57212,
1431973491308,ch.unige.css.services.PingService,ch.unige.ping,10149,1632,97237060,[STARTED],false,true,0,0,97237072,
1431973491308,com.google.android.search.core.service.BroadcastListenerService,com.google.android.googlequicksearchbox:search,10026,9047,75471,[STARTED],false,true,0,0,85120070,
1431973491308,com.android.systemui.keyguard.KeyguardService,com.android.systemui,10014,930,44352,[PERSISTENT],false,false,2,2,68066,
1431973491308,openiab.StoreService,cm.aptoide.pt,10148,0,54787,[],false,true,0,0,54797,
1431973491308,ch.unige.css.services.main.CssRegistryService,ch.unige.ping:background,10149,9975,85196929,[STARTED],false,true,0,0,85196940,
1431973491308,com.google.android.finsky.billing.iab.InAppBillingService,com.android.vending,10024,24677,91571608,[],false,true,1,1,91571619,
1431973491308,org.cyanogenmod.audiofx.HeadsetService,org.cyanogenmod.audiofx,10000,1289,67364,"[PERSISTENT,STARTED]",false,true,0,0,67374,
1431973554922,com.android.bluetooth.hid.HidService,com.android.bluetooth,1002,0,49150,[],false,true,0,0,49160,
1431973554922,com.cleanmaster.service.PermanentService,com.cleanmaster.mguard:service,10138,17133,94138,[STARTED],false,true,1,1,97186311,
1431973554922,com.google.android.music.dial.DialMediaRouteProviderService,com.google.android.music:main,10073,0,57202,[],false,true,0,0,57212,
1431973554922,ch.unige.css.services.PingService,ch.unige.ping,10149,1632,97300651,[STARTED],false,true,0,0,97300662,
1431973554922,com.google.android.search.core.service.BroadcastListenerService,com.google.android.googlequicksearchbox:search,10026,9047,75471,[STARTED],false,true,0,0,85120070,
1431973554922,com.android.systemui.keyguard.KeyguardService,com.android.systemui,10014,930,44352,[PERSISTENT],false,false,2,2,68066,
1431973554922,openiab.StoreService,cm.aptoide.pt,10148,0,54787,[],false,true,0,0,54797,
1431973554922,ch.unige.css.services.main.CssRegistryService,ch.unige.ping:background,10149,9975,85196929,[STARTED],false,true,0,0,85196940,
1431973554922,com.google.android.finsky.billing.iab.InAppBillingService,com.android.vending,10024,24677,91571608,[],false,true,1,1,91571619,
1431973554922,org.cyanogenmod.audiofx.HeadsetService,org.cyanogenmod.audiofx,10000,1289,67364,"[PERSISTENT,STARTED]",false,true,0,0,67374,
1431973615339,com.android.bluetooth.hid.HidService,com.android.bluetooth,1002,0,49150,[],false,true,0,0,49160,
1431973615339,com.cleanmaster.service.PermanentService,com.cleanmaster.mguard:service,10138,17133,94138,[STARTED],false,true,1,1,97186311,
1431973615339,com.google.android.music.dial.DialMediaRouteProviderService,com.google.android.music:main,10073,0,57202,[],false,true,0,0,57212,
1431973615339,ch.unige.css.services.PingService,ch.unige.ping,10149,1632,97360957,[STARTED],false,true,0,0,97360968,
1431973615339,com.google.android.search.core.service.BroadcastListenerService,com.google.android.googlequicksearchbox:search,10026,9047,75471,[STARTED],false,true,0,0,85120070,
1431973615339,com.android.systemui.keyguard.KeyguardService,com.android.systemui,10014,930,44352,[PERSISTENT],false,false,2,2,68066,
1431973615339,openiab.StoreService,cm.aptoide.pt,10148,0,54787,[],false,true,0,0,54797,
1431973615339,ch.unige.css.services.main.CssRegistryService,ch.unige.ping:background,10149,9975,85196929,[STARTED],false,true,0,0,85196940,
1431973615339,com.google.android.finsky.billing.iab.InAppBillingService,com.android.vending,10024,24677,91571608,[],false,true,1,1,91571619,
1431973615339,org.cyanogenmod.audiofx.HeadsetService,org.cyanogenmod.audiofx,10000,1289,67364,"[PERSISTENT,STARTED]",false,true,0,0,67374,
1431973675569,com.android.bluetooth.hid.HidService,com.android.bluetooth,1002,0,49150,[],false,true,0,0,49160,
1431973675569,com.cleanmaster.service.PermanentService,com.cleanmaster.mguard:service,10138,17133,94138,[STARTED],false,true,1,1,97186311,
1431973675569,com.google.android.music.dial.DialMediaRouteProviderService,com.google.android.music:main,10073,0,57202,[],false,true,0,0,57212,
1431973675569,ch.unige.css.services.PingService,ch.unige.ping,10149,1632,97421292,[STARTED],false,true,0,0,97421303,
1431973675569,com.google.android.search.core.service.BroadcastListenerService,com.google.android.googlequicksearchbox:search,10026,9047,75471,[STARTED],false,true,0,0,85120070,
1431973675569,com.android.systemui.keyguard.KeyguardService,com.android.systemui,10014,930,44352,[PERSISTENT],false,false,2,2,68066,
1431973675569,openiab.StoreService,cm.aptoide.pt,10148,0,54787,[],false,true,0,0,54797,
1431973675569,ch.unige.css.services.main.CssRegistryService,ch.unige.ping:background,10149,9975,85196929,[STARTED],false,true,0,0,85196940,
1431973675569,com.google.android.finsky.billing.iab.InAppBillingService,com.android.vending,10024,24677,91571608,[],false,true,1,1,91571619,
1431973675569,org.cyanogenmod.audiofx.HeadsetService,org.cyanogenmod.audiofx,10000,1289,67364,"[PERSISTENT,STARTED]",false,true,0,0,67374,
1431973735799,com.android.bluetooth.hid.HidService,com.android.bluetooth,1002,0,49150,[],false,true,0,0,49160,
1431973735799,com.cleanmaster.service.PermanentService,com.cleanmaster.mguard:service,10138,17133,94138,[STARTED],false,true,1,1,97186311,
1431973735799,com.google.android.music.dial.DialMediaRouteProviderService,com.google.android.music:main,10073,0,57202,[],false,true,0,0,57212,
1431973735799,ch.unige.css.services.PingService,ch.unige.ping,10149,1632,97481537,[STARTED],false,true,0,0,97481548,
1431973735799,com.google.android.search.core.service.BroadcastListenerService,com.google.android.googlequicksearchbox:search,10026,9047,75471,[STARTED],false,true,0,0,85120070,
1431973735799,com.android.systemui.keyguard.KeyguardService,com.android.systemui,10014,930,44352,[PERSISTENT],false,false,2,2,68066,
1431973735799,openiab.StoreService,cm.aptoide.pt,10148,0,54787,[],false,true,0,0,54797,
1431973735799,ch.unige.css.services.main.CssRegistryService,ch.unige.ping:background,10149,9975,85196929,[STARTED],false,true,0,0,85196940,
1431973735799,com.google.android.finsky.billing.iab.InAppBillingService,com.android.vending,10024,24677,91571608,[],false,true,1,1,91571619,
1431973735799,org.cyanogenmod.audiofx.HeadsetService,org.cyanogenmod.audiofx,10000,1289,67364,"[PERSISTENT,STARTED]",false,true,0,0,67374,
1431973795759,com.android.bluetooth.hid.HidService,com.android.bluetooth,1002,0,49150,[],false,true,0,0,49160,
1431973795759,com.google.android.gms.mdm.services.NetworkQualityAndroidService,com.google.android.gms,10020,1729,97540169,[],false,true,1,1,97540180,
1431973795759,com.cleanmaster.service.PermanentService,com.cleanmaster.mguard:service,10138,17133,94138,[STARTED],false,true,1,1,97186311,
1431973795759,com.google.android.music.dial.DialMediaRouteProviderService,com.google.android.music:main,10073,0,57202,[],false,true,0,0,57212,
1431973795759,ch.unige.css.services.PingService,ch.unige.ping,10149,1632,97541558,[STARTED],false,true,0,0,97541569,
1431973795759,com.google.android.search.core.service.BroadcastListenerService,com.google.android.googlequicksearchbox:search,10026,5527,75471,[STARTED],false,true,0,0,97540772,
1431973795759,com.google.android.gm.provider.MailSyncAdapterService,com.google.android.gm,10068,5369,97538116,[],false,true,1,1,97538264,
1431973795759,com.android.systemui.keyguard.KeyguardService,com.android.systemui,10014,930,44352,[PERSISTENT],false,false,2,2,68066,
1431973795759,openiab.StoreService,cm.aptoide.pt,10148,0,54787,[],false,true,0,0,54797,
1431973795759,ch.unige.css.services.main.CssRegistryService,ch.unige.ping:background,10149,9975,85196929,[STARTED],false,true,0,0,85196940,
1431973858046,com.android.bluetooth.hid.HidService,com.android.bluetooth,1002,0,49150,[],false,true,0,0,49160,
1431973858046,com.cleanmaster.service.PermanentService,com.cleanmaster.mguard:service,10138,17133,94138,[STARTED],false,true,1,1,97186311,
1431973858046,com.google.android.music.dial.DialMediaRouteProviderService,com.google.android.music:main,10073,0,57202,[],false,true,0,0,57212,
1431973858046,ch.unige.css.services.PingService,ch.unige.ping,10149,1632,97603785,[STARTED],false,true,0,0,97603796,
1431973858046,com.google.android.search.core.service.BroadcastListenerService,com.google.android.googlequicksearchbox:search,10026,5527,75471,[STARTED],false,true,0,0,97540772,
1431973858046,com.android.systemui.keyguard.KeyguardService,com.android.systemui,10014,930,44352,[PERSISTENT],false,false,2,2,68066,
1431973858046,openiab.StoreService,cm.aptoide.pt,10148,0,54787,[],false,true,0,0,54797,
1431973858046,ch.unige.css.services.main.CssRegistryService,ch.unige.ping:background,10149,9975,85196929,[STARTED],false,true,0,0,85196940,
1431973858046,com.google.android.finsky.billing.iab.InAppBillingService,com.android.vending,10024,24677,91571608,[],false,true,1,1,97543560,
1431973858046,org.cyanogenmod.audiofx.HeadsetService,org.cyanogenmod.audiofx,10000,1289,67364,"[PERSISTENT,STARTED]",false,true,0,0,67374,
1431973918280,com.android.bluetooth.hid.HidService,com.android.bluetooth,1002,0,49150,[],false,true,0,0,49160,
1431973918280,com.cleanmaster.service.PermanentService,com.cleanmaster.mguard:service,10138,17133,94138,[STARTED],false,true,1,1,97186311,
1431973918280,com.google.android.music.dial.DialMediaRouteProviderService,com.google.android.music:main,10073,0,57202,[],false,true,0,0,57212,
1431973918280,ch.unige.css.services.PingService,ch.unige.ping,10149,1632,97664002,[STARTED],false,true,0,0,97664013,
1431973918280,com.google.android.search.core.service.BroadcastListenerService,com.google.android.googlequicksearchbox:search,10026,5527,75471,[STARTED],false,true,0,0,97540772,
1431973918280,com.android.systemui.keyguard.KeyguardService,com.android.systemui,10014,930,44352,[PERSISTENT],false,false,2,2,68066,
1431973918280,openiab.StoreService,cm.aptoide.pt,10148,0,54787,[],false,true,0,0,54797,
1431973918280,ch.unige.css.services.main.CssRegistryService,ch.unige.ping:background,10149,9975,85196929,[STARTED],false,true,0,0,85196940,
1431973918280,com.google.android.finsky.billing.iab.InAppBillingService,com.android.vending,10024,24677,91571608,[],false,true,1,1,97543560,
1431973918280,org.cyanogenmod.audiofx.HeadsetService,org.cyanogenmod.audiofx,10000,1289,67364,"[PERSISTENT,STARTED]",false,true,0,0,67374,
1431973978665,com.android.bluetooth.hid.HidService,com.android.bluetooth,1002,0,49150,[],false,true,0,0,49160,
1431973978665,com.cleanmaster.service.PermanentService,com.cleanmaster.mguard:service,10138,17133,94138,[STARTED],false,true,1,1,97186311,
1431973978665,com.google.android.music.dial.DialMediaRouteProviderService,com.google.android.music:main,10073,0,57202,[],false,true,0,0,57212,
1431973978665,ch.unige.css.services.PingService,ch.unige.ping,10149,1632,97724309,[STARTED],false,true,0,0,97724320,
1431973978665,com.google.android.search.core.service.BroadcastListenerService,com.google.android.googlequicksearchbox:search,10026,5527,75471,[STARTED],false,true,0,0,97540772,
1431973978665,com.android.systemui.keyguard.KeyguardService,com.android.systemui,10014,930,44352,[PERSISTENT],false,false,2,2,68066,
1431973978665,openiab.StoreService,cm.aptoide.pt,10148,0,54787,[],false,true,0,0,54797,
1431973978665,ch.unige.css.services.main.CssRegistryService,ch.unige.ping:background,10149,9975,85196929,[STARTED],false,true,0,0,85196940,
1431973978665,com.google.android.finsky.billing.iab.InAppBillingService,com.android.vending,10024,24677,91571608,[],false,true,1,1,97543560,
1431973978665,org.cyanogenmod.audiofx.HeadsetService,org.cyanogenmod.audiofx,10000,1289,67364,"[PERSISTENT,STARTED]",false,true,0,0,67374,
1431974038856,com.android.bluetooth.hid.HidService,com.android.bluetooth,1002,0,49150,[],false,true,0,0,49160,
1431974038856,com.cleanmaster.service.PermanentService,com.cleanmaster.mguard:service,10138,17133,94138,[STARTED],false,true,1,1,97186311,
1431974038856,com.google.android.music.dial.DialMediaRouteProviderService,com.google.android.music:main,10073,0,57202,[],false,true,0,0,57212,
1431974038856,ch.unige.css.services.PingService,ch.unige.ping,10149,1632,97784593,[STARTED],false,true,0,0,97784605,
1431974038856,com.google.android.search.core.service.BroadcastListenerService,com.google.android.googlequicksearchbox:search,10026,5527,75471,[STARTED],false,true,0,0,97540772,
1431974038856,com.android.systemui.keyguard.KeyguardService,com.android.systemui,10014,930,44352,[PERSISTENT],false,false,2,2,68066,
1431974038856,openiab.StoreService,cm.aptoide.pt,10148,0,54787,[],false,true,0,0,54797,
1431974038856,ch.unige.css.services.main.CssRegistryService,ch.unige.ping:background,10149,9975,85196929,[STARTED],false,true,0,0,85196940,
1431974038856,com.google.android.finsky.billing.iab.InAppBillingService,com.android.vending,10024,24677,91571608,[],false,true,1,1,97543560,
1431974038856,org.cyanogenmod.audiofx.HeadsetService,org.cyanogenmod.audiofx,10000,1289,67364,"[PERSISTENT,STARTED]",false,true,0,0,67374,
1431974099088,com.android.bluetooth.hid.HidService,com.android.bluetooth,1002,0,49150,[],false,true,0,0,49160,
1431974099088,com.cleanmaster.service.PermanentService,com.cleanmaster.mguard:service,10138,17133,94138,[STARTED],false,true,1,1,97793084,
1431974099088,com.google.android.music.dial.DialMediaRouteProviderService,com.google.android.music:main,10073,0,57202,[],false,true,0,0,57212,
1431974099088,ch.unige.css.services.PingService,ch.unige.ping,10149,1632,97844837,[STARTED],false,true,0,0,97844848,
1431974099088,com.google.android.search.core.service.BroadcastListenerService,com.google.android.googlequicksearchbox:search,10026,5527,75471,[STARTED],false,true,0,0,97540772,
1431974099088,com.android.systemui.keyguard.KeyguardService,com.android.systemui,10014,930,44352,[PERSISTENT],false,false,2,2,68066,
1431974099088,openiab.StoreService,cm.aptoide.pt,10148,0,54787,[],false,true,0,0,54797,
1431974099088,ch.unige.css.services.main.CssRegistryService,ch.unige.ping:background,10149,9975,85196929,[STARTED],false,true,0,0,85196940,
1431974099088,com.google.android.finsky.billing.iab.InAppBillingService,com.android.vending,10024,24677,91571608,[],false,true,1,1,97543560,
1431974099088,org.cyanogenmod.audiofx.HeadsetService,org.cyanogenmod.audiofx,10000,1289,67364,"[PERSISTENT,STARTED]",false,true,0,0,67374,
1431974159410,com.android.bluetooth.hid.HidService,com.android.bluetooth,1002,0,49150,[],false,true,0,0,49160,
1431974159410,com.cleanmaster.service.PermanentService,com.cleanmaster.mguard:service,10138,17133,94138,[STARTED],false,true,1,1,97793084,
1431974159410,com.google.android.music.dial.DialMediaRouteProviderService,com.google.android.music:main,10073,0,57202,[],false,true,0,0,57212,
1431974159410,ch.unige.css.services.PingService,ch.unige.ping,10149,1632,97905141,[STARTED],false,true,0,0,97905152,
1431974159410,com.google.android.search.core.service.BroadcastListenerService,com.google.android.googlequicksearchbox:search,10026,5527,75471,[STARTED],false,true,0,0,97540772,
1431974159410,com.android.systemui.keyguard.KeyguardService,com.android.systemui,10014,930,44352,[PERSISTENT],false,false,2,2,68066,
1431974159410,openiab.StoreService,cm.aptoide.pt,10148,0,54787,[],false,true,0,0,54797,
1431974159410,ch.unige.css.services.main.CssRegistryService,ch.unige.ping:background,10149,9975,85196929,[STARTED],false,true,0,0,85196940,
1431974159410,com.google.android.finsky.billing.iab.InAppBillingService,com.android.vending,10024,24677,91571608,[],false,true,1,1,97543560,
1431974159410,org.cyanogenmod.audiofx.HeadsetService,org.cyanogenmod.audiofx,10000,1289,67364,"[PERSISTENT,STARTED]",false,true,0,0,67374,
1431974219823,com.android.bluetooth.hid.HidService,com.android.bluetooth,1002,0,49150,[],false,true,0,0,49160,
1431974219823,com.cleanmaster.service.PermanentService,com.cleanmaster.mguard:service,10138,17133,94138,[STARTED],false,true,1,1,97793084,
1431974219823,com.google.android.music.dial.DialMediaRouteProviderService,com.google.android.music:main,10073,0,57202,[],false,true,0,0,57212,
1431974219823,ch.unige.css.services.PingService,ch.unige.ping,10149,1632,97965541,[STARTED],false,true,0,0,97965552,
1431974219823,com.google.android.search.core.service.BroadcastListenerService,com.google.android.googlequicksearchbox:search,10026,5527,75471,[STARTED],false,true,0,0,97540772,
1431974219823,com.android.systemui.keyguard.KeyguardService,com.android.systemui,10014,930,44352,[PERSISTENT],false,false,2,2,68066,
1431974219823,openiab.StoreService,cm.aptoide.pt,10148,0,54787,[],false,true,0,0,54797,
1431974219823,ch.unige.css.services.main.CssRegistryService,ch.unige.ping:background,10149,9975,85196929,[STARTED],false,true,0,0,85196940,
1431974219823,com.google.android.finsky.billing.iab.InAppBillingService,com.android.vending,10024,24677,91571608,[],false,true,1,1,97543560,
1431974219823,org.cyanogenmod.audiofx.HeadsetService,org.cyanogenmod.audiofx,10000,1289,67364,"[PERSISTENT,STARTED]",false,true,0,0,67374,
1431974280104,com.android.bluetooth.hid.HidService,com.android.bluetooth,1002,0,49150,[],false,true,0,0,49160,
1431974280104,com.cleanmaster.service.PermanentService,com.cleanmaster.mguard:service,10138,17133,94138,[STARTED],false,true,1,1,97793084,
1431974280104,com.google.android.music.dial.DialMediaRouteProviderService,com.google.android.music:main,10073,0,57202,[],false,true,0,0,57212,
1431974280104,ch.unige.css.services.PingService,ch.unige.ping,10149,1632,98025859,[STARTED],false,true,0,0,98025870,
1431974280104,com.google.android.search.core.service.BroadcastListenerService,com.google.android.googlequicksearchbox:search,10026,5527,75471,[STARTED],false,true,0,0,97540772,
1431974280104,com.android.systemui.keyguard.KeyguardService,com.android.systemui,10014,930,44352,[PERSISTENT],false,false,2,2,68066,
1431974280104,openiab.StoreService,cm.aptoide.pt,10148,0,54787,[],false,true,0,0,54797,
1431974280104,ch.unige.css.services.main.CssRegistryService,ch.unige.ping:background,10149,9975,85196929,[STARTED],false,true,0,0,85196940,
1431974280104,com.google.android.finsky.billing.iab.InAppBillingService,com.android.vending,10024,24677,91571608,[],false,true,1,1,97543560,
1431974280104,org.cyanogenmod.audiofx.HeadsetService,org.cyanogenmod.audiofx,10000,1289,67364,"[PERSISTENT,STARTED]",false,true,0,0,67374,
1431974340725,com.android.bluetooth.hid.HidService,com.android.bluetooth,1002,0,49150,[],false,true,0,0,49160,
1431974340725,com.cleanmaster.service.PermanentService,com.cleanmaster.mguard:service,10138,17133,94138,[STARTED],false,true,1,1,97793084,
1431974340725,com.google.android.music.dial.DialMediaRouteProviderService,com.google.android.music:main,10073,0,57202,[],false,true,0,0,57212,
1431974340725,ch.unige.css.services.PingService,ch.unige.ping,10149,1632,98086339,[STARTED],false,true,0,0,98086351,
1431974340725,com.google.android.search.core.service.BroadcastListenerService,com.google.android.googlequicksearchbox:search,10026,5527,75471,[STARTED],false,true,0,0,97540772,
1431974340725,ch.unige.css.services.UserActivityService,ch.unige.ping,10149,1632,98086513,[STARTED],false,true,0,0,98086525,
1431974340725,com.android.systemui.keyguard.KeyguardService,com.android.systemui,10014,930,44352,[PERSISTENT],false,false,2,2,68066,
1431974340725,openiab.StoreService,cm.aptoide.pt,10148,0,54787,[],false,true,0,0,54797,
1431974340725,ch.unige.css.services.main.CssRegistryService,ch.unige.ping:background,10149,9975,85196929,[STARTED],false,true,0,0,85196940,
1431974340725,com.google.android.finsky.billing.iab.InAppBillingService,com.android.vending,10024,24677,91571608,[],false,true,1,1,97543560,
1431974400919,com.android.bluetooth.hid.HidService,com.android.bluetooth,1002,0,49150,[],false,true,0,0,49160,
1431974400919,com.cleanmaster.service.PermanentService,com.cleanmaster.mguard:service,10138,17133,94138,[STARTED],false,true,1,1,97793084,
1431974400919,com.google.android.music.dial.DialMediaRouteProviderService,com.google.android.music:main,10073,0,57202,[],false,true,0,0,57212,
1431974400919,ch.unige.css.services.PingService,ch.unige.ping,10149,1632,98146642,[STARTED],false,true,0,0,98146653,
1431974400919,com.google.android.search.core.service.BroadcastListenerService,com.google.android.googlequicksearchbox:search,10026,5527,75471,[STARTED],false,true,0,0,97540772,
1431974400919,com.android.systemui.keyguard.KeyguardService,com.android.systemui,10014,930,44352,[PERSISTENT],false,false,2,2,68066,
1431974400919,openiab.StoreService,cm.aptoide.pt,10148,0,54787,[],false,true,0,0,54797,
1431974400919,ch.unige.css.services.main.CssRegistryService,ch.unige.ping:background,10149,9975,85196929,[STARTED],false,true,0,0,85196940,
1431974400919,com.google.android.finsky.billing.iab.InAppBillingService,com.android.vending,10024,24677,91571608,[],false,true,1,1,97543560,
1431974400919,org.cyanogenmod.audiofx.HeadsetService,org.cyanogenmod.audiofx,10000,1289,67364,"[PERSISTENT,STARTED]",false,true,0,0,67374,
1431974461175,com.android.bluetooth.hid.HidService,com.android.bluetooth,1002,0,49150,[],false,true,0,0,49160,
1431974461175,com.cleanmaster.service.PermanentService,com.cleanmaster.mguard:service,10138,17133,94138,[STARTED],false,true,1,1,97793084,
1431974461175,com.google.android.music.dial.DialMediaRouteProviderService,com.google.android.music:main,10073,0,57202,[],false,true,0,0,57212,
1431974461175,ch.unige.css.services.PingService,ch.unige.ping,10149,1632,98206917,[STARTED],false,true,0,0,98206928,
1431974461175,com.google.android.search.core.service.BroadcastListenerService,com.google.android.googlequicksearchbox:search,10026,5527,75471,[STARTED],false,true,0,0,97540772,
1431974461175,com.android.systemui.keyguard.KeyguardService,com.android.systemui,10014,930,44352,[PERSISTENT],false,false,2,2,68066,
1431974461175,openiab.StoreService,cm.aptoide.pt,10148,0,54787,[],false,true,0,0,54797,
1431974461175,ch.unige.css.services.main.CssRegistryService,ch.unige.ping:background,10149,9975,85196929,[STARTED],false,true,0,0,85196940,
1431974461175,com.google.android.finsky.billing.iab.InAppBillingService,com.android.vending,10024,24677,91571608,[],false,true,1,1,97543560,
1431974461175,org.cyanogenmod.audiofx.HeadsetService,org.cyanogenmod.audiofx,10000,1289,67364,"[PERSISTENT,STARTED]",false,true,0,0,67374,
1431974521443,com.android.bluetooth.hid.HidService,com.android.bluetooth,1002,0,49150,[],false,true,0,0,49160,
1431974521443,com.cleanmaster.service.PermanentService,com.cleanmaster.mguard:service,10138,17133,94138,[STARTED],false,true,1,1,97793084,
1431974521443,com.google.android.music.dial.DialMediaRouteProviderService,com.google.android.music:main,10073,0,57202,[],false,true,0,0,57212,
1431974521443,ch.unige.css.services.PingService,ch.unige.ping,10149,1632,98267188,[STARTED],false,true,0,0,98267199,
1431974521443,com.google.android.search.core.service.BroadcastListenerService,com.google.android.googlequicksearchbox:search,10026,5527,75471,[STARTED],false,true,0,0,97540772,
1431974521443,com.android.systemui.keyguard.KeyguardService,com.android.systemui,10014,930,44352,[PERSISTENT],false,false,2,2,68066,
1431974521443,openiab.StoreService,cm.aptoide.pt,10148,0,54787,[],false,true,0,0,54797,
1431974521443,ch.unige.css.services.main.CssRegistryService,ch.unige.ping:background,10149,9975,85196929,[STARTED],false,true,0,0,85196940,
1431974521443,com.google.android.finsky.billing.iab.InAppBillingService,com.android.vending,10024,24677,91571608,[],false,true,1,1,97543560,
1431974521443,org.cyanogenmod.audiofx.HeadsetService,org.cyanogenmod.audiofx,10000,1289,67364,"[PERSISTENT,STARTED]",false,true,0,0,67374,
1431974581918,com.android.bluetooth.hid.HidService,com.android.bluetooth,1002,0,49150,[],false,true,0,0,49160,
1431974581918,com.cleanmaster.service.PermanentService,com.cleanmaster.mguard:service,10138,17133,94138,[STARTED],false,true,1,1,97793084,
1431974581918,com.google.android.music.dial.DialMediaRouteProviderService,com.google.android.music:main,10073,0,57202,[],false,true,0,0,57212,
1431974581918,ch.unige.css.services.PingService,ch.unige.ping,10149,1632,98327565,[STARTED],false,true,0,0,98327577,
1431974581918,com.google.android.search.core.service.BroadcastListenerService,com.google.android.googlequicksearchbox:search,10026,5527,75471,[STARTED],false,true,0,0,97540772,
1431974581918,com.android.systemui.keyguard.KeyguardService,com.android.systemui,10014,930,44352,[PERSISTENT],false,false,2,2,68066,
1431974581918,openiab.StoreService,cm.aptoide.pt,10148,0,54787,[],false,true,0,0,54797,
1431974581918,ch.unige.css.services.main.CssRegistryService,ch.unige.ping:background,10149,9975,85196929,[STARTED],false,true,0,0,85196940,
1431974581918,com.google.android.finsky.billing.iab.InAppBillingService,com.android.vending,10024,24677,91571608,[],false,true,1,1,97543560,
1431974581918,org.cyanogenmod.audiofx.HeadsetService,org.cyanogenmod.audiofx,10000,1289,67364,"[PERSISTENT,STARTED]",false,true,0,0,67374,
1431974642317,com.android.bluetooth.hid.HidService,com.android.bluetooth,1002,0,49150,[],false,true,0,0,49160,
1431974642317,com.cleanmaster.service.PermanentService,com.cleanmaster.mguard:service,10138,17133,94138,[STARTED],false,true,1,1,97793084,
1431974642317,com.google.android.music.dial.DialMediaRouteProviderService,com.google.android.music:main,10073,0,57202,[],false,true,0,0,57212,
1431974642317,ch.unige.css.services.PingService,ch.unige.ping,10149,1632,98387862,[STARTED],false,true,0,0,98387874,
1431974642317,com.google.android.search.core.service.BroadcastListenerService,com.google.android.googlequicksearchbox:search,10026,5527,75471,[STARTED],false,true,0,0,97540772,
1431974642317,com.android.systemui.keyguard.KeyguardService,com.android.systemui,10014,930,44352,[PERSISTENT],false,false,2,2,68066,
1431974642317,openiab.StoreService,cm.aptoide.pt,10148,0,54787,[],false,true,0,0,54797,
1431974642317,ch.unige.css.services.main.CssRegistryService,ch.unige.ping:background,10149,9975,85196929,[STARTED],false,true,0,0,85196940,
1431974642317,com.google.android.finsky.billing.iab.InAppBillingService,com.android.vending,10024,24677,91571608,[],false,true,1,1,97543560,
1431974642317,org.cyanogenmod.audiofx.HeadsetService,org.cyanogenmod.audiofx,10000,1289,67364,"[PERSISTENT,STARTED]",false,true,0,0,67374,
1431974702575,com.android.bluetooth.hid.HidService,com.android.bluetooth,1002,0,49150,[],false,true,0,0,49160,
1431974702575,com.cleanmaster.service.PermanentService,com.cleanmaster.mguard:service,10138,17133,94138,[STARTED],false,true,1,1,97793084,
1431974702575,com.google.android.music.dial.DialMediaRouteProviderService,com.google.android.music:main,10073,0,57202,[],false,true,0,0,57212,
1431974702575,ch.unige.css.services.PingService,ch.unige.ping,10149,1632,98448298,[STARTED],false,true,0,0,98448309,
1431974702575,com.google.android.search.core.service.BroadcastListenerService,com.google.android.googlequicksearchbox:search,10026,5527,75471,[STARTED],false,true,0,0,97540772,
1431974702575,com.android.systemui.keyguard.KeyguardService,com.android.systemui,10014,930,44352,[PERSISTENT],false,false,2,2,68066,
1431974702575,openiab.StoreService,cm.aptoide.pt,10148,0,54787,[],false,true,0,0,54797,
1431974702575,ch.unige.css.services.main.CssRegistryService,ch.unige.ping:background,10149,9975,85196929,[STARTED],false,true,0,0,85196940,
1431974702575,com.google.android.finsky.billing.iab.InAppBillingService,com.android.vending,10024,24677,91571608,[],false,true,1,1,97543560,
1431974702575,org.cyanogenmod.audiofx.HeadsetService,org.cyanogenmod.audiofx,10000,1289,67364,"[PERSISTENT,STARTED]",false,true,0,0,67374,
1431974762879,com.android.bluetooth.hid.HidService,com.android.bluetooth,1002,0,49150,[],false,true,0,0,49160,
1431974762879,com.cleanmaster.service.PermanentService,com.cleanmaster.mguard:service,10138,17133,94138,[STARTED],false,true,1,1,97793084,
1431974762879,com.google.android.music.dial.DialMediaRouteProviderService,com.google.android.music:main,10073,0,57202,[],false,true,0,0,57212,
1431974762879,ch.unige.css.services.PingService,ch.unige.ping,10149,1632,98508616,[STARTED],false,true,0,0,98508627,
1431974762879,com.google.android.search.core.service.BroadcastListenerService,com.google.android.googlequicksearchbox:search,10026,5527,75471,[STARTED],false,true,0,0,97540772,
1431974762879,com.android.systemui.keyguard.KeyguardService,com.android.systemui,10014,930,44352,[PERSISTENT],false,false,2,2,68066,
1431974762879,openiab.StoreService,cm.aptoide.pt,10148,0,54787,[],false,true,0,0,54797,
1431974762879,ch.unige.css.services.main.CssRegistryService,ch.unige.ping:background,10149,9975,85196929,[STARTED],false,true,0,0,85196940,
1431974762879,com.google.android.finsky.billing.iab.InAppBillingService,com.android.vending,10024,24677,91571608,[],false,true,1,1,97543560,
1431974762879,org.cyanogenmod.audiofx.HeadsetService,org.cyanogenmod.audiofx,10000,1289,67364,"[PERSISTENT,STARTED]",false,true,0,0,67374,
1431974823187,com.android.bluetooth.hid.HidService,com.android.bluetooth,1002,0,49150,[],false,true,0,0,49160,
1431974823187,com.cleanmaster.service.PermanentService,com.cleanmaster.mguard:service,10138,17133,94138,[STARTED],false,true,1,1,97793084,
1431974823187,com.google.android.music.dial.DialMediaRouteProviderService,com.google.android.music:main,10073,0,57202,[],false,true,0,0,57212,
1431974823187,ch.unige.css.services.PingService,ch.unige.ping,10149,1632,98568899,[STARTED],false,true,0,0,98568910,
1431974823187,com.google.android.search.core.service.BroadcastListenerService,com.google.android.googlequicksearchbox:search,10026,5527,75471,[STARTED],false,true,0,0,97540772,
1431974823187,com.android.systemui.keyguard.KeyguardService,com.android.systemui,10014,930,44352,[PERSISTENT],false,false,2,2,68066,
1431974823187,openiab.StoreService,cm.aptoide.pt,10148,0,54787,[],false,true,0,0,54797,
1431974823187,ch.unige.css.services.main.CssRegistryService,ch.unige.ping:background,10149,9975,85196929,[STARTED],false,true,0,0,85196940,
1431974823187,com.google.android.finsky.billing.iab.InAppBillingService,com.android.vending,10024,24677,91571608,[],false,true,1,1,97543560,
1431974823187,org.cyanogenmod.audiofx.HeadsetService,org.cyanogenmod.audiofx,10000,1289,67364,"[PERSISTENT,STARTED]",false,true,0,0,67374,
1431974883492,com.android.bluetooth.hid.HidService,com.android.bluetooth,1002,0,49150,[],false,true,0,0,49160,
1431974883492,com.cleanmaster.service.PermanentService,com.cleanmaster.mguard:service,10138,17133,94138,[STARTED],false,true,1,1,97793084,
1431974883492,com.google.android.music.dial.DialMediaRouteProviderService,com.google.android.music:main,10073,0,57202,[],false,true,0,0,57212,
1431974883492,ch.unige.css.services.PingService,ch.unige.ping,10149,1632,98629207,[STARTED],false,true,0,0,98629218,
1431974883492,com.google.android.search.core.service.BroadcastListenerService,com.google.android.googlequicksearchbox:search,10026,5527,75471,[STARTED],false,true,0,0,97540772,
1431974883492,com.android.systemui.keyguard.KeyguardService,com.android.systemui,10014,930,44352,[PERSISTENT],false,false,2,2,68066,
1431974883492,openiab.StoreService,cm.aptoide.pt,10148,0,54787,[],false,true,0,0,54797,
1431974883492,ch.unige.css.services.main.CssRegistryService,ch.unige.ping:background,10149,9975,85196929,[STARTED],false,true,0,0,85196940,
1431974883492,com.google.android.finsky.billing.iab.InAppBillingService,com.android.vending,10024,24677,91571608,[],false,true,1,1,97543560,
1431974883492,org.cyanogenmod.audiofx.HeadsetService,org.cyanogenmod.audiofx,10000,1289,67364,"[PERSISTENT,STARTED]",false,true,0,0,67374,
1431974943739,com.android.bluetooth.hid.HidService,com.android.bluetooth,1002,0,49150,[],false,true,0,0,49160,
1431974943739,com.cleanmaster.service.PermanentService,com.cleanmaster.mguard:service,10138,17133,94138,[STARTED],false,true,1,1,97793084,
1431974943739,com.google.android.music.dial.DialMediaRouteProviderService,com.google.android.music:main,10073,0,57202,[],false,true,0,0,57212,
1431974943739,ch.unige.css.services.PingService,ch.unige.ping,10149,1632,98689456,[STARTED],false,true,0,0,98689467,
1431974943739,com.google.android.search.core.service.BroadcastListenerService,com.google.android.googlequicksearchbox:search,10026,5527,75471,[STARTED],false,true,0,0,97540772,
1431974943739,com.android.systemui.keyguard.KeyguardService,com.android.systemui,10014,930,44352,[PERSISTENT],false,false,2,2,68066,
1431974943739,openiab.StoreService,cm.aptoide.pt,10148,0,54787,[],false,true,0,0,54797,
1431974943739,ch.unige.css.services.main.CssRegistryService,ch.unige.ping:background,10149,9975,85196929,[STARTED],false,true,0,0,85196940,
1431974943739,com.google.android.finsky.billing.iab.InAppBillingService,com.android.vending,10024,24677,91571608,[],false,true,1,1,97543560,
1431974943739,org.cyanogenmod.audiofx.HeadsetService,org.cyanogenmod.audiofx,10000,1289,67364,"[PERSISTENT,STARTED]",false,true,0,0,67374,
1431975004001,com.android.bluetooth.hid.HidService,com.android.bluetooth,1002,0,49150,[],false,true,0,0,49160,
1431975004001,com.cleanmaster.service.PermanentService,com.cleanmaster.mguard:service,10138,17133,94138,[STARTED],false,true,1,1,97793084,
1431975004001,com.google.android.music.dial.DialMediaRouteProviderService,com.google.android.music:main,10073,0,57202,[],false,true,0,0,57212,
1431975004001,ch.unige.css.services.PingService,ch.unige.ping,10149,1632,98749705,[STARTED],false,true,0,0,98749717,
1431975004001,com.google.android.search.core.service.BroadcastListenerService,com.google.android.googlequicksearchbox:search,10026,5527,75471,[STARTED],false,true,0,0,97540772,
1431975004001,com.android.systemui.keyguard.KeyguardService,com.android.systemui,10014,930,44352,[PERSISTENT],false,false,2,2,68066,
1431975004001,openiab.StoreService,cm.aptoide.pt,10148,0,54787,[],false,true,0,0,54797,
1431975004001,ch.unige.css.services.main.CssRegistryService,ch.unige.ping:background,10149,9975,85196929,[STARTED],false,true,0,0,85196940,
1431975004001,com.google.android.finsky.billing.iab.InAppBillingService,com.android.vending,10024,24677,91571608,[],false,true,1,1,97543560,
1431975004001,org.cyanogenmod.audiofx.HeadsetService,org.cyanogenmod.audiofx,10000,1289,67364,"[PERSISTENT,STARTED]",false,true,0,0,67374,
1431975064319,com.android.bluetooth.hid.HidService,com.android.bluetooth,1002,0,49150,[],false,true,0,0,49160,
1431975064319,com.cleanmaster.service.PermanentService,com.cleanmaster.mguard:service,10138,17133,94138,[STARTED],false,true,1,1,97793084,
1431975064319,com.google.android.music.dial.DialMediaRouteProviderService,com.google.android.music:main,10073,0,57202,[],false,true,0,0,57212,
1431975064319,ch.unige.css.services.PingService,ch.unige.ping,10149,1632,98810042,[STARTED],false,true,0,0,98810053,
1431975064319,com.google.android.search.core.service.BroadcastListenerService,com.google.android.googlequicksearchbox:search,10026,5527,75471,[STARTED],false,true,0,0,97540772,
1431975064319,com.android.systemui.keyguard.KeyguardService,com.android.systemui,10014,930,44352,[PERSISTENT],false,false,2,2,68066,
1431975064319,openiab.StoreService,cm.aptoide.pt,10148,0,54787,[],false,true,0,0,54797,
1431975064319,ch.unige.css.services.main.CssRegistryService,ch.unige.ping:background,10149,9975,85196929,[STARTED],false,true,0,0,85196940,
1431975064319,com.google.android.finsky.billing.iab.InAppBillingService,com.android.vending,10024,24677,91571608,[],false,true,1,1,97543560,
1431975064319,org.cyanogenmod.audiofx.HeadsetService,org.cyanogenmod.audiofx,10000,1289,67364,"[PERSISTENT,STARTED]",false,true,0,0,67374,
1431975124537,com.android.bluetooth.hid.HidService,com.android.bluetooth,1002,0,49150,[],false,true,0,0,49160,
1431975124537,com.cleanmaster.service.PermanentService,com.cleanmaster.mguard:service,10138,17133,94138,[STARTED],false,true,1,1,97793084,
1431975124537,com.google.android.music.dial.DialMediaRouteProviderService,com.google.android.music:main,10073,0,57202,[],false,true,0,0,57212,
1431975124537,ch.unige.css.services.PingService,ch.unige.ping,10149,1632,98870262,[STARTED],false,true,0,0,98870274,
1431975124537,com.google.android.search.core.service.BroadcastListenerService,com.google.android.googlequicksearchbox:search,10026,5527,75471,[STARTED],false,true,0,0,97540772,
1431975124537,com.android.systemui.keyguard.KeyguardService,com.android.systemui,10014,930,44352,[PERSISTENT],false,false,2,2,68066,
1431975124537,openiab.StoreService,cm.aptoide.pt,10148,0,54787,[],false,true,0,0,54797,
1431975124537,ch.unige.css.services.main.CssRegistryService,ch.unige.ping:background,10149,9975,85196929,[STARTED],false,true,0,0,85196940,
1431975124537,com.google.android.finsky.billing.iab.InAppBillingService,com.android.vending,10024,24677,91571608,[],false,true,1,1,97543560,
1431975124537,org.cyanogenmod.audiofx.HeadsetService,org.cyanogenmod.audiofx,10000,1289,67364,"[PERSISTENT,STARTED]",false,true,0,0,67374,
1431975184805,com.android.bluetooth.hid.HidService,com.android.bluetooth,1002,0,49150,[],false,true,0,0,49160,
1431975184805,com.cleanmaster.service.PermanentService,com.cleanmaster.mguard:service,10138,17133,94138,[STARTED],false,true,1,1,97793084,
1431975184805,com.google.android.music.dial.DialMediaRouteProviderService,com.google.android.music:main,10073,0,57202,[],false,true,0,0,57212,
1431975184805,ch.unige.css.services.PingService,ch.unige.ping,10149,1632,98930507,[STARTED],false,true,0,0,98930518,
1431975184805,com.google.android.search.core.service.BroadcastListenerService,com.google.android.googlequicksearchbox:search,10026,5527,75471,[STARTED],false,true,0,0,97540772,
1431975184805,com.android.systemui.keyguard.KeyguardService,com.android.systemui,10014,930,44352,[PERSISTENT],false,false,2,2,68066,
1431975184805,openiab.StoreService,cm.aptoide.pt,10148,0,54787,[],false,true,0,0,54797,
1431975184805,ch.unige.css.services.main.CssRegistryService,ch.unige.ping:background,10149,9975,85196929,[STARTED],false,true,0,0,85196940,
1431975184805,com.google.android.finsky.billing.iab.InAppBillingService,com.android.vending,10024,24677,91571608,[],false,true,1,1,97543560,
1431975184805,org.cyanogenmod.audiofx.HeadsetService,org.cyanogenmod.audiofx,10000,1289,67364,"[PERSISTENT,STARTED]",false,true,0,0,67374,
1431975245074,com.android.bluetooth.hid.HidService,com.android.bluetooth,1002,0,49150,[],false,true,0,0,49160,
1431975245074,com.cleanmaster.service.PermanentService,com.cleanmaster.mguard:service,10138,17133,94138,[STARTED],false,true,1,1,97793084,
1431975245074,com.google.android.music.dial.DialMediaRouteProviderService,com.google.android.music:main,10073,0,57202,[],false,true,0,0,57212,
1431975245074,ch.unige.css.services.PingService,ch.unige.ping,10149,1632,98990822,[STARTED],false,true,0,0,98990833,
1431975245074,com.google.android.search.core.service.BroadcastListenerService,com.google.android.googlequicksearchbox:search,10026,5527,75471,[STARTED],false,true,0,0,97540772,
1431975245074,com.android.systemui.keyguard.KeyguardService,com.android.systemui,10014,930,44352,[PERSISTENT],false,false,2,2,68066,
1431975245074,openiab.StoreService,cm.aptoide.pt,10148,0,54787,[],false,true,0,0,54797,
1431975245074,ch.unige.css.services.main.CssRegistryService,ch.unige.ping:background,10149,9975,85196929,[STARTED],false,true,0,0,85196940,
1431975245074,com.google.android.finsky.billing.iab.InAppBillingService,com.android.vending,10024,24677,91571608,[],false,true,1,1,97543560,
1431975245074,org.cyanogenmod.audiofx.HeadsetService,org.cyanogenmod.audiofx,10000,1289,67364,"[PERSISTENT,STARTED]",false,true,0,0,67374,
1431975305164,com.android.bluetooth.hid.HidService,com.android.bluetooth,1002,0,49150,[],false,true,0,0,49160,
1431975305164,com.cleanmaster.service.PermanentService,com.cleanmaster.mguard:service,10138,17133,94138,[STARTED],false,true,1,1,97793084,
1431975305164,com.google.android.music.dial.DialMediaRouteProviderService,com.google.android.music:main,10073,0,57202,[],false,true,0,0,57212,
1431975305164,ch.unige.css.services.PingService,ch.unige.ping,10149,1632,99050918,[STARTED],false,true,0,0,99050929,
1431975305164,com.google.android.search.core.service.BroadcastListenerService,com.google.android.googlequicksearchbox:search,10026,5527,75471,[STARTED],false,true,0,0,97540772,
1431975305164,com.android.systemui.keyguard.KeyguardService,com.android.systemui,10014,930,44352,[PERSISTENT],false,false,2,2,68066,
1431975305164,openiab.StoreService,cm.aptoide.pt,10148,0,54787,[],false,true,0,0,54797,
1431975305164,ch.unige.css.services.main.CssRegistryService,ch.unige.ping:background,10149,9975,85196929,[STARTED],false,true,0,0,85196940,
1431975305164,com.google.android.finsky.billing.iab.InAppBillingService,com.android.vending,10024,24677,91571608,[],false,true,1,1,97543560,
1431975305164,org.cyanogenmod.audiofx.HeadsetService,org.cyanogenmod.audiofx,10000,1289,67364,"[PERSISTENT,STARTED]",false,true,0,0,67374,
1431975365562,com.android.bluetooth.hid.HidService,com.android.bluetooth,1002,0,49150,[],false,true,0,0,49160,
1431975365562,com.cleanmaster.service.PermanentService,com.cleanmaster.mguard:service,10138,17133,94138,[STARTED],false,true,1,1,97793084,
1431975365562,com.google.android.music.dial.DialMediaRouteProviderService,com.google.android.music:main,10073,0,57202,[],false,true,0,0,57212,
1431975365562,ch.unige.css.services.PingService,ch.unige.ping,10149,1632,99111198,[STARTED],false,true,0,0,99111212,
1431975365562,com.google.android.search.core.service.BroadcastListenerService,com.google.android.googlequicksearchbox:search,10026,5527,75471,[STARTED],false,true,0,0,97540772,
1431975365562,ch.unige.css.services.UserActivityService,ch.unige.ping,10149,1632,99111343,[STARTED],false,true,0,0,99111354,
1431975365562,com.android.systemui.keyguard.KeyguardService,com.android.systemui,10014,930,44352,[PERSISTENT],false,false,2,2,68066,
1431975365562,openiab.StoreService,cm.aptoide.pt,10148,0,54787,[],false,true,0,0,54797,
1431975365562,ch.unige.css.services.main.CssRegistryService,ch.unige.ping:background,10149,9975,85196929,[STARTED],false,true,0,0,85196940,
1431975365562,com.google.android.finsky.billing.iab.InAppBillingService,com.android.vending,10024,24677,91571608,[],false,true,1,1,97543560,
1431975425735,com.android.bluetooth.hid.HidService,com.android.bluetooth,1002,0,49150,[],false,true,0,0,49160,
1431975425735,com.cleanmaster.service.PermanentService,com.cleanmaster.mguard:service,10138,17133,94138,[STARTED],false,true,1,1,97793084,
1431975425735,com.google.android.music.dial.DialMediaRouteProviderService,com.google.android.music:main,10073,0,57202,[],false,true,0,0,57212,
1431975425735,ch.unige.css.services.PingService,ch.unige.ping,10149,1632,99171460,[STARTED],false,true,0,0,99171471,
1431975425735,com.google.android.search.core.service.BroadcastListenerService,com.google.android.googlequicksearchbox:search,10026,5527,75471,[STARTED],false,true,0,0,97540772,
1431975425735,com.android.systemui.keyguard.KeyguardService,com.android.systemui,10014,930,44352,[PERSISTENT],false,false,2,2,68066,
1431975425735,openiab.StoreService,cm.aptoide.pt,10148,0,54787,[],false,true,0,0,54797,
1431975425735,ch.unige.css.services.main.CssRegistryService,ch.unige.ping:background,10149,9975,85196929,[STARTED],false,true,0,0,85196940,
1431975425735,com.google.android.finsky.billing.iab.InAppBillingService,com.android.vending,10024,24677,91571608,[],false,true,1,1,97543560,
1431975425735,org.cyanogenmod.audiofx.HeadsetService,org.cyanogenmod.audiofx,10000,1289,67364,"[PERSISTENT,STARTED]",false,true,0,0,67374,
1431975485965,com.android.bluetooth.hid.HidService,com.android.bluetooth,1002,0,49150,[],false,true,0,0,49160,
1431975485965,com.cleanmaster.service.PermanentService,com.cleanmaster.mguard:service,10138,17133,94138,[STARTED],false,true,1,1,97793084,
1431975485965,com.google.android.music.dial.DialMediaRouteProviderService,com.google.android.music:main,10073,0,57202,[],false,true,0,0,57212,
1431975485965,ch.unige.css.services.PingService,ch.unige.ping,10149,1632,99231696,[STARTED],false,true,0,0,99231707,
1431975485965,com.google.android.search.core.service.BroadcastListenerService,com.google.android.googlequicksearchbox:search,10026,5527,75471,[STARTED],false,true,0,0,97540772,
1431975485965,com.android.systemui.keyguard.KeyguardService,com.android.systemui,10014,930,44352,[PERSISTENT],false,false,2,2,68066,
1431975485965,openiab.StoreService,cm.aptoide.pt,10148,0,54787,[],false,true,0,0,54797,
1431975485965,ch.unige.css.services.main.CssRegistryService,ch.unige.ping:background,10149,9975,85196929,[STARTED],false,true,0,0,85196940,
1431975485965,com.google.android.finsky.billing.iab.InAppBillingService,com.android.vending,10024,24677,91571608,[],false,true,1,1,97543560,
1431975485965,org.cyanogenmod.audiofx.HeadsetService,org.cyanogenmod.audiofx,10000,1289,67364,"[PERSISTENT,STARTED]",false,true,0,0,67374,
1431975546116,com.android.bluetooth.hid.HidService,com.android.bluetooth,1002,0,49150,[],false,true,0,0,49160,
1431975546116,com.cleanmaster.service.PermanentService,com.cleanmaster.mguard:service,10138,17133,94138,[STARTED],false,true,1,1,97793084,
1431975546116,com.google.android.music.dial.DialMediaRouteProviderService,com.google.android.music:main,10073,0,57202,[],false,true,0,0,57212,
1431975546116,ch.unige.css.services.PingService,ch.unige.ping,10149,1632,99291846,[STARTED],false,true,0,0,99291858,
1431975546116,com.google.android.search.core.service.BroadcastListenerService,com.google.android.googlequicksearchbox:search,10026,5527,75471,[STARTED],false,true,0,0,97540772,
1431975546116,com.android.systemui.keyguard.KeyguardService,com.android.systemui,10014,930,44352,[PERSISTENT],false,false,2,2,68066,
1431975546116,openiab.StoreService,cm.aptoide.pt,10148,0,54787,[],false,true,0,0,54797,
1431975546116,ch.unige.css.services.main.CssRegistryService,ch.unige.ping:background,10149,9975,85196929,[STARTED],false,true,0,0,85196940,
1431975546116,com.google.android.finsky.billing.iab.InAppBillingService,com.android.vending,10024,24677,91571608,[],false,true,1,1,97543560,
1431975546116,org.cyanogenmod.audiofx.HeadsetService,org.cyanogenmod.audiofx,10000,1289,67364,"[PERSISTENT,STARTED]",false,true,0,0,67374,
1431975606412,com.android.bluetooth.hid.HidService,com.android.bluetooth,1002,0,49150,[],false,true,0,0,49160,
1431975606412,com.cleanmaster.service.PermanentService,com.cleanmaster.mguard:service,10138,17133,94138,[STARTED],false,true,1,1,97793084,
1431975606412,com.google.android.music.dial.DialMediaRouteProviderService,com.google.android.music:main,10073,0,57202,[],false,true,0,0,57212,
1431975606412,ch.unige.css.services.PingService,ch.unige.ping,10149,1632,99352144,[STARTED],false,true,0,0,99352155,
1431975606412,com.google.android.search.core.service.BroadcastListenerService,com.google.android.googlequicksearchbox:search,10026,5527,75471,[STARTED],false,true,0,0,97540772,
1431975606412,com.android.systemui.keyguard.KeyguardService,com.android.systemui,10014,930,44352,[PERSISTENT],false,false,2,2,68066,
1431975606412,openiab.StoreService,cm.aptoide.pt,10148,0,54787,[],false,true,0,0,54797,
1431975606412,ch.unige.css.services.main.CssRegistryService,ch.unige.ping:background,10149,9975,85196929,[STARTED],false,true,0,0,85196940,
1431975606412,com.google.android.finsky.billing.iab.InAppBillingService,com.android.vending,10024,24677,91571608,[],false,true,1,1,97543560,
1431975606412,org.cyanogenmod.audiofx.HeadsetService,org.cyanogenmod.audiofx,10000,1289,67364,"[PERSISTENT,STARTED]",false,true,0,0,67374,
1431975666734,com.android.bluetooth.hid.HidService,com.android.bluetooth,1002,0,49150,[],false,true,0,0,49160,
1431975666734,com.cleanmaster.service.PermanentService,com.cleanmaster.mguard:service,10138,17133,94138,[STARTED],false,true,1,1,97793084,
1431975666734,com.google.android.music.dial.DialMediaRouteProviderService,com.google.android.music:main,10073,0,57202,[],false,true,0,0,57212,
1431975666734,ch.unige.css.services.PingService,ch.unige.ping,10149,1632,99412466,[STARTED],false,true,0,0,99412477,
1431975666734,com.google.android.search.core.service.BroadcastListenerService,com.google.android.googlequicksearchbox:search,10026,5527,75471,[STARTED],false,true,0,0,97540772,
1431975666734,com.android.systemui.keyguard.KeyguardService,com.android.systemui,10014,930,44352,[PERSISTENT],false,false,2,2,68066,
1431975666734,openiab.StoreService,cm.aptoide.pt,10148,0,54787,[],false,true,0,0,54797,
1431975666734,ch.unige.css.services.main.CssRegistryService,ch.unige.ping:background,10149,9975,85196929,[STARTED],false,true,0,0,85196940,
1431975666734,com.google.android.finsky.billing.iab.InAppBillingService,com.android.vending,10024,24677,91571608,[],false,true,1,1,97543560,
1431975666734,org.cyanogenmod.audiofx.HeadsetService,org.cyanogenmod.audiofx,10000,1289,67364,"[PERSISTENT,STARTED]",false,true,0,0,67374,
1431975726968,com.android.bluetooth.hid.HidService,com.android.bluetooth,1002,0,49150,[],false,true,0,0,49160,
1431975726968,com.cleanmaster.service.PermanentService,com.cleanmaster.mguard:service,10138,17133,94138,[STARTED],false,true,1,1,97793084,
1431975726968,com.google.android.music.dial.DialMediaRouteProviderService,com.google.android.music:main,10073,0,57202,[],false,true,0,0,57212,
1431975726968,ch.unige.css.services.PingService,ch.unige.ping,10149,1632,99472711,[STARTED],false,true,0,0,99472722,
1431975726968,com.google.android.search.core.service.BroadcastListenerService,com.google.android.googlequicksearchbox:search,10026,5527,75471,[STARTED],false,true,0,0,97540772,
1431975726968,com.android.systemui.keyguard.KeyguardService,com.android.systemui,10014,930,44352,[PERSISTENT],false,false,2,2,68066,
1431975726968,openiab.StoreService,cm.aptoide.pt,10148,0,54787,[],false,true,0,0,54797,
1431975726968,ch.unige.css.services.main.CssRegistryService,ch.unige.ping:background,10149,9975,85196929,[STARTED],false,true,0,0,85196940,
1431975726968,com.google.android.finsky.billing.iab.InAppBillingService,com.android.vending,10024,24677,91571608,[],false,true,1,1,97543560,
1431975726968,org.cyanogenmod.audiofx.HeadsetService,org.cyanogenmod.audiofx,10000,1289,67364,"[PERSISTENT,STARTED]",false,true,0,0,67374,
1431975787467,com.android.bluetooth.hid.HidService,com.android.bluetooth,1002,0,49150,[],false,true,0,0,49160,
1431975787467,com.cleanmaster.service.PermanentService,com.cleanmaster.mguard:service,10138,17133,94138,[STARTED],false,true,1,1,97793084,
1431975787467,com.google.android.music.dial.DialMediaRouteProviderService,com.google.android.music:main,10073,0,57202,[],false,true,0,0,57212,
1431975787467,ch.unige.css.services.PingService,ch.unige.ping,10149,1632,99533197,[STARTED],false,true,0,0,99533208,
1431975787467,com.google.android.search.core.service.BroadcastListenerService,com.google.android.googlequicksearchbox:search,10026,5527,75471,[STARTED],false,true,0,0,97540772,
1431975787467,com.android.systemui.keyguard.KeyguardService,com.android.systemui,10014,930,44352,[PERSISTENT],false,false,2,2,68066,
1431975787467,openiab.StoreService,cm.aptoide.pt,10148,0,54787,[],false,true,0,0,54797,
1431975787467,ch.unige.css.services.main.CssRegistryService,ch.unige.ping:background,10149,9975,85196929,[STARTED],false,true,0,0,85196940,
1431975787467,com.google.android.finsky.billing.iab.InAppBillingService,com.android.vending,10024,24677,91571608,[],false,true,1,1,97543560,
1431975787467,org.cyanogenmod.audiofx.HeadsetService,org.cyanogenmod.audiofx,10000,1289,67364,"[PERSISTENT,STARTED]",false,true,0,0,67374,
1431975857301,com.android.bluetooth.hid.HidService,com.android.bluetooth,1002,0,49150,[],false,true,0,0,49160,
1431975857301,com.cleanmaster.service.PermanentService,com.cleanmaster.mguard:service,10138,17133,94138,[STARTED],false,true,1,1,97793084,
1431975857301,com.google.android.music.dial.DialMediaRouteProviderService,com.google.android.music:main,10073,0,57202,[],false,true,0,0,57212,
1431975857301,ch.unige.css.services.PingService,ch.unige.ping,10149,1632,99602948,[STARTED],false,true,0,0,99602959,
1431975857301,com.google.android.search.core.service.BroadcastListenerService,com.google.android.googlequicksearchbox:search,10026,5527,75471,[STARTED],false,true,0,0,97540772,
1431975857301,com.android.systemui.keyguard.KeyguardService,com.android.systemui,10014,930,44352,[PERSISTENT],false,false,2,2,68066,
1431975857301,openiab.StoreService,cm.aptoide.pt,10148,0,54787,[],false,true,0,0,54797,
1431975857301,ch.unige.css.services.main.CssRegistryService,ch.unige.ping:background,10149,9975,85196929,[STARTED],false,true,0,0,85196940,
1431975857301,com.google.android.finsky.billing.iab.InAppBillingService,com.android.vending,10024,24677,91571608,[],false,true,1,1,97543560,
1431975857301,org.cyanogenmod.audiofx.HeadsetService,org.cyanogenmod.audiofx,10000,1289,67364,"[PERSISTENT,STARTED]",false,true,0,0,67374,
1431975917449,com.android.bluetooth.hid.HidService,com.android.bluetooth,1002,0,49150,[],false,true,0,0,49160,
1431975917449,com.cleanmaster.service.PermanentService,com.cleanmaster.mguard:service,10138,17133,94138,[STARTED],false,true,1,1,97793084,
1431975917449,com.google.android.music.dial.DialMediaRouteProviderService,com.google.android.music:main,10073,0,57202,[],false,true,0,0,57212,
1431975917449,ch.unige.css.services.PingService,ch.unige.ping,10149,1632,99663189,[STARTED],false,true,0,0,99663201,
1431975917449,com.google.android.search.core.service.BroadcastListenerService,com.google.android.googlequicksearchbox:search,10026,5527,75471,[STARTED],false,true,0,0,97540772,
1431975917449,com.android.systemui.keyguard.KeyguardService,com.android.systemui,10014,930,44352,[PERSISTENT],false,false,2,2,68066,
1431975917449,openiab.StoreService,cm.aptoide.pt,10148,0,54787,[],false,true,0,0,54797,
1431975917449,ch.unige.css.services.main.CssRegistryService,ch.unige.ping:background,10149,9975,85196929,[STARTED],false,true,0,0,85196940,
1431975917449,com.google.android.finsky.billing.iab.InAppBillingService,com.android.vending,10024,24677,91571608,[],false,true,1,1,97543560,
1431975917449,org.cyanogenmod.audiofx.HeadsetService,org.cyanogenmod.audiofx,10000,1289,67364,"[PERSISTENT,STARTED]",false,true,0,0,67374,
1431975977504,com.android.bluetooth.hid.HidService,com.android.bluetooth,1002,0,49150,[],false,true,0,0,49160,
1431975977504,com.cleanmaster.service.PermanentService,com.cleanmaster.mguard:service,10138,17133,94138,[STARTED],false,true,1,1,97793084,
1431975977504,com.google.android.music.dial.DialMediaRouteProviderService,com.google.android.music:main,10073,0,57202,[],false,true,0,0,57212,
1431975977504,ch.unige.css.services.PingService,ch.unige.ping,10149,1632,99723246,[STARTED],false,true,0,0,99723257,
1431975977504,com.google.android.search.core.service.BroadcastListenerService,com.google.android.googlequicksearchbox:search,10026,5527,75471,[STARTED],false,true,0,0,97540772,
1431975977504,com.android.systemui.keyguard.KeyguardService,com.android.systemui,10014,930,44352,[PERSISTENT],false,false,2,2,68066,
1431975977504,openiab.StoreService,cm.aptoide.pt,10148,0,54787,[],false,true,0,0,54797,
1431975977504,ch.unige.css.services.main.CssRegistryService,ch.unige.ping:background,10149,9975,85196929,[STARTED],false,true,0,0,85196940,
1431975977504,com.google.android.finsky.billing.iab.InAppBillingService,com.android.vending,10024,24677,91571608,[],false,true,1,1,97543560,
1431975977504,org.cyanogenmod.audiofx.HeadsetService,org.cyanogenmod.audiofx,10000,1289,67364,"[PERSISTENT,STARTED]",false,true,0,0,67374,
1431976039725,com.android.bluetooth.hid.HidService,com.android.bluetooth,1002,0,49150,[],false,true,0,0,49160,
1431976039725,com.cleanmaster.service.PermanentService,com.cleanmaster.mguard:service,10138,17133,94138,[STARTED],false,true,1,1,97793084,
1431976039725,com.google.android.music.dial.DialMediaRouteProviderService,com.google.android.music:main,10073,0,57202,[],false,true,0,0,57212,
1431976039725,ch.unige.css.services.PingService,ch.unige.ping,10149,1632,99785475,[STARTED],false,true,0,0,99785486,
1431976039725,com.google.android.search.core.service.BroadcastListenerService,com.google.android.googlequicksearchbox:search,10026,5527,75471,[STARTED],false,true,0,0,97540772,
1431976039725,com.android.systemui.keyguard.KeyguardService,com.android.systemui,10014,930,44352,[PERSISTENT],false,false,2,2,68066,
1431976039725,openiab.StoreService,cm.aptoide.pt,10148,0,54787,[],false,true,0,0,54797,
1431976039725,ch.unige.css.services.main.CssRegistryService,ch.unige.ping:background,10149,9975,85196929,[STARTED],false,true,0,0,85196940,
1431976039725,com.google.android.finsky.billing.iab.InAppBillingService,com.android.vending,10024,24677,91571608,[],false,true,1,1,97543560,
1431976039725,org.cyanogenmod.audiofx.HeadsetService,org.cyanogenmod.audiofx,10000,1289,67364,"[PERSISTENT,STARTED]",false,true,0,0,67374,
1431976112124,com.android.bluetooth.hid.HidService,com.android.bluetooth,1002,0,49150,[],false,true,0,0,49160,
1431976112124,com.cleanmaster.service.PermanentService,com.cleanmaster.mguard:service,10138,17133,94138,[STARTED],false,true,1,1,97793084,
1431976112124,com.google.android.music.dial.DialMediaRouteProviderService,com.google.android.music:main,10073,0,57202,[],false,true,0,0,57212,
1431976112124,ch.unige.css.services.PingService,ch.unige.ping,10149,1632,99857814,[STARTED],false,true,0,0,99857826,
1431976112124,com.google.android.search.core.service.BroadcastListenerService,com.google.android.googlequicksearchbox:search,10026,5527,75471,[STARTED],false,true,0,0,97540772,
1431976112124,com.android.systemui.keyguard.KeyguardService,com.android.systemui,10014,930,44352,[PERSISTENT],false,false,2,2,68066,
1431976112124,openiab.StoreService,cm.aptoide.pt,10148,0,54787,[],false,true,0,0,54797,
1431976112124,ch.unige.css.services.main.CssRegistryService,ch.unige.ping:background,10149,9975,85196929,[STARTED],false,true,0,0,85196940,
1431976112124,com.google.android.finsky.billing.iab.InAppBillingService,com.android.vending,10024,24677,91571608,[],false,true,1,1,97543560,
1431976112124,org.cyanogenmod.audiofx.HeadsetService,org.cyanogenmod.audiofx,10000,1289,67364,"[PERSISTENT,STARTED]",false,true,0,0,67374,
1431976172369,com.android.bluetooth.hid.HidService,com.android.bluetooth,1002,0,49150,[],false,true,0,0,49160,
1431976172369,com.cleanmaster.service.PermanentService,com.cleanmaster.mguard:service,10138,17133,94138,[STARTED],false,true,1,1,97793084,
1431976172369,com.google.android.music.dial.DialMediaRouteProviderService,com.google.android.music:main,10073,0,57202,[],false,true,0,0,57212,
1431976172369,ch.unige.css.services.PingService,ch.unige.ping,10149,1632,99918096,[STARTED],false,true,0,0,99918108,
1431976172369,com.google.android.search.core.service.BroadcastListenerService,com.google.android.googlequicksearchbox:search,10026,5527,75471,[STARTED],false,true,0,0,97540772,
1431976172369,com.android.systemui.keyguard.KeyguardService,com.android.systemui,10014,930,44352,[PERSISTENT],false,false,2,2,68066,
1431976172369,openiab.StoreService,cm.aptoide.pt,10148,0,54787,[],false,true,0,0,54797,
1431976172369,ch.unige.css.services.main.CssRegistryService,ch.unige.ping:background,10149,9975,85196929,[STARTED],false,true,0,0,85196940,
1431976172369,com.google.android.finsky.billing.iab.InAppBillingService,com.android.vending,10024,24677,91571608,[],false,true,1,1,97543560,
1431976172369,org.cyanogenmod.audiofx.HeadsetService,org.cyanogenmod.audiofx,10000,1289,67364,"[PERSISTENT,STARTED]",false,true,0,0,67374,
1431976232635,com.android.bluetooth.hid.HidService,com.android.bluetooth,1002,0,49150,[],false,true,0,0,49160,
1431976232635,com.cleanmaster.service.PermanentService,com.cleanmaster.mguard:service,10138,17133,94138,[STARTED],false,true,1,1,97793084,
1431976232635,com.google.android.music.dial.DialMediaRouteProviderService,com.google.android.music:main,10073,0,57202,[],false,true,0,0,57212,
1431976232635,ch.unige.css.services.PingService,ch.unige.ping,10149,1632,99978362,[STARTED],false,true,0,0,99978374,
1431976232635,com.google.android.search.core.service.BroadcastListenerService,com.google.android.googlequicksearchbox:search,10026,5527,75471,[STARTED],false,true,0,0,97540772,
1431976232635,com.android.systemui.keyguard.KeyguardService,com.android.systemui,10014,930,44352,[PERSISTENT],false,false,2,2,68066,
1431976232635,openiab.StoreService,cm.aptoide.pt,10148,0,54787,[],false,true,0,0,54797,
1431976232635,ch.unige.css.services.main.CssRegistryService,ch.unige.ping:background,10149,9975,85196929,[STARTED],false,true,0,0,85196940,
1431976232635,com.google.android.finsky.billing.iab.InAppBillingService,com.android.vending,10024,24677,91571608,[],false,true,1,1,97543560,
1431976232635,org.cyanogenmod.audiofx.HeadsetService,org.cyanogenmod.audiofx,10000,1289,67364,"[PERSISTENT,STARTED]",false,true,0,0,67374,
1431976293031,com.android.bluetooth.hid.HidService,com.android.bluetooth,1002,0,49150,[],false,true,0,0,49160,
1431976293031,com.cleanmaster.service.PermanentService,com.cleanmaster.mguard:service,10138,17133,94138,[STARTED],false,true,1,1,97793084,
1431976293031,com.google.android.music.dial.DialMediaRouteProviderService,com.google.android.music:main,10073,0,57202,[],false,true,0,0,57212,
1431976293031,ch.unige.css.services.PingService,ch.unige.ping,10149,1632,100038784,[STARTED],false,true,0,0,100038795,
1431976293031,com.google.android.search.core.service.BroadcastListenerService,com.google.android.googlequicksearchbox:search,10026,5527,75471,[STARTED],false,true,0,0,97540772,
1431976293031,com.android.systemui.keyguard.KeyguardService,com.android.systemui,10014,930,44352,[PERSISTENT],false,false,2,2,68066,
1431976293031,openiab.StoreService,cm.aptoide.pt,10148,0,54787,[],false,true,0,0,54797,
1431976293031,ch.unige.css.services.main.CssRegistryService,ch.unige.ping:background,10149,9975,85196929,[STARTED],false,true,0,0,85196940,
1431976293031,com.google.android.finsky.billing.iab.InAppBillingService,com.android.vending,10024,24677,91571608,[],false,true,1,1,97543560,
1431976293031,org.cyanogenmod.audiofx.HeadsetService,org.cyanogenmod.audiofx,10000,1289,67364,"[PERSISTENT,STARTED]",false,true,0,0,67374,
1431976353337,com.android.bluetooth.hid.HidService,com.android.bluetooth,1002,0,49150,[],false,true,0,0,49160,
1431976353337,com.cleanmaster.service.PermanentService,com.cleanmaster.mguard:service,10138,17133,94138,[STARTED],false,true,1,1,97793084,
1431976353337,com.google.android.music.dial.DialMediaRouteProviderService,com.google.android.music:main,10073,0,57202,[],false,true,0,0,57212,
1431976353337,ch.unige.css.services.PingService,ch.unige.ping,10149,1632,100099058,[STARTED],false,true,0,0,100099069,
1431976353337,com.google.android.search.core.service.BroadcastListenerService,com.google.android.googlequicksearchbox:search,10026,5527,75471,[STARTED],false,true,0,0,97540772,
1431976353337,com.android.systemui.keyguard.KeyguardService,com.android.systemui,10014,930,44352,[PERSISTENT],false,false,2,2,68066,
1431976353337,openiab.StoreService,cm.aptoide.pt,10148,0,54787,[],false,true,0,0,54797,
1431976353337,ch.unige.css.services.main.CssRegistryService,ch.unige.ping:background,10149,9975,85196929,[STARTED],false,true,0,0,85196940,
1431976353337,com.google.android.finsky.billing.iab.InAppBillingService,com.android.vending,10024,24677,91571608,[],false,true,1,1,97543560,
1431976353337,org.cyanogenmod.audiofx.HeadsetService,org.cyanogenmod.audiofx,10000,1289,67364,"[PERSISTENT,STARTED]",false,true,0,0,67374,
1431976413662,com.android.bluetooth.hid.HidService,com.android.bluetooth,1002,0,49150,[],false,true,0,0,49160,
1431976413662,com.cleanmaster.service.PermanentService,com.cleanmaster.mguard:service,10138,17133,94138,[STARTED],false,true,1,1,97793084,
1431976413662,com.google.android.music.dial.DialMediaRouteProviderService,com.google.android.music:main,10073,0,57202,[],false,true,0,0,57212,
1431976413662,ch.unige.css.services.PingService,ch.unige.ping,10149,1632,100159304,[STARTED],false,true,0,0,100159315,
1431976413662,com.google.android.search.core.service.BroadcastListenerService,com.google.android.googlequicksearchbox:search,10026,5527,75471,[STARTED],false,true,0,0,97540772,
1431976413662,com.android.systemui.keyguard.KeyguardService,com.android.systemui,10014,930,44352,[PERSISTENT],false,false,2,2,68066,
1431976413662,openiab.StoreService,cm.aptoide.pt,10148,0,54787,[],false,true,0,0,54797,
1431976413662,ch.unige.css.services.main.CssRegistryService,ch.unige.ping:background,10149,9975,85196929,[STARTED],false,true,0,0,85196940,
1431976413662,com.google.android.finsky.billing.iab.InAppBillingService,com.android.vending,10024,24677,91571608,[],false,true,1,1,97543560,
1431976413662,org.cyanogenmod.audiofx.HeadsetService,org.cyanogenmod.audiofx,10000,1289,67364,"[PERSISTENT,STARTED]",false,true,0,0,67374,
1431976473900,com.android.bluetooth.hid.HidService,com.android.bluetooth,1002,0,49150,[],false,true,0,0,49160,
1431976473900,com.cleanmaster.service.PermanentService,com.cleanmaster.mguard:service,10138,17133,94138,[STARTED],false,true,1,1,97793084,
1431976473900,com.google.android.music.dial.DialMediaRouteProviderService,com.google.android.music:main,10073,0,57202,[],false,true,0,0,57212,
1431976473900,ch.unige.css.services.PingService,ch.unige.ping,10149,1632,100219643,[STARTED],false,true,0,0,100219655,
1431976473900,com.google.android.search.core.service.BroadcastListenerService,com.google.android.googlequicksearchbox:search,10026,5527,75471,[STARTED],false,true,0,0,97540772,
1431976473900,com.android.systemui.keyguard.KeyguardService,com.android.systemui,10014,930,44352,[PERSISTENT],false,false,2,2,68066,
1431976473900,openiab.StoreService,cm.aptoide.pt,10148,0,54787,[],false,true,0,0,54797,
1431976473900,ch.unige.css.services.main.CssRegistryService,ch.unige.ping:background,10149,9975,85196929,[STARTED],false,true,0,0,85196940,
1431976473900,com.google.android.finsky.billing.iab.InAppBillingService,com.android.vending,10024,24677,91571608,[],false,true,1,1,97543560,
1431976473900,org.cyanogenmod.audiofx.HeadsetService,org.cyanogenmod.audiofx,10000,1289,67364,"[PERSISTENT,STARTED]",false,true,0,0,67374,
1431976533930,com.android.bluetooth.hid.HidService,com.android.bluetooth,1002,0,49150,[],false,true,0,0,49160,
1431976533930,com.cleanmaster.service.PermanentService,com.cleanmaster.mguard:service,10138,17133,94138,[STARTED],false,true,1,1,97793084,
1431976533930,com.google.android.music.dial.DialMediaRouteProviderService,com.google.android.music:main,10073,0,57202,[],false,true,0,0,57212,
1431976533930,ch.unige.css.services.PingService,ch.unige.ping,10149,1632,100279697,[STARTED],false,true,0,0,100279709,
1431976533930,com.google.android.search.core.service.BroadcastListenerService,com.google.android.googlequicksearchbox:search,10026,5527,75471,[STARTED],false,true,0,0,97540772,
1431976533930,com.android.systemui.keyguard.KeyguardService,com.android.systemui,10014,930,44352,[PERSISTENT],false,false,2,2,68066,
1431976533930,openiab.StoreService,cm.aptoide.pt,10148,0,54787,[],false,true,0,0,54797,
1431976533930,ch.unige.css.services.main.CssRegistryService,ch.unige.ping:background,10149,9975,85196929,[STARTED],false,true,0,0,85196940,
1431976533930,com.google.android.finsky.billing.iab.InAppBillingService,com.android.vending,10024,24677,91571608,[],false,true,1,1,97543560,
1431976533930,org.cyanogenmod.audiofx.HeadsetService,org.cyanogenmod.audiofx,10000,1289,67364,"[PERSISTENT,STARTED]",false,true,0,0,67374,
1431976594438,com.android.bluetooth.hid.HidService,com.android.bluetooth,1002,0,49150,[],false,true,0,0,49160,
1431976594438,com.cleanmaster.service.PermanentService,com.cleanmaster.mguard:service,10138,17133,94138,[STARTED],false,true,1,1,97793084,
1431976594438,com.google.android.music.dial.DialMediaRouteProviderService,com.google.android.music:main,10073,0,57202,[],false,true,0,0,57212,
1431976594438,ch.unige.css.services.PingService,ch.unige.ping,10149,1632,100340151,[STARTED],false,true,0,0,100340163,
1431976594438,com.google.android.search.core.service.BroadcastListenerService,com.google.android.googlequicksearchbox:search,10026,5527,75471,[STARTED],false,true,0,0,97540772,
1431976594438,com.android.systemui.keyguard.KeyguardService,com.android.systemui,10014,930,44352,[PERSISTENT],false,false,2,2,68066,
1431976594438,openiab.StoreService,cm.aptoide.pt,10148,0,54787,[],false,true,0,0,54797,
1431976594438,ch.unige.css.services.main.CssRegistryService,ch.unige.ping:background,10149,9975,85196929,[STARTED],false,true,0,0,85196940,
1431976594438,com.google.android.finsky.billing.iab.InAppBillingService,com.android.vending,10024,24677,91571608,[],false,true,1,1,97543560,
1431976594438,org.cyanogenmod.audiofx.HeadsetService,org.cyanogenmod.audiofx,10000,1289,67364,"[PERSISTENT,STARTED]",false,true,0,0,67374,
1431976660932,com.android.bluetooth.hid.HidService,com.android.bluetooth,1002,0,49150,[],false,true,0,0,49160,
1431976660932,com.cleanmaster.service.PermanentService,com.cleanmaster.mguard:service,10138,17133,94138,[STARTED],false,true,1,1,97793084,
1431976660932,com.google.android.music.dial.DialMediaRouteProviderService,com.google.android.music:main,10073,0,57202,[],false,true,0,0,57212,
1431976660932,ch.unige.css.services.PingService,ch.unige.ping,10149,1632,100406639,[STARTED],false,true,0,0,100406650,
1431976660932,com.google.android.search.core.service.BroadcastListenerService,com.google.android.googlequicksearchbox:search,10026,5527,75471,[STARTED],false,true,0,0,97540772,
1431976660932,com.android.systemui.keyguard.KeyguardService,com.android.systemui,10014,930,44352,[PERSISTENT],false,false,2,2,68066,
1431976660932,openiab.StoreService,cm.aptoide.pt,10148,0,54787,[],false,true,0,0,54797,
1431976660932,ch.unige.css.services.main.CssRegistryService,ch.unige.ping:background,10149,9975,85196929,[STARTED],false,true,0,0,85196940,
1431976660932,com.google.android.finsky.billing.iab.InAppBillingService,com.android.vending,10024,24677,91571608,[],false,true,1,1,97543560,
1431976660932,org.cyanogenmod.audiofx.HeadsetService,org.cyanogenmod.audiofx,10000,1289,67364,"[PERSISTENT,STARTED]",false,true,0,0,67374,
1431976721353,com.android.bluetooth.hid.HidService,com.android.bluetooth,1002,0,49150,[],false,true,0,0,49160,
1431976721353,com.cleanmaster.service.PermanentService,com.cleanmaster.mguard:service,10138,17133,94138,[STARTED],false,true,1,1,97793084,
1431976721353,com.google.android.music.dial.DialMediaRouteProviderService,com.google.android.music:main,10073,0,57202,[],false,true,0,0,57212,
1431976721353,ch.unige.css.services.PingService,ch.unige.ping,10149,1632,100466987,[STARTED],false,true,0,0,100466998,
1431976721353,com.google.android.search.core.service.BroadcastListenerService,com.google.android.googlequicksearchbox:search,10026,5527,75471,[STARTED],false,true,0,0,97540772,
1431976721353,com.android.systemui.keyguard.KeyguardService,com.android.systemui,10014,930,44352,[PERSISTENT],false,false,2,2,68066,
1431976721353,openiab.StoreService,cm.aptoide.pt,10148,0,54787,[],false,true,0,0,54797,
1431976721353,ch.unige.css.services.main.CssRegistryService,ch.unige.ping:background,10149,9975,85196929,[STARTED],false,true,0,0,85196940,
1431976721353,com.google.android.finsky.billing.iab.InAppBillingService,com.android.vending,10024,24677,91571608,[],false,true,1,1,97543560,
1431976721353,org.cyanogenmod.audiofx.HeadsetService,org.cyanogenmod.audiofx,10000,1289,67364,"[PERSISTENT,STARTED]",false,true,0,0,67374,
1431976781457,com.android.bluetooth.hid.HidService,com.android.bluetooth,1002,0,49150,[],false,true,0,0,49160,
1431976781457,com.cleanmaster.service.PermanentService,com.cleanmaster.mguard:service,10138,17133,94138,[STARTED],false,true,1,1,97793084,
1431976781457,com.google.android.music.dial.DialMediaRouteProviderService,com.google.android.music:main,10073,0,57202,[],false,true,0,0,57212,
1431976781457,ch.unige.css.services.PingService,ch.unige.ping,10149,1632,100527197,[STARTED],false,true,0,0,100527208,
1431976781457,com.google.android.search.core.service.BroadcastListenerService,com.google.android.googlequicksearchbox:search,10026,5527,75471,[STARTED],false,true,0,0,97540772,
1431976781457,com.android.systemui.keyguard.KeyguardService,com.android.systemui,10014,930,44352,[PERSISTENT],false,false,2,2,68066,
1431976781457,openiab.StoreService,cm.aptoide.pt,10148,0,54787,[],false,true,0,0,54797,
1431976781457,ch.unige.css.services.main.CssRegistryService,ch.unige.ping:background,10149,9975,85196929,[STARTED],false,true,0,0,85196940,
1431976781457,com.google.android.finsky.billing.iab.InAppBillingService,com.android.vending,10024,24677,91571608,[],false,true,1,1,97543560,
1431976781457,org.cyanogenmod.audiofx.HeadsetService,org.cyanogenmod.audiofx,10000,1289,67364,"[PERSISTENT,STARTED]",false,true,0,0,67374,
1431976841831,com.android.bluetooth.hid.HidService,com.android.bluetooth,1002,0,49150,[],false,true,0,0,49160,
1431976841831,com.cleanmaster.service.PermanentService,com.cleanmaster.mguard:service,10138,17133,94138,[STARTED],false,true,1,1,97793084,
1431976841831,com.google.android.music.dial.DialMediaRouteProviderService,com.google.android.music:main,10073,0,57202,[],false,true,0,0,57212,
1431976841831,ch.unige.css.services.PingService,ch.unige.ping,10149,1632,100587483,[STARTED],false,true,0,0,100587494,
1431976841831,com.google.android.search.core.service.BroadcastListenerService,com.google.android.googlequicksearchbox:search,10026,5527,75471,[STARTED],false,true,0,0,97540772,
1431976841831,com.android.systemui.keyguard.KeyguardService,com.android.systemui,10014,930,44352,[PERSISTENT],false,false,2,2,68066,
1431976841831,openiab.StoreService,cm.aptoide.pt,10148,0,54787,[],false,true,0,0,54797,
1431976841831,ch.unige.css.services.main.CssRegistryService,ch.unige.ping:background,10149,9975,85196929,[STARTED],false,true,0,0,85196940,
1431976841831,com.google.android.finsky.billing.iab.InAppBillingService,com.android.vending,10024,24677,91571608,[],false,true,1,1,97543560,
1431976841831,org.cyanogenmod.audiofx.HeadsetService,org.cyanogenmod.audiofx,10000,1289,67364,"[PERSISTENT,STARTED]",false,true,0,0,67374,
1431976901927,com.android.bluetooth.hid.HidService,com.android.bluetooth,1002,0,49150,[],false,true,0,0,49160,
1431976901927,com.cleanmaster.service.PermanentService,com.cleanmaster.mguard:service,10138,17133,94138,[STARTED],false,true,1,1,100647512,
1431976901927,com.google.android.music.dial.DialMediaRouteProviderService,com.google.android.music:main,10073,0,57202,[],false,true,0,0,57212,
1431976901927,ch.unige.css.services.PingService,ch.unige.ping,10149,1632,100647581,[STARTED],false,true,0,0,100647593,
1431976901927,com.google.android.search.core.service.BroadcastListenerService,com.google.android.googlequicksearchbox:search,10026,5527,75471,[STARTED],false,true,0,0,97540772,
1431976901927,com.android.systemui.keyguard.KeyguardService,com.android.systemui,10014,930,44352,[PERSISTENT],false,false,2,2,68066,
1431976901927,openiab.StoreService,cm.aptoide.pt,10148,0,54787,[],false,true,0,0,54797,
1431976901927,ch.unige.css.services.main.CssRegistryService,ch.unige.ping:background,10149,9975,85196929,[STARTED],false,true,0,0,85196940,
1431976901927,com.google.android.finsky.billing.iab.InAppBillingService,com.android.vending,10024,24677,91571608,[],false,true,1,1,97543560,
1431976901927,org.cyanogenmod.audiofx.HeadsetService,org.cyanogenmod.audiofx,10000,1289,67364,"[PERSISTENT,STARTED]",false,true,0,0,67374,
1431976961951,com.android.bluetooth.hid.HidService,com.android.bluetooth,1002,0,49150,[],false,true,0,0,49160,
1431976961951,com.cleanmaster.service.PermanentService,com.cleanmaster.mguard:service,10138,17133,94138,[STARTED],false,true,1,1,100686140,
1431976961951,com.google.android.music.dial.DialMediaRouteProviderService,com.google.android.music:main,10073,0,57202,[],false,true,0,0,57212,
1431976961951,ch.unige.css.services.PingService,ch.unige.ping,10149,1632,100707724,[STARTED],false,true,0,0,100707735,
1431976961951,com.google.android.search.core.service.BroadcastListenerService,com.google.android.googlequicksearchbox:search,10026,5527,75471,[STARTED],false,true,0,0,97540772,
1431976961951,com.android.systemui.keyguard.KeyguardService,com.android.systemui,10014,930,44352,[PERSISTENT],false,false,2,2,68066,
1431976961951,openiab.StoreService,cm.aptoide.pt,10148,0,54787,[],false,true,0,0,54797,
1431976961951,ch.unige.css.services.main.CssRegistryService,ch.unige.ping:background,10149,9975,85196929,[STARTED],false,true,0,0,85196940,
1431976961951,com.google.android.finsky.billing.iab.InAppBillingService,com.android.vending,10024,24677,91571608,[],false,true,1,1,97543560,
1431976961951,org.cyanogenmod.audiofx.HeadsetService,org.cyanogenmod.audiofx,10000,1289,67364,"[PERSISTENT,STARTED]",false,true,0,0,67374,
1431977022199,com.android.bluetooth.hid.HidService,com.android.bluetooth,1002,0,49150,[],false,true,0,0,49160,
1431977022199,com.cleanmaster.service.PermanentService,com.cleanmaster.mguard:service,10138,17133,94138,[STARTED],false,true,1,1,100746149,
1431977022199,com.google.android.music.dial.DialMediaRouteProviderService,com.google.android.music:main,10073,0,57202,[],false,true,0,0,57212,
1431977022199,ch.unige.css.services.PingService,ch.unige.ping,10149,1632,100767949,[STARTED],false,true,0,0,100767960,
1431977022199,com.google.android.search.core.service.BroadcastListenerService,com.google.android.googlequicksearchbox:search,10026,5527,75471,[STARTED],false,true,0,0,97540772,
1431977022199,com.android.systemui.keyguard.KeyguardService,com.android.systemui,10014,930,44352,[PERSISTENT],false,false,2,2,68066,
1431977022199,openiab.StoreService,cm.aptoide.pt,10148,0,54787,[],false,true,0,0,54797,
1431977022199,ch.unige.css.services.main.CssRegistryService,ch.unige.ping:background,10149,9975,85196929,[STARTED],false,true,0,0,85196940,
1431977022199,com.google.android.finsky.billing.iab.InAppBillingService,com.android.vending,10024,24677,91571608,[],false,true,2,2,100746430,
1431977022199,org.cyanogenmod.audiofx.HeadsetService,org.cyanogenmod.audiofx,10000,1289,67364,"[PERSISTENT,STARTED]",false,true,0,0,67374,
1431977082538,com.android.bluetooth.hid.HidService,com.android.bluetooth,1002,0,49150,[],false,true,0,0,49160,
1431977082538,com.cleanmaster.service.PermanentService,com.cleanmaster.mguard:service,10138,17133,94138,[STARTED],false,true,1,1,100746149,
1431977082538,com.google.android.music.dial.DialMediaRouteProviderService,com.google.android.music:main,10073,0,57202,[],false,true,0,0,57212,
1431977082538,ch.unige.css.services.PingService,ch.unige.ping,10149,1632,100828289,[STARTED],false,true,0,0,100828300,
1431977082538,com.google.android.search.core.service.BroadcastListenerService,com.google.android.googlequicksearchbox:search,10026,5527,75471,[STARTED],false,true,0,0,97540772,
1431977082538,com.android.systemui.keyguard.KeyguardService,com.android.systemui,10014,930,44352,[PERSISTENT],false,false,2,2,68066,
1431977082538,openiab.StoreService,cm.aptoide.pt,10148,0,54787,[],false,true,0,0,54797,
1431977082538,ch.unige.css.services.main.CssRegistryService,ch.unige.ping:background,10149,9975,85196929,[STARTED],false,true,0,0,85196940,
1431977082538,com.google.android.finsky.billing.iab.InAppBillingService,com.android.vending,10024,24677,91571608,[],false,true,1,1,100746430,
1431977082538,org.cyanogenmod.audiofx.HeadsetService,org.cyanogenmod.audiofx,10000,1289,67364,"[PERSISTENT,STARTED]",false,true,0,0,67374,
1431977142612,com.android.bluetooth.hid.HidService,com.android.bluetooth,1002,0,49150,[],false,true,0,0,49160,
1431977142612,com.cleanmaster.service.PermanentService,com.cleanmaster.mguard:service,10138,17133,94138,[STARTED],false,true,1,1,100885286,
1431977142612,com.google.android.music.dial.DialMediaRouteProviderService,com.google.android.music:main,10073,0,57202,[],false,true,0,0,57212,
1431977142612,ch.unige.css.services.PingService,ch.unige.ping,10149,1632,100888359,[STARTED],false,true,0,0,100888370,
1431977142612,com.google.android.search.core.service.BroadcastListenerService,com.google.android.googlequicksearchbox:search,10026,5527,75471,[STARTED],false,true,0,0,97540772,
1431977142612,com.android.systemui.keyguard.KeyguardService,com.android.systemui,10014,930,44352,[PERSISTENT],false,false,2,2,68066,
1431977142612,openiab.StoreService,cm.aptoide.pt,10148,0,54787,[],false,true,0,0,54797,
1431977142612,ch.unige.css.services.main.CssRegistryService,ch.unige.ping:background,10149,9975,85196929,[STARTED],false,true,0,0,85196940,
1431977142612,com.google.android.finsky.billing.iab.InAppBillingService,com.android.vending,10024,24677,91571608,[],false,true,1,1,100746430,
1431977142612,org.cyanogenmod.audiofx.HeadsetService,org.cyanogenmod.audiofx,10000,1289,67364,"[PERSISTENT,STARTED]",false,true,0,0,67374,
1431977202904,com.android.bluetooth.hid.HidService,com.android.bluetooth,1002,0,49150,[],false,true,0,0,49160,
1431977202904,com.cleanmaster.service.PermanentService,com.cleanmaster.mguard:service,10138,17133,94138,[STARTED],false,true,1,1,100885286,
1431977202904,com.google.android.music.dial.DialMediaRouteProviderService,com.google.android.music:main,10073,0,57202,[],false,true,0,0,57212,
1431977202904,ch.unige.css.services.PingService,ch.unige.ping,10149,1632,100948661,[STARTED],false,true,0,0,100948672,
1431977202904,com.google.android.search.core.service.BroadcastListenerService,com.google.android.googlequicksearchbox:search,10026,5527,75471,[STARTED],false,true,0,0,97540772,
1431977202904,com.android.systemui.keyguard.KeyguardService,com.android.systemui,10014,930,44352,[PERSISTENT],false,false,2,2,68066,
1431977202904,openiab.StoreService,cm.aptoide.pt,10148,0,54787,[],false,true,0,0,54797,
1431977202904,ch.unige.css.services.main.CssRegistryService,ch.unige.ping:background,10149,9975,85196929,[STARTED],false,true,0,0,85196940,
1431977202904,com.google.android.finsky.billing.iab.InAppBillingService,com.android.vending,10024,24677,91571608,[],false,true,1,1,100746430,
1431977202904,org.cyanogenmod.audiofx.HeadsetService,org.cyanogenmod.audiofx,10000,1289,67364,"[PERSISTENT,STARTED]",false,true,0,0,67374,
1431977263085,com.android.bluetooth.hid.HidService,com.android.bluetooth,1002,0,49150,[],false,true,0,0,49160,
1431977263085,com.cleanmaster.service.PermanentService,com.cleanmaster.mguard:service,10138,17133,94138,[STARTED],false,true,1,1,101000828,
1431977263085,com.google.android.music.dial.DialMediaRouteProviderService,com.google.android.music:main,10073,0,57202,[],false,true,0,0,57212,
1431977263085,ch.unige.css.services.PingService,ch.unige.ping,10149,1632,101008766,[STARTED],false,true,0,0,101008777,
1431977263085,com.google.android.search.core.service.BroadcastListenerService,com.google.android.googlequicksearchbox:search,10026,5527,75471,[STARTED],false,true,0,0,97540772,
1431977263085,com.android.systemui.keyguard.KeyguardService,com.android.systemui,10014,930,44352,[PERSISTENT],false,false,2,2,68066,
1431977263085,openiab.StoreService,cm.aptoide.pt,10148,0,54787,[],false,true,0,0,54797,
1431977263085,ch.unige.css.services.main.CssRegistryService,ch.unige.ping:background,10149,9975,85196929,[STARTED],false,true,0,0,85196940,
1431977263085,com.google.android.finsky.billing.iab.InAppBillingService,com.android.vending,10024,24677,91571608,[],false,true,1,1,100746430,
1431977263085,org.cyanogenmod.audiofx.HeadsetService,org.cyanogenmod.audiofx,10000,1289,67364,"[PERSISTENT,STARTED]",false,true,0,0,67374,
1431977323391,com.android.bluetooth.hid.HidService,com.android.bluetooth,1002,0,49150,[],false,true,0,0,49160,
1431977323391,com.cleanmaster.service.PermanentService,com.cleanmaster.mguard:service,10138,17133,94138,[STARTED],false,true,1,1,101026161,
1431977323391,com.google.android.music.dial.DialMediaRouteProviderService,com.google.android.music:main,10073,0,57202,[],false,true,0,0,57212,
1431977323391,ch.unige.css.services.PingService,ch.unige.ping,10149,1632,101069131,[STARTED],false,true,0,0,101069142,
1431977323391,com.google.android.search.core.service.BroadcastListenerService,com.google.android.googlequicksearchbox:search,10026,5527,75471,[STARTED],false,true,0,0,97540772,
1431977323391,com.android.systemui.keyguard.KeyguardService,com.android.systemui,10014,930,44352,[PERSISTENT],false,false,2,2,68066,
1431977323391,openiab.StoreService,cm.aptoide.pt,10148,0,54787,[],false,true,0,0,54797,
1431977323391,ch.unige.css.services.main.CssRegistryService,ch.unige.ping:background,10149,9975,85196929,[STARTED],false,true,0,0,85196940,
1431977323391,com.google.android.finsky.billing.iab.InAppBillingService,com.android.vending,10024,24677,91571608,[],false,true,1,1,100746430,
1431977323391,org.cyanogenmod.audiofx.HeadsetService,org.cyanogenmod.audiofx,10000,1289,67364,"[PERSISTENT,STARTED]",false,true,0,0,67374,
1431977383737,com.android.bluetooth.hid.HidService,com.android.bluetooth,1002,0,49150,[],false,true,0,0,49160,
1431977383737,com.cleanmaster.service.PermanentService,com.cleanmaster.mguard:service,10138,17133,94138,[STARTED],false,true,1,1,101026161,
1431977383737,com.google.android.music.dial.DialMediaRouteProviderService,com.google.android.music:main,10073,0,57202,[],false,true,0,0,57212,
1431977383737,ch.unige.css.services.PingService,ch.unige.ping,10149,1632,101129372,[STARTED],false,true,0,0,101129383,
1431977383737,com.google.android.search.core.service.BroadcastListenerService,com.google.android.googlequicksearchbox:search,10026,5527,75471,[STARTED],false,true,0,0,97540772,
1431977383737,com.android.systemui.keyguard.KeyguardService,com.android.systemui,10014,930,44352,[PERSISTENT],false,false,2,2,68066,
1431977383737,openiab.StoreService,cm.aptoide.pt,10148,0,54787,[],false,true,0,0,54797,
1431977383737,ch.unige.css.services.main.CssRegistryService,ch.unige.ping:background,10149,9975,85196929,[STARTED],false,true,0,0,85196940,
1431977383737,com.google.android.finsky.billing.iab.InAppBillingService,com.android.vending,10024,24677,91571608,[],false,true,1,1,100746430,
1431977383737,org.cyanogenmod.audiofx.HeadsetService,org.cyanogenmod.audiofx,10000,1289,67364,"[PERSISTENT,STARTED]",false,true,0,0,67374,
1431977443753,com.android.bluetooth.hid.HidService,com.android.bluetooth,1002,0,49150,[],false,true,0,0,49160,
1431977443753,com.cleanmaster.service.PermanentService,com.cleanmaster.mguard:service,10138,17133,94138,[STARTED],false,true,1,1,101026161,
1431977443753,com.google.android.music.dial.DialMediaRouteProviderService,com.google.android.music:main,10073,0,57202,[],false,true,0,0,57212,
1431977443753,ch.unige.css.services.PingService,ch.unige.ping,10149,1632,101189502,[STARTED],false,true,0,0,101189513,
1431977443753,com.google.android.search.core.service.BroadcastListenerService,com.google.android.googlequicksearchbox:search,10026,5527,75471,[STARTED],false,true,0,0,97540772,
1431977443753,com.android.systemui.keyguard.KeyguardService,com.android.systemui,10014,930,44352,[PERSISTENT],false,false,2,2,68066,
1431977443753,openiab.StoreService,cm.aptoide.pt,10148,0,54787,[],false,true,0,0,54797,
1431977443753,ch.unige.css.services.main.CssRegistryService,ch.unige.ping:background,10149,9975,85196929,[STARTED],false,true,0,0,85196940,
1431977443753,com.google.android.finsky.billing.iab.InAppBillingService,com.android.vending,10024,24677,91571608,[],false,true,1,1,100746430,
1431977443753,org.cyanogenmod.audiofx.HeadsetService,org.cyanogenmod.audiofx,10000,1289,67364,"[PERSISTENT,STARTED]",false,true,0,0,67374,
1431977504088,com.android.bluetooth.hid.HidService,com.android.bluetooth,1002,0,49150,[],false,true,0,0,49160,
1431977504088,com.cleanmaster.service.PermanentService,com.cleanmaster.mguard:service,10138,17133,94138,[STARTED],false,true,1,1,101026161,
1431977504088,com.google.android.music.dial.DialMediaRouteProviderService,com.google.android.music:main,10073,0,57202,[],false,true,0,0,57212,
1431977504088,ch.unige.css.services.PingService,ch.unige.ping,10149,1632,101249794,[STARTED],false,true,0,0,101249805,
1431977504088,com.google.android.search.core.service.BroadcastListenerService,com.google.android.googlequicksearchbox:search,10026,5527,75471,[STARTED],false,true,0,0,97540772,
1431977504088,com.android.systemui.keyguard.KeyguardService,com.android.systemui,10014,930,44352,[PERSISTENT],false,false,2,2,68066,
1431977504088,openiab.StoreService,cm.aptoide.pt,10148,0,54787,[],false,true,0,0,54797,
1431977504088,ch.unige.css.services.main.CssRegistryService,ch.unige.ping:background,10149,9975,85196929,[STARTED],false,true,0,0,85196940,
1431977504088,com.google.android.finsky.billing.iab.InAppBillingService,com.android.vending,10024,24677,91571608,[],false,true,1,1,100746430,
1431977504088,org.cyanogenmod.audiofx.HeadsetService,org.cyanogenmod.audiofx,10000,1289,67364,"[PERSISTENT,STARTED]",false,true,0,0,67374,
1431977564136,com.android.bluetooth.hid.HidService,com.android.bluetooth,1002,0,49150,[],false,true,0,0,49160,
1431977564136,com.cleanmaster.service.PermanentService,com.cleanmaster.mguard:service,10138,17133,94138,[STARTED],false,true,1,1,101026161,
1431977564136,com.google.android.music.dial.DialMediaRouteProviderService,com.google.android.music:main,10073,0,57202,[],false,true,0,0,57212,
1431977564136,ch.unige.css.services.PingService,ch.unige.ping,10149,1632,101309879,[STARTED],false,true,0,0,101309890,
1431977564136,com.google.android.search.core.service.BroadcastListenerService,com.google.android.googlequicksearchbox:search,10026,5527,75471,[STARTED],false,true,0,0,97540772,
1431977564136,com.android.systemui.keyguard.KeyguardService,com.android.systemui,10014,930,44352,[PERSISTENT],false,false,2,2,68066,
1431977564136,openiab.StoreService,cm.aptoide.pt,10148,0,54787,[],false,true,0,0,54797,
1431977564136,ch.unige.css.services.main.CssRegistryService,ch.unige.ping:background,10149,9975,85196929,[STARTED],false,true,0,0,85196940,
1431977564136,com.google.android.finsky.billing.iab.InAppBillingService,com.android.vending,10024,24677,91571608,[],false,true,1,1,100746430,
1431977564136,org.cyanogenmod.audiofx.HeadsetService,org.cyanogenmod.audiofx,10000,1289,67364,"[PERSISTENT,STARTED]",false,true,0,0,67374,
1431977624236,com.android.bluetooth.hid.HidService,com.android.bluetooth,1002,0,49150,[],false,true,0,0,49160,
1431977624236,com.cleanmaster.service.PermanentService,com.cleanmaster.mguard:service,10138,17133,94138,[STARTED],false,true,1,1,101026161,
1431977624236,com.google.android.music.dial.DialMediaRouteProviderService,com.google.android.music:main,10073,0,57202,[],false,true,0,0,57212,
1431977624236,ch.unige.css.services.PingService,ch.unige.ping,10149,1632,101369962,[STARTED],false,true,0,0,101369973,
1431977624236,com.google.android.search.core.service.BroadcastListenerService,com.google.android.googlequicksearchbox:search,10026,5527,75471,[STARTED],false,true,0,0,97540772,
1431977624236,com.android.systemui.keyguard.KeyguardService,com.android.systemui,10014,930,44352,[PERSISTENT],false,false,2,2,68066,
1431977624236,openiab.StoreService,cm.aptoide.pt,10148,0,54787,[],false,true,0,0,54797,
1431977624236,ch.unige.css.services.main.CssRegistryService,ch.unige.ping:background,10149,9975,85196929,[STARTED],false,true,0,0,85196940,
1431977624236,com.google.android.finsky.billing.iab.InAppBillingService,com.android.vending,10024,24677,91571608,[],false,true,1,1,100746430,
1431977624236,org.cyanogenmod.audiofx.HeadsetService,org.cyanogenmod.audiofx,10000,1289,67364,"[PERSISTENT,STARTED]",false,true,0,0,67374,
1431977684528,com.android.bluetooth.hid.HidService,com.android.bluetooth,1002,0,49150,[],false,true,0,0,49160,
1431977684528,com.cleanmaster.service.PermanentService,com.cleanmaster.mguard:service,10138,17133,94138,[STARTED],false,true,1,1,101401828,
1431977684528,com.google.android.music.dial.DialMediaRouteProviderService,com.google.android.music:main,10073,0,57202,[],false,true,0,0,57212,
1431977684528,ch.unige.css.services.PingService,ch.unige.ping,10149,1632,101430293,[STARTED],false,true,0,0,101430304,
1431977684528,com.google.android.search.core.service.BroadcastListenerService,com.google.android.googlequicksearchbox:search,10026,5527,75471,[STARTED],false,true,0,0,97540772,
1431977684528,com.android.systemui.keyguard.KeyguardService,com.android.systemui,10014,930,44352,[PERSISTENT],false,false,2,2,68066,
1431977684528,openiab.StoreService,cm.aptoide.pt,10148,0,54787,[],false,true,0,0,54797,
1431977684528,ch.unige.css.services.main.CssRegistryService,ch.unige.ping:background,10149,9975,85196929,[STARTED],false,true,0,0,85196940,
1431977684528,com.google.android.finsky.billing.iab.InAppBillingService,com.android.vending,10024,24677,91571608,[],false,true,1,1,100746430,
1431977684528,org.cyanogenmod.audiofx.HeadsetService,org.cyanogenmod.audiofx,10000,1289,67364,"[PERSISTENT,STARTED]",false,true,0,0,67374,
1431977744867,com.android.bluetooth.hid.HidService,com.android.bluetooth,1002,0,49150,[],false,true,0,0,49160,
1431977744867,com.cleanmaster.service.PermanentService,com.cleanmaster.mguard:service,10138,17133,94138,[STARTED],false,true,1,1,101401828,
1431977744867,com.google.android.music.dial.DialMediaRouteProviderService,com.google.android.music:main,10073,0,57202,[],false,true,0,0,57212,
1431977744867,ch.unige.css.services.PingService,ch.unige.ping,10149,1632,101490595,[STARTED],false,true,0,0,101490606,
1431977744867,com.google.android.search.core.service.BroadcastListenerService,com.google.android.googlequicksearchbox:search,10026,5527,75471,[STARTED],false,true,0,0,97540772,
1431977744867,com.android.systemui.keyguard.KeyguardService,com.android.systemui,10014,930,44352,[PERSISTENT],false,false,2,2,68066,
1431977744867,openiab.StoreService,cm.aptoide.pt,10148,0,54787,[],false,true,0,0,54797,
1431977744867,ch.unige.css.services.main.CssRegistryService,ch.unige.ping:background,10149,9975,85196929,[STARTED],false,true,0,0,85196940,
1431977744867,com.google.android.finsky.billing.iab.InAppBillingService,com.android.vending,10024,24677,91571608,[],false,true,1,1,100746430,
1431977744867,org.cyanogenmod.audiofx.HeadsetService,org.cyanogenmod.audiofx,10000,1289,67364,"[PERSISTENT,STARTED]",false,true,0,0,67374,
1431977805079,com.android.bluetooth.hid.HidService,com.android.bluetooth,1002,0,49150,[],false,true,0,0,49160,
1431977805079,com.cleanmaster.service.PermanentService,com.cleanmaster.mguard:service,10138,17133,94138,[STARTED],false,true,1,1,101401828,
1431977805079,com.google.android.music.dial.DialMediaRouteProviderService,com.google.android.music:main,10073,0,57202,[],false,true,0,0,57212,
1431977805079,ch.unige.css.services.PingService,ch.unige.ping,10149,1632,101550843,[STARTED],false,true,0,0,101550854,
1431977805079,com.google.android.search.core.service.BroadcastListenerService,com.google.android.googlequicksearchbox:search,10026,5527,75471,[STARTED],false,true,0,0,97540772,
1431977805079,com.android.systemui.keyguard.KeyguardService,com.android.systemui,10014,930,44352,[PERSISTENT],false,false,2,2,68066,
1431977805079,openiab.StoreService,cm.aptoide.pt,10148,0,54787,[],false,true,0,0,54797,
1431977805079,ch.unige.css.services.main.CssRegistryService,ch.unige.ping:background,10149,9975,85196929,[STARTED],false,true,0,0,85196940,
1431977805079,com.google.android.finsky.billing.iab.InAppBillingService,com.android.vending,10024,24677,91571608,[],false,true,1,1,100746430,
1431977805079,org.cyanogenmod.audiofx.HeadsetService,org.cyanogenmod.audiofx,10000,1289,67364,"[PERSISTENT,STARTED]",false,true,0,0,67374,
1431977865254,com.android.bluetooth.hid.HidService,com.android.bluetooth,1002,0,49150,[],false,true,0,0,49160,
1431977865254,com.cleanmaster.service.PermanentService,com.cleanmaster.mguard:service,10138,17133,94138,[STARTED],false,true,1,1,101401828,
1431977865254,com.google.android.music.dial.DialMediaRouteProviderService,com.google.android.music:main,10073,0,57202,[],false,true,0,0,57212,
1431977865254,ch.unige.css.services.PingService,ch.unige.ping,10149,1632,101610987,[STARTED],false,true,0,0,101610998,
1431977865254,com.google.android.search.core.service.BroadcastListenerService,com.google.android.googlequicksearchbox:search,10026,5527,75471,[STARTED],false,true,0,0,97540772,
1431977865254,com.android.systemui.keyguard.KeyguardService,com.android.systemui,10014,930,44352,[PERSISTENT],false,false,2,2,68066,
1431977865254,openiab.StoreService,cm.aptoide.pt,10148,0,54787,[],false,true,0,0,54797,
1431977865254,ch.unige.css.services.main.CssRegistryService,ch.unige.ping:background,10149,9975,85196929,[STARTED],false,true,0,0,85196940,
1431977865254,com.google.android.finsky.billing.iab.InAppBillingService,com.android.vending,10024,24677,91571608,[],false,true,1,1,100746430,
1431977865254,org.cyanogenmod.audiofx.HeadsetService,org.cyanogenmod.audiofx,10000,1289,67364,"[PERSISTENT,STARTED]",false,true,0,0,67374,
1431977925496,com.android.bluetooth.hid.HidService,com.android.bluetooth,1002,0,49150,[],false,true,0,0,49160,
1431977925496,com.cleanmaster.service.PermanentService,com.cleanmaster.mguard:service,10138,17133,94138,[STARTED],false,true,1,1,101401828,
1431977925496,com.google.android.music.dial.DialMediaRouteProviderService,com.google.android.music:main,10073,0,57202,[],false,true,0,0,57212,
1431977925496,ch.unige.css.services.PingService,ch.unige.ping,10149,1632,101671233,[STARTED],false,true,0,0,101671244,
1431977925496,com.google.android.search.core.service.BroadcastListenerService,com.google.android.googlequicksearchbox:search,10026,5527,75471,[STARTED],false,true,0,0,97540772,
1431977925496,com.android.systemui.keyguard.KeyguardService,com.android.systemui,10014,930,44352,[PERSISTENT],false,false,2,2,68066,
1431977925496,openiab.StoreService,cm.aptoide.pt,10148,0,54787,[],false,true,0,0,54797,
1431977925496,ch.unige.css.services.main.CssRegistryService,ch.unige.ping:background,10149,9975,85196929,[STARTED],false,true,0,0,85196940,
1431977925496,com.google.android.finsky.billing.iab.InAppBillingService,com.android.vending,10024,24677,91571608,[],false,true,1,1,100746430,
1431977925496,org.cyanogenmod.audiofx.HeadsetService,org.cyanogenmod.audiofx,10000,1289,67364,"[PERSISTENT,STARTED]",false,true,0,0,67374,
1431977985809,com.android.bluetooth.hid.HidService,com.android.bluetooth,1002,0,49150,[],false,true,0,0,49160,
1431977985809,com.cleanmaster.service.PermanentService,com.cleanmaster.mguard:service,10138,17133,94138,[STARTED],false,true,1,1,101401828,
1431977985809,com.google.android.music.dial.DialMediaRouteProviderService,com.google.android.music:main,10073,0,57202,[],false,true,0,0,57212,
1431977985809,ch.unige.css.services.PingService,ch.unige.ping,10149,1632,101731590,[STARTED],false,true,0,0,101731601,
1431977985809,com.google.android.search.core.service.BroadcastListenerService,com.google.android.googlequicksearchbox:search,10026,5527,75471,[STARTED],false,true,0,0,97540772,
1431977985809,com.android.systemui.keyguard.KeyguardService,com.android.systemui,10014,930,44352,[PERSISTENT],false,false,2,2,68066,
1431977985809,openiab.StoreService,cm.aptoide.pt,10148,0,54787,[],false,true,0,0,54797,
1431977985809,ch.unige.css.services.main.CssRegistryService,ch.unige.ping:background,10149,9975,85196929,[STARTED],false,true,0,0,85196940,
1431977985809,com.google.android.finsky.billing.iab.InAppBillingService,com.android.vending,10024,24677,91571608,[],false,true,1,1,100746430,
1431977985809,org.cyanogenmod.audiofx.HeadsetService,org.cyanogenmod.audiofx,10000,1289,67364,"[PERSISTENT,STARTED]",false,true,0,0,67374,
1431978046179,com.android.bluetooth.hid.HidService,com.android.bluetooth,1002,0,49150,[],false,true,0,0,49160,
1431978046179,com.cleanmaster.service.PermanentService,com.cleanmaster.mguard:service,10138,17133,94138,[STARTED],false,true,1,1,101401828,
1431978046179,com.google.android.music.dial.DialMediaRouteProviderService,com.google.android.music:main,10073,0,57202,[],false,true,0,0,57212,
1431978046179,ch.unige.css.services.PingService,ch.unige.ping,10149,1632,101791898,[STARTED],false,true,0,0,101791909,
1431978046179,com.google.android.search.core.service.BroadcastListenerService,com.google.android.googlequicksearchbox:search,10026,5527,75471,[STARTED],false,true,0,0,97540772,
1431978046179,com.android.systemui.keyguard.KeyguardService,com.android.systemui,10014,930,44352,[PERSISTENT],false,false,2,2,68066,
1431978046179,openiab.StoreService,cm.aptoide.pt,10148,0,54787,[],false,true,0,0,54797,
1431978046179,ch.unige.css.services.main.CssRegistryService,ch.unige.ping:background,10149,9975,85196929,[STARTED],false,true,0,0,85196940,
1431978046179,com.google.android.finsky.billing.iab.InAppBillingService,com.android.vending,10024,24677,91571608,[],false,true,1,1,100746430,
1431978046179,org.cyanogenmod.audiofx.HeadsetService,org.cyanogenmod.audiofx,10000,1289,67364,"[PERSISTENT,STARTED]",false,true,0,0,67374,
1431978106643,com.android.bluetooth.hid.HidService,com.android.bluetooth,1002,0,49150,[],false,true,0,0,49160,
1431978106643,com.cleanmaster.service.PermanentService,com.cleanmaster.mguard:service,10138,17133,94138,[STARTED],false,true,1,1,101401828,
1431978106643,com.google.android.music.dial.DialMediaRouteProviderService,com.google.android.music:main,10073,0,57202,[],false,true,0,0,57212,
1431978106643,ch.unige.css.services.PingService,ch.unige.ping,10149,1632,101852362,[STARTED],false,true,0,0,101852373,
1431978106643,com.google.android.search.core.service.BroadcastListenerService,com.google.android.googlequicksearchbox:search,10026,5527,75471,[STARTED],false,true,0,0,97540772,
1431978106643,com.android.systemui.keyguard.KeyguardService,com.android.systemui,10014,930,44352,[PERSISTENT],false,false,2,2,68066,
1431978106643,openiab.StoreService,cm.aptoide.pt,10148,0,54787,[],false,true,0,0,54797,
1431978106643,ch.unige.css.services.main.CssRegistryService,ch.unige.ping:background,10149,9975,85196929,[STARTED],false,true,0,0,85196940,
1431978106643,com.google.android.finsky.billing.iab.InAppBillingService,com.android.vending,10024,24677,91571608,[],false,true,1,1,100746430,
1431978106643,org.cyanogenmod.audiofx.HeadsetService,org.cyanogenmod.audiofx,10000,1289,67364,"[PERSISTENT,STARTED]",false,true,0,0,67374,
1431978166922,com.android.bluetooth.hid.HidService,com.android.bluetooth,1002,0,49150,[],false,true,0,0,49160,
1431978166922,com.cleanmaster.service.PermanentService,com.cleanmaster.mguard:service,10138,17133,94138,[STARTED],false,true,1,1,101401828,
1431978166922,com.google.android.music.dial.DialMediaRouteProviderService,com.google.android.music:main,10073,0,57202,[],false,true,0,0,57212,
1431978166922,ch.unige.css.services.PingService,ch.unige.ping,10149,1632,101912642,[STARTED],false,true,0,0,101912653,
1431978166922,com.google.android.search.core.service.BroadcastListenerService,com.google.android.googlequicksearchbox:search,10026,5527,75471,[STARTED],false,true,0,0,97540772,
1431978166922,com.android.systemui.keyguard.KeyguardService,com.android.systemui,10014,930,44352,[PERSISTENT],false,false,2,2,68066,
1431978166922,openiab.StoreService,cm.aptoide.pt,10148,0,54787,[],false,true,0,0,54797,
1431978166922,ch.unige.css.services.main.CssRegistryService,ch.unige.ping:background,10149,9975,85196929,[STARTED],false,true,0,0,85196940,
1431978166922,com.google.android.finsky.billing.iab.InAppBillingService,com.android.vending,10024,24677,91571608,[],false,true,1,1,100746430,
1431978166922,org.cyanogenmod.audiofx.HeadsetService,org.cyanogenmod.audiofx,10000,1289,67364,"[PERSISTENT,STARTED]",false,true,0,0,67374,
1431978227293,com.android.bluetooth.hid.HidService,com.android.bluetooth,1002,0,49150,[],false,true,0,0,49160,
1431978227293,com.cleanmaster.service.PermanentService,com.cleanmaster.mguard:service,10138,17133,94138,[STARTED],false,true,1,1,101401828,
1431978227293,com.google.android.music.dial.DialMediaRouteProviderService,com.google.android.music:main,10073,0,57202,[],false,true,0,0,57212,
1431978227293,ch.unige.css.services.PingService,ch.unige.ping,10149,1632,101973045,[STARTED],false,true,0,0,101973057,
1431978227293,com.google.android.search.core.service.BroadcastListenerService,com.google.android.googlequicksearchbox:search,10026,5527,75471,[STARTED],false,true,0,0,97540772,
1431978227293,com.android.systemui.keyguard.KeyguardService,com.android.systemui,10014,930,44352,[PERSISTENT],false,false,2,2,68066,
1431978227293,openiab.StoreService,cm.aptoide.pt,10148,0,54787,[],false,true,0,0,54797,
1431978227293,ch.unige.css.services.main.CssRegistryService,ch.unige.ping:background,10149,9975,85196929,[STARTED],false,true,0,0,85196940,
1431978227293,com.google.android.finsky.billing.iab.InAppBillingService,com.android.vending,10024,24677,91571608,[],false,true,1,1,100746430,
1431978227293,org.cyanogenmod.audiofx.HeadsetService,org.cyanogenmod.audiofx,10000,1289,67364,"[PERSISTENT,STARTED]",false,true,0,0,67374,
1431978287514,com.android.bluetooth.hid.HidService,com.android.bluetooth,1002,0,49150,[],false,true,0,0,49160,
1431978287514,com.cleanmaster.service.PermanentService,com.cleanmaster.mguard:service,10138,17133,94138,[STARTED],false,true,1,1,101401828,
1431978287514,com.google.android.music.dial.DialMediaRouteProviderService,com.google.android.music:main,10073,0,57202,[],false,true,0,0,57212,
1431978287514,ch.unige.css.services.PingService,ch.unige.ping,10149,1632,102033251,[STARTED],false,true,0,0,102033262,
1431978287514,com.google.android.search.core.service.BroadcastListenerService,com.google.android.googlequicksearchbox:search,10026,5527,75471,[STARTED],false,true,0,0,97540772,
1431978287514,com.android.systemui.keyguard.KeyguardService,com.android.systemui,10014,930,44352,[PERSISTENT],false,false,2,2,68066,
1431978287514,openiab.StoreService,cm.aptoide.pt,10148,0,54787,[],false,true,0,0,54797,
1431978287514,ch.unige.css.services.main.CssRegistryService,ch.unige.ping:background,10149,9975,85196929,[STARTED],false,true,0,0,85196940,
1431978287514,com.google.android.finsky.billing.iab.InAppBillingService,com.android.vending,10024,24677,91571608,[],false,true,1,1,100746430,
1431978287514,org.cyanogenmod.audiofx.HeadsetService,org.cyanogenmod.audiofx,10000,1289,67364,"[PERSISTENT,STARTED]",false,true,0,0,67374,
1431978347800,com.android.bluetooth.hid.HidService,com.android.bluetooth,1002,0,49150,[],false,true,0,0,49160,
1431978347800,com.cleanmaster.service.PermanentService,com.cleanmaster.mguard:service,10138,17133,94138,[STARTED],false,true,1,1,101401828,
1431978347800,com.google.android.music.dial.DialMediaRouteProviderService,com.google.android.music:main,10073,0,57202,[],false,true,0,0,57212,
1431978347800,ch.unige.css.services.PingService,ch.unige.ping,10149,1632,102093535,[STARTED],false,true,0,0,102093547,
1431978347800,com.google.android.search.core.service.BroadcastListenerService,com.google.android.googlequicksearchbox:search,10026,5527,75471,[STARTED],false,true,0,0,97540772,
1431978347800,com.android.systemui.keyguard.KeyguardService,com.android.systemui,10014,930,44352,[PERSISTENT],false,false,2,2,68066,
1431978347800,openiab.StoreService,cm.aptoide.pt,10148,0,54787,[],false,true,0,0,54797,
1431978347800,ch.unige.css.services.main.CssRegistryService,ch.unige.ping:background,10149,9975,85196929,[STARTED],false,true,0,0,85196940,
1431978347800,com.google.android.finsky.billing.iab.InAppBillingService,com.android.vending,10024,24677,91571608,[],false,true,1,1,100746430,
1431978347800,org.cyanogenmod.audiofx.HeadsetService,org.cyanogenmod.audiofx,10000,1289,67364,"[PERSISTENT,STARTED]",false,true,0,0,67374,
1431978408169,com.android.bluetooth.hid.HidService,com.android.bluetooth,1002,0,49150,[],false,true,0,0,49160,
1431978408169,com.cleanmaster.service.PermanentService,com.cleanmaster.mguard:service,10138,17133,94138,[STARTED],false,true,1,1,101401828,
1431978408169,com.google.android.music.dial.DialMediaRouteProviderService,com.google.android.music:main,10073,0,57202,[],false,true,0,0,57212,
1431978408169,ch.unige.css.services.PingService,ch.unige.ping,10149,1632,102153902,[STARTED],false,true,0,0,102153913,
1431978408169,com.google.android.search.core.service.BroadcastListenerService,com.google.android.googlequicksearchbox:search,10026,5527,75471,[STARTED],false,true,0,0,97540772,
1431978408169,com.android.systemui.keyguard.KeyguardService,com.android.systemui,10014,930,44352,[PERSISTENT],false,false,2,2,68066,
1431978408169,openiab.StoreService,cm.aptoide.pt,10148,0,54787,[],false,true,0,0,54797,
1431978408169,ch.unige.css.services.main.CssRegistryService,ch.unige.ping:background,10149,9975,85196929,[STARTED],false,true,0,0,85196940,
1431978408169,com.google.android.finsky.billing.iab.InAppBillingService,com.android.vending,10024,24677,91571608,[],false,true,1,1,100746430,
1431978408169,org.cyanogenmod.audiofx.HeadsetService,org.cyanogenmod.audiofx,10000,1289,67364,"[PERSISTENT,STARTED]",false,true,0,0,67374,
1431978468421,com.android.bluetooth.hid.HidService,com.android.bluetooth,1002,0,49150,[],false,true,0,0,49160,
1431978468421,com.cleanmaster.service.PermanentService,com.cleanmaster.mguard:service,10138,17133,94138,[STARTED],false,true,1,1,101401828,
1431978468421,com.google.android.music.dial.DialMediaRouteProviderService,com.google.android.music:main,10073,0,57202,[],false,true,0,0,57212,
1431978468421,ch.unige.css.services.PingService,ch.unige.ping,10149,1632,102214153,[STARTED],false,true,0,0,102214164,
1431978468421,com.google.android.search.core.service.BroadcastListenerService,com.google.android.googlequicksearchbox:search,10026,5527,75471,[STARTED],false,true,0,0,97540772,
1431978468421,com.android.systemui.keyguard.KeyguardService,com.android.systemui,10014,930,44352,[PERSISTENT],false,false,2,2,68066,
1431978468421,openiab.StoreService,cm.aptoide.pt,10148,0,54787,[],false,true,0,0,54797,
1431978468421,ch.unige.css.services.main.CssRegistryService,ch.unige.ping:background,10149,9975,85196929,[STARTED],false,true,0,0,85196940,
1431978468421,com.google.android.finsky.billing.iab.InAppBillingService,com.android.vending,10024,24677,91571608,[],false,true,1,1,100746430,
1431978468421,org.cyanogenmod.audiofx.HeadsetService,org.cyanogenmod.audiofx,10000,1289,67364,"[PERSISTENT,STARTED]",false,true,0,0,67374,
1431978528760,com.android.bluetooth.hid.HidService,com.android.bluetooth,1002,0,49150,[],false,true,0,0,49160,
1431978528760,com.cleanmaster.service.PermanentService,com.cleanmaster.mguard:service,10138,17133,94138,[STARTED],false,true,1,1,101401828,
1431978528760,com.google.android.music.dial.DialMediaRouteProviderService,com.google.android.music:main,10073,0,57202,[],false,true,0,0,57212,
1431978528760,ch.unige.css.services.PingService,ch.unige.ping,10149,1632,102274512,[STARTED],false,true,0,0,102274524,
1431978528760,com.google.android.search.core.service.BroadcastListenerService,com.google.android.googlequicksearchbox:search,10026,5527,75471,[STARTED],false,true,0,0,97540772,
1431978528760,com.android.systemui.keyguard.KeyguardService,com.android.systemui,10014,930,44352,[PERSISTENT],false,false,2,2,68066,
1431978528760,openiab.StoreService,cm.aptoide.pt,10148,0,54787,[],false,true,0,0,54797,
1431978528760,ch.unige.css.services.main.CssRegistryService,ch.unige.ping:background,10149,9975,85196929,[STARTED],false,true,0,0,85196940,
1431978528760,com.google.android.finsky.billing.iab.InAppBillingService,com.android.vending,10024,24677,91571608,[],false,true,1,1,100746430,
1431978528760,org.cyanogenmod.audiofx.HeadsetService,org.cyanogenmod.audiofx,10000,1289,67364,"[PERSISTENT,STARTED]",false,true,0,0,67374,
1431978589024,com.android.bluetooth.hid.HidService,com.android.bluetooth,1002,0,49150,[],false,true,0,0,49160,
1431978589024,com.cleanmaster.service.PermanentService,com.cleanmaster.mguard:service,10138,17133,94138,[STARTED],false,true,1,1,101401828,
1431978589024,com.google.android.music.dial.DialMediaRouteProviderService,com.google.android.music:main,10073,0,57202,[],false,true,0,0,57212,
1431978589024,ch.unige.css.services.PingService,ch.unige.ping,10149,1632,102334766,[STARTED],false,true,0,0,102334778,
1431978589024,com.google.android.search.core.service.BroadcastListenerService,com.google.android.googlequicksearchbox:search,10026,5527,75471,[STARTED],false,true,0,0,97540772,
1431978589024,com.android.systemui.keyguard.KeyguardService,com.android.systemui,10014,930,44352,[PERSISTENT],false,false,2,2,68066,
1431978589024,openiab.StoreService,cm.aptoide.pt,10148,0,54787,[],false,true,0,0,54797,
1431978589024,ch.unige.css.services.main.CssRegistryService,ch.unige.ping:background,10149,9975,85196929,[STARTED],false,true,0,0,85196940,
1431978589024,com.google.android.finsky.billing.iab.InAppBillingService,com.android.vending,10024,24677,91571608,[],false,true,1,1,100746430,
1431978589024,org.cyanogenmod.audiofx.HeadsetService,org.cyanogenmod.audiofx,10000,1289,67364,"[PERSISTENT,STARTED]",false,true,0,0,67374,
1431978649468,com.android.bluetooth.hid.HidService,com.android.bluetooth,1002,0,49150,[],false,true,0,0,49160,
1431978649468,com.cleanmaster.service.PermanentService,com.cleanmaster.mguard:service,10138,17133,94138,[STARTED],false,true,1,1,101401828,
1431978649468,com.google.android.music.dial.DialMediaRouteProviderService,com.google.android.music:main,10073,0,57202,[],false,true,0,0,57212,
1431978649468,ch.unige.css.services.PingService,ch.unige.ping,10149,1632,102395101,[STARTED],false,true,0,0,102395112,
1431978649468,com.google.android.search.core.service.BroadcastListenerService,com.google.android.googlequicksearchbox:search,10026,5527,75471,[STARTED],false,true,0,0,97540772,
1431978649468,com.android.systemui.keyguard.KeyguardService,com.android.systemui,10014,930,44352,[PERSISTENT],false,false,2,2,68066,
1431978649468,openiab.StoreService,cm.aptoide.pt,10148,0,54787,[],false,true,0,0,54797,
1431978649468,ch.unige.css.services.main.CssRegistryService,ch.unige.ping:background,10149,9975,85196929,[STARTED],false,true,0,0,85196940,
1431978649468,com.google.android.finsky.billing.iab.InAppBillingService,com.android.vending,10024,24677,91571608,[],false,true,1,1,100746430,
1431978649468,org.cyanogenmod.audiofx.HeadsetService,org.cyanogenmod.audiofx,10000,1289,67364,"[PERSISTENT,STARTED]",false,true,0,0,67374,
1431978709319,com.android.bluetooth.hid.HidService,com.android.bluetooth,1002,0,49150,[],false,true,0,0,49160,
1431978709319,com.cleanmaster.service.PermanentService,com.cleanmaster.mguard:service,10138,17133,94138,[STARTED],false,true,1,1,101401828,
1431978709319,com.google.android.gms.ads.identifier.service.AdvertisingIdService,com.google.android.gms,10020,1729,102454437,[],false,true,1,1,102454448,
1431978709319,com.snapchat.android.service.SnapchatService,com.snapchat.android,10109,13318,102454489,[STARTED],false,true,0,0,102454500,
1431978709319,com.google.android.music.dial.DialMediaRouteProviderService,com.google.android.music:main,10073,0,57202,[],false,true,0,0,57212,
1431978709319,ch.unige.css.services.PingService,ch.unige.ping,10149,1632,102455118,[STARTED],false,true,0,0,102455129,
1431978709319,com.google.android.search.core.service.BroadcastListenerService,com.google.android.googlequicksearchbox:search,10026,5527,75471,[STARTED],false,true,0,0,97540772,
1431978709319,com.android.systemui.keyguard.KeyguardService,com.android.systemui,10014,930,44352,[PERSISTENT],false,false,2,2,68066,
1431978709319,openiab.StoreService,cm.aptoide.pt,10148,0,54787,[],false,true,0,0,54797,
1431978709319,ch.unige.css.services.main.CssRegistryService,ch.unige.ping:background,10149,9975,85196929,[STARTED],false,true,0,0,85196940,
1431978769389,com.android.bluetooth.hid.HidService,com.android.bluetooth,1002,0,49150,[],false,true,0,0,49160,
1431978769389,com.cleanmaster.service.PermanentService,com.cleanmaster.mguard:service,10138,17133,94138,[STARTED],false,true,1,1,102464849,
1431978769389,com.google.android.music.dial.DialMediaRouteProviderService,com.google.android.music:main,10073,0,57202,[],false,true,0,0,57212,
1431978769389,ch.unige.css.services.PingService,ch.unige.ping,10149,1632,102515149,[STARTED],false,true,0,0,102515160,
1431978769389,com.google.android.search.core.service.BroadcastListenerService,com.google.android.googlequicksearchbox:search,10026,5527,75471,[STARTED],false,true,0,0,97540772,
1431978769389,com.android.systemui.keyguard.KeyguardService,com.android.systemui,10014,930,44352,[PERSISTENT],false,false,2,2,68066,
1431978769389,openiab.StoreService,cm.aptoide.pt,10148,0,54787,[],false,true,0,0,54797,
1431978769389,ch.unige.css.services.main.CssRegistryService,ch.unige.ping:background,10149,9975,85196929,[STARTED],false,true,0,0,85196940,
1431978769389,com.google.android.finsky.billing.iab.InAppBillingService,com.android.vending,10024,24677,91571608,[],false,true,1,1,100746430,
1431978769389,org.cyanogenmod.audiofx.HeadsetService,org.cyanogenmod.audiofx,10000,1289,67364,"[PERSISTENT,STARTED]",false,true,0,0,67374,
1431978832003,com.android.bluetooth.hid.HidService,com.android.bluetooth,1002,0,49150,[],false,true,0,0,49160,
1431978832003,com.cleanmaster.service.PermanentService,com.cleanmaster.mguard:service,10138,17133,94138,[STARTED],false,true,1,1,102464849,
1431978832003,com.google.android.music.dial.DialMediaRouteProviderService,com.google.android.music:main,10073,0,57202,[],false,true,0,0,57212,
1431978832003,ch.unige.css.services.PingService,ch.unige.ping,10149,1632,102577714,[STARTED],false,true,0,0,102577726,
1431978832003,com.google.android.search.core.service.BroadcastListenerService,com.google.android.googlequicksearchbox:search,10026,5527,75471,[STARTED],false,true,0,0,97540772,
1431978832003,com.android.systemui.keyguard.KeyguardService,com.android.systemui,10014,930,44352,[PERSISTENT],false,false,2,2,68066,
1431978832003,openiab.StoreService,cm.aptoide.pt,10148,0,54787,[],false,true,0,0,54797,
1431978832003,ch.unige.css.services.main.CssRegistryService,ch.unige.ping:background,10149,9975,85196929,[STARTED],false,true,0,0,85196940,
1431978832003,com.google.android.finsky.billing.iab.InAppBillingService,com.android.vending,10024,24677,91571608,[],false,true,1,1,100746430,
1431978832003,org.cyanogenmod.audiofx.HeadsetService,org.cyanogenmod.audiofx,10000,1289,67364,"[PERSISTENT,STARTED]",false,true,0,0,67374,
1431978894706,com.android.bluetooth.hid.HidService,com.android.bluetooth,1002,0,49150,[],false,true,0,0,49160,
1431978894706,com.cleanmaster.service.PermanentService,com.cleanmaster.mguard:service,10138,17133,94138,[STARTED],false,true,1,1,102464849,
1431978894706,com.google.android.music.dial.DialMediaRouteProviderService,com.google.android.music:main,10073,0,57202,[],false,true,0,0,57212,
1431978894706,ch.unige.css.services.PingService,ch.unige.ping,10149,1632,102640457,[STARTED],false,true,0,0,102640468,
1431978894706,com.google.android.search.core.service.BroadcastListenerService,com.google.android.googlequicksearchbox:search,10026,5527,75471,[STARTED],false,true,0,0,97540772,
1431978894706,com.android.systemui.keyguard.KeyguardService,com.android.systemui,10014,930,44352,[PERSISTENT],false,false,2,2,68066,
1431978894706,openiab.StoreService,cm.aptoide.pt,10148,0,54787,[],false,true,0,0,54797,
1431978894706,ch.unige.css.services.main.CssRegistryService,ch.unige.ping:background,10149,9975,85196929,[STARTED],false,true,0,0,85196940,
1431978894706,com.google.android.finsky.billing.iab.InAppBillingService,com.android.vending,10024,24677,91571608,[],false,true,1,1,100746430,
1431978894706,org.cyanogenmod.audiofx.HeadsetService,org.cyanogenmod.audiofx,10000,1289,67364,"[PERSISTENT,STARTED]",false,true,0,0,67374,
1431978955037,com.android.bluetooth.hid.HidService,com.android.bluetooth,1002,0,49150,[],false,true,0,0,49160,
1431978955037,com.cleanmaster.service.PermanentService,com.cleanmaster.mguard:service,10138,17133,94138,[STARTED],false,true,1,1,102464849,
1431978955037,com.google.android.music.dial.DialMediaRouteProviderService,com.google.android.music:main,10073,0,57202,[],false,true,0,0,57212,
1431978955037,ch.unige.css.services.PingService,ch.unige.ping,10149,1632,102700796,[STARTED],false,true,0,0,102700808,
1431978955037,com.google.android.search.core.service.BroadcastListenerService,com.google.android.googlequicksearchbox:search,10026,5527,75471,[STARTED],false,true,0,0,97540772,
1431978955037,com.android.systemui.keyguard.KeyguardService,com.android.systemui,10014,930,44352,[PERSISTENT],false,false,2,2,68066,
1431978955037,openiab.StoreService,cm.aptoide.pt,10148,0,54787,[],false,true,0,0,54797,
1431978955037,ch.unige.css.services.main.CssRegistryService,ch.unige.ping:background,10149,9975,85196929,[STARTED],false,true,0,0,85196940,
1431978955037,com.google.android.finsky.billing.iab.InAppBillingService,com.android.vending,10024,24677,91571608,[],false,true,1,1,100746430,
1431978955037,org.cyanogenmod.audiofx.HeadsetService,org.cyanogenmod.audiofx,10000,1289,67364,"[PERSISTENT,STARTED]",false,true,0,0,67374,
1431979015310,com.android.bluetooth.hid.HidService,com.android.bluetooth,1002,0,49150,[],false,true,0,0,49160,
1431979015310,com.cleanmaster.service.PermanentService,com.cleanmaster.mguard:service,10138,17133,94138,[STARTED],false,true,1,1,102464849,
1431979015310,com.google.android.music.dial.DialMediaRouteProviderService,com.google.android.music:main,10073,0,57202,[],false,true,0,0,57212,
1431979015310,ch.unige.css.services.PingService,ch.unige.ping,10149,1632,102761050,[STARTED],false,true,0,0,102761061,
1431979015310,com.google.android.search.core.service.BroadcastListenerService,com.google.android.googlequicksearchbox:search,10026,5527,75471,[STARTED],false,true,0,0,97540772,
1431979015310,com.android.systemui.keyguard.KeyguardService,com.android.systemui,10014,930,44352,[PERSISTENT],false,false,2,2,68066,
1431979015310,openiab.StoreService,cm.aptoide.pt,10148,0,54787,[],false,true,0,0,54797,
1431979015310,ch.unige.css.services.main.CssRegistryService,ch.unige.ping:background,10149,9975,85196929,[STARTED],false,true,0,0,85196940,
1431979015310,com.google.android.finsky.billing.iab.InAppBillingService,com.android.vending,10024,24677,91571608,[],false,true,1,1,100746430,
1431979015310,org.cyanogenmod.audiofx.HeadsetService,org.cyanogenmod.audiofx,10000,1289,67364,"[PERSISTENT,STARTED]",false,true,0,0,67374,
1431979075632,com.android.bluetooth.hid.HidService,com.android.bluetooth,1002,0,49150,[],false,true,0,0,49160,
1431979075632,com.cleanmaster.service.PermanentService,com.cleanmaster.mguard:service,10138,17133,94138,[STARTED],false,true,1,1,102464849,
1431979075632,com.google.android.music.dial.DialMediaRouteProviderService,com.google.android.music:main,10073,0,57202,[],false,true,0,0,57212,
1431979075632,ch.unige.css.services.PingService,ch.unige.ping,10149,1632,102821343,[STARTED],false,true,0,0,102821354,
1431979075632,com.google.android.search.core.service.BroadcastListenerService,com.google.android.googlequicksearchbox:search,10026,5527,75471,[STARTED],false,true,0,0,97540772,
1431979075632,com.android.systemui.keyguard.KeyguardService,com.android.systemui,10014,930,44352,[PERSISTENT],false,false,2,2,68066,
1431979075632,openiab.StoreService,cm.aptoide.pt,10148,0,54787,[],false,true,0,0,54797,
1431979075632,ch.unige.css.services.main.CssRegistryService,ch.unige.ping:background,10149,9975,85196929,[STARTED],false,true,0,0,85196940,
1431979075632,com.google.android.finsky.billing.iab.InAppBillingService,com.android.vending,10024,24677,91571608,[],false,true,1,1,100746430,
1431979075632,org.cyanogenmod.audiofx.HeadsetService,org.cyanogenmod.audiofx,10000,1289,67364,"[PERSISTENT,STARTED]",false,true,0,0,67374,
1431979135888,com.android.bluetooth.hid.HidService,com.android.bluetooth,1002,0,49150,[],false,true,0,0,49160,
1431979135888,com.cleanmaster.service.PermanentService,com.cleanmaster.mguard:service,10138,17133,94138,[STARTED],false,true,1,1,102464849,
1431979135888,com.google.android.music.dial.DialMediaRouteProviderService,com.google.android.music:main,10073,0,57202,[],false,true,0,0,57212,
1431979135888,ch.unige.css.services.PingService,ch.unige.ping,10149,1632,102881600,[STARTED],false,true,0,0,102881611,
1431979135888,com.google.android.search.core.service.BroadcastListenerService,com.google.android.googlequicksearchbox:search,10026,5527,75471,[STARTED],false,true,0,0,97540772,
1431979135888,com.android.systemui.keyguard.KeyguardService,com.android.systemui,10014,930,44352,[PERSISTENT],false,false,2,2,68066,
1431979135888,openiab.StoreService,cm.aptoide.pt,10148,0,54787,[],false,true,0,0,54797,
1431979135888,ch.unige.css.services.main.CssRegistryService,ch.unige.ping:background,10149,9975,85196929,[STARTED],false,true,0,0,85196940,
1431979135888,com.google.android.finsky.billing.iab.InAppBillingService,com.android.vending,10024,24677,91571608,[],false,true,1,1,100746430,
1431979135888,org.cyanogenmod.audiofx.HeadsetService,org.cyanogenmod.audiofx,10000,1289,67364,"[PERSISTENT,STARTED]",false,true,0,0,67374,
1431979196492,com.android.bluetooth.hid.HidService,com.android.bluetooth,1002,0,49150,[],false,true,0,0,49160,
1431979196492,com.cleanmaster.service.PermanentService,com.cleanmaster.mguard:service,10138,17133,94138,[STARTED],false,true,1,1,102464849,
1431979196492,com.google.android.music.dial.DialMediaRouteProviderService,com.google.android.music:main,10073,0,57202,[],false,true,0,0,57212,
1431979196492,ch.unige.css.services.PingService,ch.unige.ping,10149,1632,102941851,[STARTED],false,true,0,0,102941862,
1431979196492,com.google.android.search.core.service.BroadcastListenerService,com.google.android.googlequicksearchbox:search,10026,5527,75471,[STARTED],false,true,0,0,97540772,
1431979196492,com.android.systemui.keyguard.KeyguardService,com.android.systemui,10014,930,44352,[PERSISTENT],false,false,2,2,68066,
1431979196492,openiab.StoreService,cm.aptoide.pt,10148,0,54787,[],false,true,0,0,54797,
1431979196492,ch.unige.css.services.main.CssRegistryService,ch.unige.ping:background,10149,9975,85196929,[STARTED],false,true,0,0,85196940,
1431979196492,com.google.android.finsky.billing.iab.InAppBillingService,com.android.vending,10024,24677,91571608,[],false,true,1,1,100746430,
1431979196492,org.cyanogenmod.audiofx.HeadsetService,org.cyanogenmod.audiofx,10000,1289,67364,"[PERSISTENT,STARTED]",false,true,0,0,67374,
1431979256496,com.android.bluetooth.hid.HidService,com.android.bluetooth,1002,0,49150,[],false,true,0,0,49160,
1431979256496,com.cleanmaster.service.PermanentService,com.cleanmaster.mguard:service,10138,17133,94138,[STARTED],false,true,1,1,102464849,
1431979256496,com.google.android.music.dial.DialMediaRouteProviderService,com.google.android.music:main,10073,0,57202,[],false,true,0,0,57212,
1431979256496,ch.unige.css.services.PingService,ch.unige.ping,10149,1632,103002247,[STARTED],false,true,0,0,103002258,
1431979256496,com.google.android.search.core.service.BroadcastListenerService,com.google.android.googlequicksearchbox:search,10026,5527,75471,[STARTED],false,true,0,0,97540772,
1431979256496,com.android.systemui.keyguard.KeyguardService,com.android.systemui,10014,930,44352,[PERSISTENT],false,false,2,2,68066,
1431979256496,openiab.StoreService,cm.aptoide.pt,10148,0,54787,[],false,true,0,0,54797,
1431979256496,ch.unige.css.services.main.CssRegistryService,ch.unige.ping:background,10149,9975,85196929,[STARTED],false,true,0,0,85196940,
1431979256496,com.google.android.finsky.billing.iab.InAppBillingService,com.android.vending,10024,24677,91571608,[],false,true,1,1,100746430,
1431979256496,org.cyanogenmod.audiofx.HeadsetService,org.cyanogenmod.audiofx,10000,1289,67364,"[PERSISTENT,STARTED]",false,true,0,0,67374,
1431979316544,com.android.bluetooth.hid.HidService,com.android.bluetooth,1002,0,49150,[],false,true,0,0,49160,
1431979316544,com.cleanmaster.service.PermanentService,com.cleanmaster.mguard:service,10138,17133,94138,[STARTED],false,true,1,1,102464849,
1431979316544,com.google.android.music.dial.DialMediaRouteProviderService,com.google.android.music:main,10073,0,57202,[],false,true,0,0,57212,
1431979316544,ch.unige.css.services.PingService,ch.unige.ping,10149,1632,103062307,[STARTED],false,true,0,0,103062319,
1431979316544,com.google.android.search.core.service.BroadcastListenerService,com.google.android.googlequicksearchbox:search,10026,5527,75471,[STARTED],false,true,0,0,97540772,
1431979316544,com.android.systemui.keyguard.KeyguardService,com.android.systemui,10014,930,44352,[PERSISTENT],false,false,2,2,68066,
1431979316544,openiab.StoreService,cm.aptoide.pt,10148,0,54787,[],false,true,0,0,54797,
1431979316544,ch.unige.css.services.main.CssRegistryService,ch.unige.ping:background,10149,9975,85196929,[STARTED],false,true,0,0,85196940,
1431979316544,com.google.android.finsky.billing.iab.InAppBillingService,com.android.vending,10024,24677,91571608,[],false,true,1,1,100746430,
1431979316544,org.cyanogenmod.audiofx.HeadsetService,org.cyanogenmod.audiofx,10000,1289,67364,"[PERSISTENT,STARTED]",false,true,0,0,67374,
1431979379004,com.android.bluetooth.hid.HidService,com.android.bluetooth,1002,0,49150,[],false,true,0,0,49160,
1431979379004,com.cleanmaster.service.PermanentService,com.cleanmaster.mguard:service,10138,17133,94138,[STARTED],false,true,1,1,102464849,
1431979379004,com.google.android.music.dial.DialMediaRouteProviderService,com.google.android.music:main,10073,0,57202,[],false,true,0,0,57212,
1431979379004,ch.unige.css.services.PingService,ch.unige.ping,10149,1632,103124741,[STARTED],false,true,0,0,103124752,
1431979379004,com.google.android.search.core.service.BroadcastListenerService,com.google.android.googlequicksearchbox:search,10026,5527,75471,[STARTED],false,true,0,0,97540772,
1431979379004,com.android.systemui.keyguard.KeyguardService,com.android.systemui,10014,930,44352,[PERSISTENT],false,false,2,2,68066,
1431979379004,openiab.StoreService,cm.aptoide.pt,10148,0,54787,[],false,true,0,0,54797,
1431979379004,ch.unige.css.services.main.CssRegistryService,ch.unige.ping:background,10149,9975,85196929,[STARTED],false,true,0,0,85196940,
1431979379004,com.google.android.finsky.billing.iab.InAppBillingService,com.android.vending,10024,24677,91571608,[],false,true,1,1,100746430,
1431979379004,org.cyanogenmod.audiofx.HeadsetService,org.cyanogenmod.audiofx,10000,1289,67364,"[PERSISTENT,STARTED]",false,true,0,0,67374,
1431979439287,com.android.bluetooth.hid.HidService,com.android.bluetooth,1002,0,49150,[],false,true,0,0,49160,
1431979439287,com.cleanmaster.service.PermanentService,com.cleanmaster.mguard:service,10138,17133,94138,[STARTED],false,true,1,1,102464849,
1431979439287,com.google.android.music.dial.DialMediaRouteProviderService,com.google.android.music:main,10073,0,57202,[],false,true,0,0,57212,
1431979439287,ch.unige.css.services.PingService,ch.unige.ping,10149,1632,103185037,[STARTED],false,true,0,0,103185048,
1431979439287,com.google.android.search.core.service.BroadcastListenerService,com.google.android.googlequicksearchbox:search,10026,5527,75471,[STARTED],false,true,0,0,97540772,
1431979439287,com.android.systemui.keyguard.KeyguardService,com.android.systemui,10014,930,44352,[PERSISTENT],false,false,2,2,68066,
1431979439287,openiab.StoreService,cm.aptoide.pt,10148,0,54787,[],false,true,0,0,54797,
1431979439287,ch.unige.css.services.main.CssRegistryService,ch.unige.ping:background,10149,9975,85196929,[STARTED],false,true,0,0,85196940,
1431979439287,com.google.android.finsky.billing.iab.InAppBillingService,com.android.vending,10024,24677,91571608,[],false,true,1,1,100746430,
1431979439287,org.cyanogenmod.audiofx.HeadsetService,org.cyanogenmod.audiofx,10000,1289,67364,"[PERSISTENT,STARTED]",false,true,0,0,67374,
1431979499623,com.android.bluetooth.hid.HidService,com.android.bluetooth,1002,0,49150,[],false,true,0,0,49160,
1431979499623,com.cleanmaster.service.PermanentService,com.cleanmaster.mguard:service,10138,17133,94138,[STARTED],false,true,1,1,102464849,
1431979499623,com.google.android.music.dial.DialMediaRouteProviderService,com.google.android.music:main,10073,0,57202,[],false,true,0,0,57212,
1431979499623,ch.unige.css.services.PingService,ch.unige.ping,10149,1632,103245290,[STARTED],false,true,0,0,103245301,
1431979499623,com.google.android.search.core.service.BroadcastListenerService,com.google.android.googlequicksearchbox:search,10026,5527,75471,[STARTED],false,true,0,0,97540772,
1431979499623,com.android.systemui.keyguard.KeyguardService,com.android.systemui,10014,930,44352,[PERSISTENT],false,false,2,2,68066,
1431979499623,openiab.StoreService,cm.aptoide.pt,10148,0,54787,[],false,true,0,0,54797,
1431979499623,ch.unige.css.services.main.CssRegistryService,ch.unige.ping:background,10149,9975,85196929,[STARTED],false,true,0,0,85196940,
1431979499623,com.google.android.finsky.billing.iab.InAppBillingService,com.android.vending,10024,24677,91571608,[],false,true,1,1,100746430,
1431979499623,org.cyanogenmod.audiofx.HeadsetService,org.cyanogenmod.audiofx,10000,1289,67364,"[PERSISTENT,STARTED]",false,true,0,0,67374,
1431979559885,com.android.bluetooth.hid.HidService,com.android.bluetooth,1002,0,49150,[],false,true,0,0,49160,
1431979559885,com.cleanmaster.service.PermanentService,com.cleanmaster.mguard:service,10138,17133,94138,[STARTED],false,true,1,1,102464849,
1431979559885,com.google.android.music.dial.DialMediaRouteProviderService,com.google.android.music:main,10073,0,57202,[],false,true,0,0,57212,
1431979559885,ch.unige.css.services.PingService,ch.unige.ping,10149,1632,103305637,[STARTED],false,true,0,0,103305649,
1431979559885,com.google.android.search.core.service.BroadcastListenerService,com.google.android.googlequicksearchbox:search,10026,5527,75471,[STARTED],false,true,0,0,97540772,
1431979559885,com.android.systemui.keyguard.KeyguardService,com.android.systemui,10014,930,44352,[PERSISTENT],false,false,2,2,68066,
1431979559885,openiab.StoreService,cm.aptoide.pt,10148,0,54787,[],false,true,0,0,54797,
1431979559885,ch.unige.css.services.main.CssRegistryService,ch.unige.ping:background,10149,9975,85196929,[STARTED],false,true,0,0,85196940,
1431979559885,com.google.android.finsky.billing.iab.InAppBillingService,com.android.vending,10024,24677,91571608,[],false,true,1,1,100746430,
1431979559885,org.cyanogenmod.audiofx.HeadsetService,org.cyanogenmod.audiofx,10000,1289,67364,"[PERSISTENT,STARTED]",false,true,0,0,67374,
1431979620267,com.android.bluetooth.hid.HidService,com.android.bluetooth,1002,0,49150,[],false,true,0,0,49160,
1431979620267,com.cleanmaster.service.PermanentService,com.cleanmaster.mguard:service,10138,17133,94138,[STARTED],false,true,1,1,102464849,
1431979620267,com.google.android.music.dial.DialMediaRouteProviderService,com.google.android.music:main,10073,0,57202,[],false,true,0,0,57212,
1431979620267,ch.unige.css.services.PingService,ch.unige.ping,10149,1632,103366001,[STARTED],false,true,0,0,103366012,
1431979620267,com.google.android.search.core.service.BroadcastListenerService,com.google.android.googlequicksearchbox:search,10026,5527,75471,[STARTED],false,true,0,0,97540772,
1431979620267,com.android.systemui.keyguard.KeyguardService,com.android.systemui,10014,930,44352,[PERSISTENT],false,false,2,2,68066,
1431979620267,openiab.StoreService,cm.aptoide.pt,10148,0,54787,[],false,true,0,0,54797,
1431979620267,ch.unige.css.services.main.CssRegistryService,ch.unige.ping:background,10149,9975,85196929,[STARTED],false,true,0,0,85196940,
1431979620267,com.google.android.finsky.billing.iab.InAppBillingService,com.android.vending,10024,24677,91571608,[],false,true,1,1,100746430,
1431979620267,org.cyanogenmod.audiofx.HeadsetService,org.cyanogenmod.audiofx,10000,1289,67364,"[PERSISTENT,STARTED]",false,true,0,0,67374,
1431979680548,com.android.bluetooth.hid.HidService,com.android.bluetooth,1002,0,49150,[],false,true,0,0,49160,
1431979680548,com.cleanmaster.service.PermanentService,com.cleanmaster.mguard:service,10138,17133,94138,[STARTED],false,true,1,1,102464849,
1431979680548,com.google.android.music.dial.DialMediaRouteProviderService,com.google.android.music:main,10073,0,57202,[],false,true,0,0,57212,
1431979680548,ch.unige.css.services.PingService,ch.unige.ping,10149,1632,103426278,[STARTED],false,true,0,0,103426289,
1431979680548,com.google.android.search.core.service.BroadcastListenerService,com.google.android.googlequicksearchbox:search,10026,5527,75471,[STARTED],false,true,0,0,97540772,
1431979680548,com.android.systemui.keyguard.KeyguardService,com.android.systemui,10014,930,44352,[PERSISTENT],false,false,2,2,68066,
1431979680548,openiab.StoreService,cm.aptoide.pt,10148,0,54787,[],false,true,0,0,54797,
1431979680548,ch.unige.css.services.main.CssRegistryService,ch.unige.ping:background,10149,9975,85196929,[STARTED],false,true,0,0,85196940,
1431979680548,com.google.android.finsky.billing.iab.InAppBillingService,com.android.vending,10024,24677,91571608,[],false,true,1,1,100746430,
1431979680548,org.cyanogenmod.audiofx.HeadsetService,org.cyanogenmod.audiofx,10000,1289,67364,"[PERSISTENT,STARTED]",false,true,0,0,67374,
1431979740464,com.android.bluetooth.hid.HidService,com.android.bluetooth,1002,0,49150,[],false,true,0,0,49160,
1431979740464,com.google.android.gms.people.service.PeopleRequestProcessor,com.google.android.gms,10020,1729,103486023,[STARTED],false,true,0,0,103486276,
1431979740464,com.cleanmaster.service.PermanentService,com.cleanmaster.mguard:service,10138,17133,94138,[STARTED],false,true,1,1,102464849,
1431979740464,com.google.android.music.dial.DialMediaRouteProviderService,com.google.android.music:main,10073,0,57202,[],false,true,0,0,57212,
1431979740464,ch.unige.css.services.PingService,ch.unige.ping,10149,1632,103486291,[STARTED],false,true,0,0,103486302,
1431979740464,com.google.android.search.core.service.BroadcastListenerService,com.google.android.googlequicksearchbox:search,10026,5527,75471,[STARTED],false,true,0,0,97540772,
1431979740464,com.android.systemui.keyguard.KeyguardService,com.android.systemui,10014,930,44352,[PERSISTENT],false,false,2,2,68066,
1431979740464,openiab.StoreService,cm.aptoide.pt,10148,0,54787,[],false,true,0,0,54797,
1431979740464,ch.unige.css.services.main.CssRegistryService,ch.unige.ping:background,10149,9975,85196929,[STARTED],false,true,0,0,85196940,
1431979740464,com.google.android.finsky.billing.iab.InAppBillingService,com.android.vending,10024,24677,91571608,[],false,true,1,1,100746430,
1431979802938,com.android.bluetooth.hid.HidService,com.android.bluetooth,1002,0,49150,[],false,true,0,0,49160,
1431979802938,com.cleanmaster.service.PermanentService,com.cleanmaster.mguard:service,10138,17133,94138,[STARTED],false,true,1,1,102464849,
1431979802938,com.google.android.music.dial.DialMediaRouteProviderService,com.google.android.music:main,10073,0,57202,[],false,true,0,0,57212,
1431979802938,ch.unige.css.services.PingService,ch.unige.ping,10149,1632,103548598,[STARTED],false,true,0,0,103548609,
1431979802938,com.google.android.search.core.service.BroadcastListenerService,com.google.android.googlequicksearchbox:search,10026,5527,75471,[STARTED],false,true,0,0,97540772,
1431979802938,ch.unige.css.services.UserActivityService,ch.unige.ping,10149,1632,103548770,[STARTED],false,true,0,0,103548781,
1431979802938,com.android.systemui.keyguard.KeyguardService,com.android.systemui,10014,930,44352,[PERSISTENT],false,false,2,2,68066,
1431979802938,openiab.StoreService,cm.aptoide.pt,10148,0,54787,[],false,true,0,0,54797,
1431979802938,ch.unige.css.services.main.CssRegistryService,ch.unige.ping:background,10149,9975,85196929,[STARTED],false,true,0,0,85196940,
1431979802938,com.google.android.finsky.billing.iab.InAppBillingService,com.android.vending,10024,24677,91571608,[],false,true,1,1,100746430,
1431979863130,com.android.bluetooth.hid.HidService,com.android.bluetooth,1002,0,49150,[],false,true,0,0,49160,
1431979863130,com.cleanmaster.service.PermanentService,com.cleanmaster.mguard:service,10138,17133,94138,[STARTED],false,true,1,1,102464849,
1431979863130,com.google.android.music.dial.DialMediaRouteProviderService,com.google.android.music:main,10073,0,57202,[],false,true,0,0,57212,
1431979863130,ch.unige.css.services.PingService,ch.unige.ping,10149,1632,103608905,[STARTED],false,true,0,0,103608916,
1431979863130,com.google.android.search.core.service.BroadcastListenerService,com.google.android.googlequicksearchbox:search,10026,5527,75471,[STARTED],false,true,0,0,97540772,
1431979863130,com.android.systemui.keyguard.KeyguardService,com.android.systemui,10014,930,44352,[PERSISTENT],false,false,2,2,68066,
1431979863130,openiab.StoreService,cm.aptoide.pt,10148,0,54787,[],false,true,0,0,54797,
1431979863130,ch.unige.css.services.main.CssRegistryService,ch.unige.ping:background,10149,9975,85196929,[STARTED],false,true,0,0,85196940,
1431979863130,com.google.android.finsky.billing.iab.InAppBillingService,com.android.vending,10024,24677,91571608,[],false,true,1,1,100746430,
1431979863130,org.cyanogenmod.audiofx.HeadsetService,org.cyanogenmod.audiofx,10000,1289,67364,"[PERSISTENT,STARTED]",false,true,0,0,67374,
1431979923370,com.android.bluetooth.hid.HidService,com.android.bluetooth,1002,0,49150,[],false,true,0,0,49160,
1431979923370,com.cleanmaster.service.PermanentService,com.cleanmaster.mguard:service,10138,17133,94138,[STARTED],false,true,1,1,102464849,
1431979923370,com.google.android.music.dial.DialMediaRouteProviderService,com.google.android.music:main,10073,0,57202,[],false,true,0,0,57212,
1431979923370,ch.unige.css.services.PingService,ch.unige.ping,10149,1632,103669122,[STARTED],false,true,0,0,103669133,
1431979923370,com.google.android.search.core.service.BroadcastListenerService,com.google.android.googlequicksearchbox:search,10026,5527,75471,[STARTED],false,true,0,0,97540772,
1431979923370,com.android.systemui.keyguard.KeyguardService,com.android.systemui,10014,930,44352,[PERSISTENT],false,false,2,2,68066,
1431979923370,openiab.StoreService,cm.aptoide.pt,10148,0,54787,[],false,true,0,0,54797,
1431979923370,ch.unige.css.services.main.CssRegistryService,ch.unige.ping:background,10149,9975,85196929,[STARTED],false,true,0,0,85196940,
1431979923370,com.google.android.finsky.billing.iab.InAppBillingService,com.android.vending,10024,24677,91571608,[],false,true,1,1,100746430,
1431979923370,org.cyanogenmod.audiofx.HeadsetService,org.cyanogenmod.audiofx,10000,1289,67364,"[PERSISTENT,STARTED]",false,true,0,0,67374,
1431979983630,com.android.bluetooth.hid.HidService,com.android.bluetooth,1002,0,49150,[],false,true,0,0,49160,
1431979983630,com.cleanmaster.service.PermanentService,com.cleanmaster.mguard:service,10138,17133,94138,[STARTED],false,true,1,1,102464849,
1431979983630,com.google.android.music.dial.DialMediaRouteProviderService,com.google.android.music:main,10073,0,57202,[],false,true,0,0,57212,
1431979983630,ch.unige.css.services.PingService,ch.unige.ping,10149,1632,103729392,[STARTED],false,true,0,0,103729403,
1431979983630,com.google.android.search.core.service.BroadcastListenerService,com.google.android.googlequicksearchbox:search,10026,5527,75471,[STARTED],false,true,0,0,97540772,
1431979983630,com.android.systemui.keyguard.KeyguardService,com.android.systemui,10014,930,44352,[PERSISTENT],false,false,2,2,68066,
1431979983630,openiab.StoreService,cm.aptoide.pt,10148,0,54787,[],false,true,0,0,54797,
1431979983630,ch.unige.css.services.main.CssRegistryService,ch.unige.ping:background,10149,9975,85196929,[STARTED],false,true,0,0,85196940,
1431979983630,com.google.android.finsky.billing.iab.InAppBillingService,com.android.vending,10024,24677,91571608,[],false,true,1,1,100746430,
1431979983630,org.cyanogenmod.audiofx.HeadsetService,org.cyanogenmod.audiofx,10000,1289,67364,"[PERSISTENT,STARTED]",false,true,0,0,67374,
1431980044022,com.android.bluetooth.hid.HidService,com.android.bluetooth,1002,0,49150,[],false,true,0,0,49160,
1431980044022,com.cleanmaster.service.PermanentService,com.cleanmaster.mguard:service,10138,17133,94138,[STARTED],false,true,1,1,102464849,
1431980044022,com.google.android.music.dial.DialMediaRouteProviderService,com.google.android.music:main,10073,0,57202,[],false,true,0,0,57212,
1431980044022,ch.unige.css.services.PingService,ch.unige.ping,10149,1632,103789759,[STARTED],false,true,0,0,103789770,
1431980044022,com.google.android.search.core.service.BroadcastListenerService,com.google.android.googlequicksearchbox:search,10026,5527,75471,[STARTED],false,true,0,0,97540772,
1431980044022,com.android.systemui.keyguard.KeyguardService,com.android.systemui,10014,930,44352,[PERSISTENT],false,false,2,2,68066,
1431980044022,openiab.StoreService,cm.aptoide.pt,10148,0,54787,[],false,true,0,0,54797,
1431980044022,ch.unige.css.services.main.CssRegistryService,ch.unige.ping:background,10149,9975,85196929,[STARTED],false,true,0,0,85196940,
1431980044022,com.google.android.finsky.billing.iab.InAppBillingService,com.android.vending,10024,24677,91571608,[],false,true,1,1,100746430,
1431980044022,org.cyanogenmod.audiofx.HeadsetService,org.cyanogenmod.audiofx,10000,1289,67364,"[PERSISTENT,STARTED]",false,true,0,0,67374,
1431980104310,com.android.bluetooth.hid.HidService,com.android.bluetooth,1002,0,49150,[],false,true,0,0,49160,
1431980104310,com.cleanmaster.service.PermanentService,com.cleanmaster.mguard:service,10138,17133,94138,[STARTED],false,true,1,1,102464849,
1431980104310,com.google.android.music.dial.DialMediaRouteProviderService,com.google.android.music:main,10073,0,57202,[],false,true,0,0,57212,
1431980104310,ch.unige.css.services.PingService,ch.unige.ping,10149,1632,103850048,[STARTED],false,true,0,0,103850059,
1431980104310,com.google.android.search.core.service.BroadcastListenerService,com.google.android.googlequicksearchbox:search,10026,5527,75471,[STARTED],false,true,0,0,97540772,
1431980104310,com.android.systemui.keyguard.KeyguardService,com.android.systemui,10014,930,44352,[PERSISTENT],false,false,2,2,68066,
1431980104310,openiab.StoreService,cm.aptoide.pt,10148,0,54787,[],false,true,0,0,54797,
1431980104310,ch.unige.css.services.main.CssRegistryService,ch.unige.ping:background,10149,9975,85196929,[STARTED],false,true,0,0,85196940,
1431980104310,com.google.android.finsky.billing.iab.InAppBillingService,com.android.vending,10024,24677,91571608,[],false,true,1,1,100746430,
1431980104310,org.cyanogenmod.audiofx.HeadsetService,org.cyanogenmod.audiofx,10000,1289,67364,"[PERSISTENT,STARTED]",false,true,0,0,67374,
1431980164295,com.android.bluetooth.hid.HidService,com.android.bluetooth,1002,0,49150,[],false,true,0,0,49160,
1431980164295,com.cleanmaster.service.PermanentService,com.cleanmaster.mguard:service,10138,17133,94138,[STARTED],false,true,1,1,102464849,
1431980164295,com.google.android.music.dial.DialMediaRouteProviderService,com.google.android.music:main,10073,0,57202,[],false,true,0,0,57212,
1431980164295,ch.unige.css.services.PingService,ch.unige.ping,10149,1632,103910089,[STARTED],false,true,0,0,103910100,
1431980164295,com.google.android.search.core.service.BroadcastListenerService,com.google.android.googlequicksearchbox:search,10026,5527,75471,[STARTED],false,true,0,0,97540772,
1431980164295,com.android.systemui.keyguard.KeyguardService,com.android.systemui,10014,930,44352,[PERSISTENT],false,false,2,2,68066,
1431980164295,openiab.StoreService,cm.aptoide.pt,10148,0,54787,[],false,true,0,0,54797,
1431980164295,ch.unige.css.services.main.CssRegistryService,ch.unige.ping:background,10149,9975,85196929,[STARTED],false,true,0,0,85196940,
1431980164295,com.google.android.finsky.billing.iab.InAppBillingService,com.android.vending,10024,24677,91571608,[],false,true,1,1,100746430,
1431980164295,org.cyanogenmod.audiofx.HeadsetService,org.cyanogenmod.audiofx,10000,1289,67364,"[PERSISTENT,STARTED]",false,true,0,0,67374,
1431980226729,com.android.bluetooth.hid.HidService,com.android.bluetooth,1002,0,49150,[],false,true,0,0,49160,
1431980226729,com.cleanmaster.service.PermanentService,com.cleanmaster.mguard:service,10138,17133,94138,[STARTED],false,true,1,1,102464849,
1431980226729,com.google.android.music.dial.DialMediaRouteProviderService,com.google.android.music:main,10073,0,57202,[],false,true,0,0,57212,
1431980226729,ch.unige.css.services.PingService,ch.unige.ping,10149,1632,103972458,[STARTED],false,true,0,0,103972469,
1431980226729,com.google.android.search.core.service.BroadcastListenerService,com.google.android.googlequicksearchbox:search,10026,5527,75471,[STARTED],false,true,0,0,97540772,
1431980226729,com.android.systemui.keyguard.KeyguardService,com.android.systemui,10014,930,44352,[PERSISTENT],false,false,2,2,68066,
1431980226729,openiab.StoreService,cm.aptoide.pt,10148,0,54787,[],false,true,0,0,54797,
1431980226729,ch.unige.css.services.main.CssRegistryService,ch.unige.ping:background,10149,9975,85196929,[STARTED],false,true,0,0,85196940,
1431980226729,com.google.android.finsky.billing.iab.InAppBillingService,com.android.vending,10024,24677,91571608,[],false,true,1,1,100746430,
1431980226729,org.cyanogenmod.audiofx.HeadsetService,org.cyanogenmod.audiofx,10000,1289,67364,"[PERSISTENT,STARTED]",false,true,0,0,67374,
1431980287079,com.android.bluetooth.hid.HidService,com.android.bluetooth,1002,0,49150,[],false,true,0,0,49160,
1431980287079,com.cleanmaster.service.PermanentService,com.cleanmaster.mguard:service,10138,17133,94138,[STARTED],false,true,1,1,102464849,
1431980287079,com.google.android.music.dial.DialMediaRouteProviderService,com.google.android.music:main,10073,0,57202,[],false,true,0,0,57212,
1431980287079,ch.unige.css.services.PingService,ch.unige.ping,10149,1632,104032810,[STARTED],false,true,0,0,104032821,
1431980287079,com.google.android.search.core.service.BroadcastListenerService,com.google.android.googlequicksearchbox:search,10026,5527,75471,[STARTED],false,true,0,0,97540772,
1431980287079,com.android.systemui.keyguard.KeyguardService,com.android.systemui,10014,930,44352,[PERSISTENT],false,false,2,2,68066,
1431980287079,openiab.StoreService,cm.aptoide.pt,10148,0,54787,[],false,true,0,0,54797,
1431980287079,ch.unige.css.services.main.CssRegistryService,ch.unige.ping:background,10149,9975,85196929,[STARTED],false,true,0,0,85196940,
1431980287079,com.google.android.finsky.billing.iab.InAppBillingService,com.android.vending,10024,24677,91571608,[],false,true,1,1,100746430,
1431980287079,org.cyanogenmod.audiofx.HeadsetService,org.cyanogenmod.audiofx,10000,1289,67364,"[PERSISTENT,STARTED]",false,true,0,0,67374,
1431980347280,com.android.bluetooth.hid.HidService,com.android.bluetooth,1002,0,49150,[],false,true,0,0,49160,
1431980347280,com.cleanmaster.service.PermanentService,com.cleanmaster.mguard:service,10138,17133,94138,[STARTED],false,true,1,1,102464849,
1431980347280,com.google.android.music.dial.DialMediaRouteProviderService,com.google.android.music:main,10073,0,57202,[],false,true,0,0,57212,
1431980347280,ch.unige.css.services.PingService,ch.unige.ping,10149,1632,104093028,[STARTED],false,true,0,0,104093039,
1431980347280,com.google.android.search.core.service.BroadcastListenerService,com.google.android.googlequicksearchbox:search,10026,5527,75471,[STARTED],false,true,0,0,97540772,
1431980347280,com.android.systemui.keyguard.KeyguardService,com.android.systemui,10014,930,44352,[PERSISTENT],false,false,2,2,68066,
1431980347280,openiab.StoreService,cm.aptoide.pt,10148,0,54787,[],false,true,0,0,54797,
1431980347280,ch.unige.css.services.main.CssRegistryService,ch.unige.ping:background,10149,9975,85196929,[STARTED],false,true,0,0,85196940,
1431980347280,com.google.android.finsky.billing.iab.InAppBillingService,com.android.vending,10024,24677,91571608,[],false,true,1,1,100746430,
1431980347280,org.cyanogenmod.audiofx.HeadsetService,org.cyanogenmod.audiofx,10000,1289,67364,"[PERSISTENT,STARTED]",false,true,0,0,67374,
1431980407502,com.android.bluetooth.hid.HidService,com.android.bluetooth,1002,0,49150,[],false,true,0,0,49160,
1431980407502,com.cleanmaster.service.PermanentService,com.cleanmaster.mguard:service,10138,17133,94138,[STARTED],false,true,1,1,102464849,
1431980407502,com.google.android.music.dial.DialMediaRouteProviderService,com.google.android.music:main,10073,0,57202,[],false,true,0,0,57212,
1431980407502,ch.unige.css.services.PingService,ch.unige.ping,10149,1632,104153261,[STARTED],false,true,0,0,104153272,
1431980407502,com.google.android.search.core.service.BroadcastListenerService,com.google.android.googlequicksearchbox:search,10026,5527,75471,[STARTED],false,true,0,0,97540772,
1431980407502,com.android.systemui.keyguard.KeyguardService,com.android.systemui,10014,930,44352,[PERSISTENT],false,false,2,2,68066,
1431980407502,openiab.StoreService,cm.aptoide.pt,10148,0,54787,[],false,true,0,0,54797,
1431980407502,ch.unige.css.services.main.CssRegistryService,ch.unige.ping:background,10149,9975,85196929,[STARTED],false,true,0,0,85196940,
1431980407502,com.google.android.finsky.billing.iab.InAppBillingService,com.android.vending,10024,24677,91571608,[],false,true,1,1,100746430,
1431980407502,org.cyanogenmod.audiofx.HeadsetService,org.cyanogenmod.audiofx,10000,1289,67364,"[PERSISTENT,STARTED]",false,true,0,0,67374,
1431980467738,com.android.bluetooth.hid.HidService,com.android.bluetooth,1002,0,49150,[],false,true,0,0,49160,
1431980467738,com.cleanmaster.service.PermanentService,com.cleanmaster.mguard:service,10138,17133,94138,[STARTED],false,true,1,1,102464849,
1431980467738,com.google.android.music.dial.DialMediaRouteProviderService,com.google.android.music:main,10073,0,57202,[],false,true,0,0,57212,
1431980467738,ch.unige.css.services.PingService,ch.unige.ping,10149,1632,104213499,[STARTED],false,true,0,0,104213511,
1431980467738,com.google.android.search.core.service.BroadcastListenerService,com.google.android.googlequicksearchbox:search,10026,5527,75471,[STARTED],false,true,0,0,97540772,
1431980467738,com.android.systemui.keyguard.KeyguardService,com.android.systemui,10014,930,44352,[PERSISTENT],false,false,2,2,68066,
1431980467738,openiab.StoreService,cm.aptoide.pt,10148,0,54787,[],false,true,0,0,54797,
1431980467738,ch.unige.css.services.main.CssRegistryService,ch.unige.ping:background,10149,9975,85196929,[STARTED],false,true,0,0,85196940,
1431980467738,com.google.android.finsky.billing.iab.InAppBillingService,com.android.vending,10024,24677,91571608,[],false,true,1,1,100746430,
1431980467738,org.cyanogenmod.audiofx.HeadsetService,org.cyanogenmod.audiofx,10000,1289,67364,"[PERSISTENT,STARTED]",false,true,0,0,67374,
1431980527911,com.android.bluetooth.hid.HidService,com.android.bluetooth,1002,0,49150,[],false,true,0,0,49160,
1431980527911,com.cleanmaster.service.PermanentService,com.cleanmaster.mguard:service,10138,17133,94138,[STARTED],false,true,1,1,102464849,
1431980527911,com.google.android.music.dial.DialMediaRouteProviderService,com.google.android.music:main,10073,0,57202,[],false,true,0,0,57212,
1431980527911,ch.unige.css.services.PingService,ch.unige.ping,10149,1632,104273699,[STARTED],false,true,0,0,104273710,
1431980527911,com.google.android.search.core.service.BroadcastListenerService,com.google.android.googlequicksearchbox:search,10026,5527,75471,[STARTED],false,true,0,0,97540772,
1431980527911,com.android.systemui.keyguard.KeyguardService,com.android.systemui,10014,930,44352,[PERSISTENT],false,false,2,2,68066,
1431980527911,openiab.StoreService,cm.aptoide.pt,10148,0,54787,[],false,true,0,0,54797,
1431980527911,ch.unige.css.services.main.CssRegistryService,ch.unige.ping:background,10149,9975,85196929,[STARTED],false,true,0,0,85196940,
1431980527911,com.google.android.finsky.billing.iab.InAppBillingService,com.android.vending,10024,24677,91571608,[],false,true,1,1,100746430,
1431980527911,org.cyanogenmod.audiofx.HeadsetService,org.cyanogenmod.audiofx,10000,1289,67364,"[PERSISTENT,STARTED]",false,true,0,0,67374,
1431980588101,com.android.bluetooth.hid.HidService,com.android.bluetooth,1002,0,49150,[],false,true,0,0,49160,
1431980588101,com.cleanmaster.service.PermanentService,com.cleanmaster.mguard:service,10138,17133,94138,[STARTED],false,true,1,1,102464849,
1431980588101,com.google.android.music.dial.DialMediaRouteProviderService,com.google.android.music:main,10073,0,57202,[],false,true,0,0,57212,
1431980588101,ch.unige.css.services.PingService,ch.unige.ping,10149,1632,104333867,[STARTED],false,true,0,0,104333878,
1431980588101,com.google.android.search.core.service.BroadcastListenerService,com.google.android.googlequicksearchbox:search,10026,5527,75471,[STARTED],false,true,0,0,97540772,
1431980588101,com.android.systemui.keyguard.KeyguardService,com.android.systemui,10014,930,44352,[PERSISTENT],false,false,2,2,68066,
1431980588101,openiab.StoreService,cm.aptoide.pt,10148,0,54787,[],false,true,0,0,54797,
1431980588101,ch.unige.css.services.main.CssRegistryService,ch.unige.ping:background,10149,9975,85196929,[STARTED],false,true,0,0,85196940,
1431980588101,com.google.android.finsky.billing.iab.InAppBillingService,com.android.vending,10024,24677,91571608,[],false,true,1,1,100746430,
1431980588101,org.cyanogenmod.audiofx.HeadsetService,org.cyanogenmod.audiofx,10000,1289,67364,"[PERSISTENT,STARTED]",false,true,0,0,67374,
1431980654326,com.android.bluetooth.hid.HidService,com.android.bluetooth,1002,0,49150,[],false,true,0,0,49160,
1431980654326,com.cleanmaster.service.PermanentService,com.cleanmaster.mguard:service,10138,17133,94138,[STARTED],false,true,1,1,102464849,
1431980654326,com.google.android.music.dial.DialMediaRouteProviderService,com.google.android.music:main,10073,0,57202,[],false,true,0,0,57212,
1431980654326,ch.unige.css.services.PingService,ch.unige.ping,10149,1632,104400070,[STARTED],false,true,0,0,104400082,
1431980654326,com.google.android.search.core.service.BroadcastListenerService,com.google.android.googlequicksearchbox:search,10026,5527,75471,[STARTED],false,true,0,0,97540772,
1431980654326,com.android.systemui.keyguard.KeyguardService,com.android.systemui,10014,930,44352,[PERSISTENT],false,false,2,2,68066,
1431980654326,openiab.StoreService,cm.aptoide.pt,10148,0,54787,[],false,true,0,0,54797,
1431980654326,ch.unige.css.services.main.CssRegistryService,ch.unige.ping:background,10149,9975,85196929,[STARTED],false,true,0,0,85196940,
1431980654326,com.google.android.finsky.billing.iab.InAppBillingService,com.android.vending,10024,24677,91571608,[],false,true,1,1,100746430,
1431980654326,org.cyanogenmod.audiofx.HeadsetService,org.cyanogenmod.audiofx,10000,1289,67364,"[PERSISTENT,STARTED]",false,true,0,0,67374,
1431980718159,com.android.bluetooth.hid.HidService,com.android.bluetooth,1002,0,49150,[],false,true,0,0,49160,
1431980718159,com.cleanmaster.service.PermanentService,com.cleanmaster.mguard:service,10138,17133,94138,[STARTED],false,true,1,1,102464849,
1431980718159,com.google.android.music.dial.DialMediaRouteProviderService,com.google.android.music:main,10073,0,57202,[],false,true,0,0,57212,
1431980718159,ch.unige.css.services.PingService,ch.unige.ping,10149,1632,104463898,[STARTED],false,true,0,0,104463909,
1431980718159,com.google.android.search.core.service.BroadcastListenerService,com.google.android.googlequicksearchbox:search,10026,5527,75471,[STARTED],false,true,0,0,97540772,
1431980718159,com.android.systemui.keyguard.KeyguardService,com.android.systemui,10014,930,44352,[PERSISTENT],false,false,2,2,68066,
1431980718159,openiab.StoreService,cm.aptoide.pt,10148,0,54787,[],false,true,0,0,54797,
1431980718159,ch.unige.css.services.main.CssRegistryService,ch.unige.ping:background,10149,9975,85196929,[STARTED],false,true,0,0,85196940,
1431980718159,org.cyanogenmod.audiofx.HeadsetService,org.cyanogenmod.audiofx,10000,1289,67364,"[PERSISTENT,STARTED]",false,true,0,0,67374,
1431980718159,com.whatsapp.messaging.MessageService,com.whatsapp,10110,10329,67811,[STARTED],false,true,1,1,100746384,
1431980778348,com.android.bluetooth.hid.HidService,com.android.bluetooth,1002,0,49150,[],false,true,0,0,49160,
1431980778348,com.cleanmaster.service.PermanentService,com.cleanmaster.mguard:service,10138,17133,94138,[STARTED],false,true,1,1,102464849,
1431980778348,com.google.android.music.dial.DialMediaRouteProviderService,com.google.android.music:main,10073,0,57202,[],false,true,0,0,57212,
1431980778348,ch.unige.css.services.PingService,ch.unige.ping,10149,1632,104524027,[STARTED],false,true,0,0,104524038,
1431980778348,com.google.android.search.core.service.BroadcastListenerService,com.google.android.googlequicksearchbox:search,10026,5527,75471,[STARTED],false,true,0,0,97540772,
1431980778348,com.android.systemui.keyguard.KeyguardService,com.android.systemui,10014,930,44352,[PERSISTENT],false,false,2,2,68066,
1431980778348,openiab.StoreService,cm.aptoide.pt,10148,0,54787,[],false,true,0,0,54797,
1431980778348,ch.unige.css.services.main.CssRegistryService,ch.unige.ping:background,10149,9975,85196929,[STARTED],false,true,0,0,85196940,
1431980778348,com.google.android.finsky.billing.iab.InAppBillingService,com.android.vending,10024,16601,104465177,[],false,true,1,1,104465189,
1431980778348,org.cyanogenmod.audiofx.HeadsetService,org.cyanogenmod.audiofx,10000,1289,67364,"[PERSISTENT,STARTED]",false,true,0,0,67374,
1431980840834,com.android.bluetooth.hid.HidService,com.android.bluetooth,1002,0,49150,[],false,true,0,0,49160,
1431980840834,com.cleanmaster.service.PermanentService,com.cleanmaster.mguard:service,10138,17133,94138,[STARTED],false,true,1,1,102464849,
1431980840834,com.google.android.music.dial.DialMediaRouteProviderService,com.google.android.music:main,10073,0,57202,[],false,true,0,0,57212,
1431980840834,ch.unige.css.services.PingService,ch.unige.ping,10149,1632,104586575,[STARTED],false,true,0,0,104586586,
1431980840834,com.google.android.search.core.service.BroadcastListenerService,com.google.android.googlequicksearchbox:search,10026,5527,75471,[STARTED],false,true,0,0,97540772,
1431980840834,com.android.systemui.keyguard.KeyguardService,com.android.systemui,10014,930,44352,[PERSISTENT],false,false,2,2,68066,
1431980840834,openiab.StoreService,cm.aptoide.pt,10148,0,54787,[],false,true,0,0,54797,
1431980840834,ch.unige.css.services.main.CssRegistryService,ch.unige.ping:background,10149,9975,85196929,[STARTED],false,true,0,0,85196940,
1431980840834,com.google.android.finsky.billing.iab.InAppBillingService,com.android.vending,10024,16601,104465177,[],false,true,1,1,104465189,
1431980840834,org.cyanogenmod.audiofx.HeadsetService,org.cyanogenmod.audiofx,10000,1289,67364,"[PERSISTENT,STARTED]",false,true,0,0,67374,
1431980901084,com.android.bluetooth.hid.HidService,com.android.bluetooth,1002,0,49150,[],false,true,0,0,49160,
1431980901084,com.cleanmaster.service.PermanentService,com.cleanmaster.mguard:service,10138,17133,94138,[STARTED],false,true,1,1,102464849,
1431980901084,com.google.android.music.dial.DialMediaRouteProviderService,com.google.android.music:main,10073,0,57202,[],false,true,0,0,57212,
1431980901084,ch.unige.css.services.PingService,ch.unige.ping,10149,1632,104646845,[STARTED],false,true,0,0,104646856,
1431980901084,com.google.android.search.core.service.BroadcastListenerService,com.google.android.googlequicksearchbox:search,10026,5527,75471,[STARTED],false,true,0,0,97540772,
1431980901084,com.android.systemui.keyguard.KeyguardService,com.android.systemui,10014,930,44352,[PERSISTENT],false,false,2,2,68066,
1431980901084,openiab.StoreService,cm.aptoide.pt,10148,0,54787,[],false,true,0,0,54797,
1431980901084,ch.unige.css.services.main.CssRegistryService,ch.unige.ping:background,10149,9975,85196929,[STARTED],false,true,0,0,85196940,
1431980901084,com.google.android.finsky.billing.iab.InAppBillingService,com.android.vending,10024,16601,104465177,[],false,true,1,1,104465189,
1431980901084,org.cyanogenmod.audiofx.HeadsetService,org.cyanogenmod.audiofx,10000,1289,67364,"[PERSISTENT,STARTED]",false,true,0,0,67374,
1431980961361,com.android.bluetooth.hid.HidService,com.android.bluetooth,1002,0,49150,[],false,true,0,0,49160,
1431980961361,com.cleanmaster.service.PermanentService,com.cleanmaster.mguard:service,10138,17133,94138,[STARTED],false,true,1,1,102464849,
1431980961361,com.google.android.music.dial.DialMediaRouteProviderService,com.google.android.music:main,10073,0,57202,[],false,true,0,0,57212,
1431980961361,ch.unige.css.services.PingService,ch.unige.ping,10149,1632,104707125,[STARTED],false,true,0,0,104707136,
1431980961361,com.google.android.search.core.service.BroadcastListenerService,com.google.android.googlequicksearchbox:search,10026,5527,75471,[STARTED],false,true,0,0,97540772,
1431980961361,com.android.systemui.keyguard.KeyguardService,com.android.systemui,10014,930,44352,[PERSISTENT],false,false,2,2,68066,
1431980961361,openiab.StoreService,cm.aptoide.pt,10148,0,54787,[],false,true,0,0,54797,
1431980961361,ch.unige.css.services.main.CssRegistryService,ch.unige.ping:background,10149,9975,85196929,[STARTED],false,true,0,0,85196940,
1431980961361,com.google.android.finsky.billing.iab.InAppBillingService,com.android.vending,10024,16601,104465177,[],false,true,1,1,104465189,
1431980961361,org.cyanogenmod.audiofx.HeadsetService,org.cyanogenmod.audiofx,10000,1289,67364,"[PERSISTENT,STARTED]",false,true,0,0,67374,
1431981021873,com.android.bluetooth.hid.HidService,com.android.bluetooth,1002,0,49150,[],false,true,0,0,49160,
1431981021873,com.cleanmaster.service.PermanentService,com.cleanmaster.mguard:service,10138,17133,94138,[STARTED],false,true,1,1,102464849,
1431981021873,com.google.android.music.dial.DialMediaRouteProviderService,com.google.android.music:main,10073,0,57202,[],false,true,0,0,57212,
1431981021873,ch.unige.css.services.PingService,ch.unige.ping,10149,1632,104767646,[STARTED],false,true,0,0,104767657,
1431981021873,com.google.android.search.core.service.BroadcastListenerService,com.google.android.googlequicksearchbox:search,10026,5527,75471,[STARTED],false,true,0,0,97540772,
1431981021873,com.android.systemui.keyguard.KeyguardService,com.android.systemui,10014,930,44352,[PERSISTENT],false,false,2,2,68066,
1431981021873,openiab.StoreService,cm.aptoide.pt,10148,0,54787,[],false,true,0,0,54797,
1431981021873,ch.unige.css.services.main.CssRegistryService,ch.unige.ping:background,10149,9975,85196929,[STARTED],false,true,0,0,85196940,
1431981021873,com.google.android.finsky.billing.iab.InAppBillingService,com.android.vending,10024,16601,104465177,[],false,true,1,1,104465189,
1431981021873,org.cyanogenmod.audiofx.HeadsetService,org.cyanogenmod.audiofx,10000,1289,67364,"[PERSISTENT,STARTED]",false,true,0,0,67374,
1431981082241,com.android.bluetooth.hid.HidService,com.android.bluetooth,1002,0,49150,[],false,true,0,0,49160,
1431981082241,com.cleanmaster.service.PermanentService,com.cleanmaster.mguard:service,10138,17133,94138,[STARTED],false,true,1,1,102464849,
1431981082241,com.google.android.music.dial.DialMediaRouteProviderService,com.google.android.music:main,10073,0,57202,[],false,true,0,0,57212,
1431981082241,ch.unige.css.services.PingService,ch.unige.ping,10149,1632,104827904,[STARTED],false,true,0,0,104827915,
1431981082241,com.google.android.search.core.service.BroadcastListenerService,com.google.android.googlequicksearchbox:search,10026,5527,75471,[STARTED],false,true,0,0,97540772,
1431981082241,com.android.systemui.keyguard.KeyguardService,com.android.systemui,10014,930,44352,[PERSISTENT],false,false,2,2,68066,
1431981082241,openiab.StoreService,cm.aptoide.pt,10148,0,54787,[],false,true,0,0,54797,
1431981082241,ch.unige.css.services.main.CssRegistryService,ch.unige.ping:background,10149,9975,85196929,[STARTED],false,true,0,0,85196940,
1431981082241,com.google.android.finsky.billing.iab.InAppBillingService,com.android.vending,10024,16601,104465177,[],false,true,1,1,104465189,
1431981082241,org.cyanogenmod.audiofx.HeadsetService,org.cyanogenmod.audiofx,10000,1289,67364,"[PERSISTENT,STARTED]",false,true,0,0,67374,
1431981142164,com.android.bluetooth.hid.HidService,com.android.bluetooth,1002,0,49150,[],false,true,0,0,49160,
1431981142164,com.cleanmaster.service.PermanentService,com.cleanmaster.mguard:service,10138,17133,94138,[STARTED],false,true,1,1,102464849,
1431981142164,com.google.android.music.dial.DialMediaRouteProviderService,com.google.android.music:main,10073,0,57202,[],false,true,0,0,57212,
1431981142164,ch.unige.css.services.PingService,ch.unige.ping,10149,1632,104887969,[STARTED],false,true,0,0,104887981,
1431981142164,com.google.android.search.core.service.BroadcastListenerService,com.google.android.googlequicksearchbox:search,10026,5527,75471,[STARTED],false,true,0,0,97540772,
1431981142164,com.android.systemui.keyguard.KeyguardService,com.android.systemui,10014,930,44352,[PERSISTENT],false,false,2,2,68066,
1431981142164,openiab.StoreService,cm.aptoide.pt,10148,0,54787,[],false,true,0,0,54797,
1431981142164,ch.unige.css.services.main.CssRegistryService,ch.unige.ping:background,10149,9975,85196929,[STARTED],false,true,0,0,85196940,
1431981142164,com.google.android.finsky.billing.iab.InAppBillingService,com.android.vending,10024,16601,104465177,[],false,true,1,1,104465189,
1431981142164,org.cyanogenmod.audiofx.HeadsetService,org.cyanogenmod.audiofx,10000,1289,67364,"[PERSISTENT,STARTED]",false,true,0,0,67374,
1431981202201,com.android.bluetooth.hid.HidService,com.android.bluetooth,1002,0,49150,[],false,true,0,0,49160,
1431981202201,com.cleanmaster.service.PermanentService,com.cleanmaster.mguard:service,10138,17133,94138,[STARTED],false,true,1,1,102464849,
1431981202201,com.google.android.music.dial.DialMediaRouteProviderService,com.google.android.music:main,10073,0,57202,[],false,true,0,0,57212,
1431981202201,ch.unige.css.services.PingService,ch.unige.ping,10149,1632,104948027,[STARTED],false,true,0,0,104948038,
1431981202201,com.google.android.search.core.service.BroadcastListenerService,com.google.android.googlequicksearchbox:search,10026,5527,75471,[STARTED],false,true,0,0,97540772,
1431981202201,com.android.systemui.keyguard.KeyguardService,com.android.systemui,10014,930,44352,[PERSISTENT],false,false,2,2,68066,
1431981202201,openiab.StoreService,cm.aptoide.pt,10148,0,54787,[],false,true,0,0,54797,
1431981202201,ch.unige.css.services.main.CssRegistryService,ch.unige.ping:background,10149,9975,85196929,[STARTED],false,true,0,0,85196940,
1431981202201,com.google.android.finsky.billing.iab.InAppBillingService,com.android.vending,10024,16601,104465177,[],false,true,1,1,104465189,
1431981202201,org.cyanogenmod.audiofx.HeadsetService,org.cyanogenmod.audiofx,10000,1289,67364,"[PERSISTENT,STARTED]",false,true,0,0,67374,
1431981262295,com.android.bluetooth.hid.HidService,com.android.bluetooth,1002,0,49150,[],false,true,0,0,49160,
1431981262295,com.cleanmaster.service.PermanentService,com.cleanmaster.mguard:service,10138,17133,94138,[STARTED],false,true,1,1,102464849,
1431981262295,com.google.android.music.dial.DialMediaRouteProviderService,com.google.android.music:main,10073,0,57202,[],false,true,0,0,57212,
1431981262295,ch.unige.css.services.PingService,ch.unige.ping,10149,1632,105008083,[STARTED],false,true,0,0,105008095,
1431981262295,com.google.android.search.core.service.BroadcastListenerService,com.google.android.googlequicksearchbox:search,10026,5527,75471,[STARTED],false,true,0,0,97540772,
1431981262295,com.android.systemui.keyguard.KeyguardService,com.android.systemui,10014,930,44352,[PERSISTENT],false,false,2,2,68066,
1431981262295,openiab.StoreService,cm.aptoide.pt,10148,0,54787,[],false,true,0,0,54797,
1431981262295,ch.unige.css.services.main.CssRegistryService,ch.unige.ping:background,10149,9975,85196929,[STARTED],false,true,0,0,85196940,
1431981262295,com.google.android.finsky.billing.iab.InAppBillingService,com.android.vending,10024,16601,104465177,[],false,true,1,1,104465189,
1431981262295,org.cyanogenmod.audiofx.HeadsetService,org.cyanogenmod.audiofx,10000,1289,67364,"[PERSISTENT,STARTED]",false,true,0,0,67374,
1431981322328,com.android.bluetooth.hid.HidService,com.android.bluetooth,1002,0,49150,[],false,true,0,0,49160,
1431981322328,com.cleanmaster.service.PermanentService,com.cleanmaster.mguard:service,10138,17133,94138,[STARTED],false,true,1,1,102464849,
1431981322328,com.google.android.music.dial.DialMediaRouteProviderService,com.google.android.music:main,10073,0,57202,[],false,true,0,0,57212,
1431981322328,ch.unige.css.services.PingService,ch.unige.ping,10149,1632,105068136,[STARTED],false,true,0,0,105068148,
1431981322328,com.google.android.search.core.service.BroadcastListenerService,com.google.android.googlequicksearchbox:search,10026,5527,75471,[STARTED],false,true,0,0,97540772,
1431981322328,com.android.systemui.keyguard.KeyguardService,com.android.systemui,10014,930,44352,[PERSISTENT],false,false,2,2,68066,
1431981322328,openiab.StoreService,cm.aptoide.pt,10148,0,54787,[],false,true,0,0,54797,
1431981322328,ch.unige.css.services.main.CssRegistryService,ch.unige.ping:background,10149,9975,85196929,[STARTED],false,true,0,0,85196940,
1431981322328,com.google.android.finsky.billing.iab.InAppBillingService,com.android.vending,10024,16601,104465177,[],false,true,1,1,104465189,
1431981322328,org.cyanogenmod.audiofx.HeadsetService,org.cyanogenmod.audiofx,10000,1289,67364,"[PERSISTENT,STARTED]",false,true,0,0,67374,
1431981382408,com.android.bluetooth.hid.HidService,com.android.bluetooth,1002,0,49150,[],false,true,0,0,49160,
1431981382408,com.cleanmaster.service.PermanentService,com.cleanmaster.mguard:service,10138,17133,94138,[STARTED],false,true,1,1,102464849,
1431981382408,com.google.android.music.dial.DialMediaRouteProviderService,com.google.android.music:main,10073,0,57202,[],false,true,0,0,57212,
1431981382408,ch.unige.css.services.PingService,ch.unige.ping,10149,1632,105128216,[STARTED],false,true,0,0,105128227,
1431981382408,com.google.android.search.core.service.BroadcastListenerService,com.google.android.googlequicksearchbox:search,10026,5527,75471,[STARTED],false,true,0,0,97540772,
1431981382408,com.android.systemui.keyguard.KeyguardService,com.android.systemui,10014,930,44352,[PERSISTENT],false,false,2,2,68066,
1431981382408,openiab.StoreService,cm.aptoide.pt,10148,0,54787,[],false,true,0,0,54797,
1431981382408,ch.unige.css.services.main.CssRegistryService,ch.unige.ping:background,10149,9975,85196929,[STARTED],false,true,0,0,85196940,
1431981382408,com.google.android.finsky.billing.iab.InAppBillingService,com.android.vending,10024,16601,104465177,[],false,true,1,1,104465189,
1431981382408,org.cyanogenmod.audiofx.HeadsetService,org.cyanogenmod.audiofx,10000,1289,67364,"[PERSISTENT,STARTED]",false,true,0,0,67374,
1431981442456,com.android.bluetooth.hid.HidService,com.android.bluetooth,1002,0,49150,[],false,true,0,0,49160,
1431981442456,com.cleanmaster.service.PermanentService,com.cleanmaster.mguard:service,10138,17133,94138,[STARTED],false,true,1,1,102464849,
1431981442456,com.google.android.music.dial.DialMediaRouteProviderService,com.google.android.music:main,10073,0,57202,[],false,true,0,0,57212,
1431981442456,ch.unige.css.services.PingService,ch.unige.ping,10149,1632,105188275,[STARTED],false,true,0,0,105188287,
1431981442456,com.google.android.search.core.service.BroadcastListenerService,com.google.android.googlequicksearchbox:search,10026,5527,75471,[STARTED],false,true,0,0,97540772,
1431981442456,com.android.systemui.keyguard.KeyguardService,com.android.systemui,10014,930,44352,[PERSISTENT],false,false,2,2,68066,
1431981442456,openiab.StoreService,cm.aptoide.pt,10148,0,54787,[],false,true,0,0,54797,
1431981442456,ch.unige.css.services.main.CssRegistryService,ch.unige.ping:background,10149,9975,85196929,[STARTED],false,true,0,0,85196940,
1431981442456,com.google.android.finsky.billing.iab.InAppBillingService,com.android.vending,10024,16601,104465177,[],false,true,1,1,104465189,
1431981442456,org.cyanogenmod.audiofx.HeadsetService,org.cyanogenmod.audiofx,10000,1289,67364,"[PERSISTENT,STARTED]",false,true,0,0,67374,
1431981502479,com.android.bluetooth.hid.HidService,com.android.bluetooth,1002,0,49150,[],false,true,0,0,49160,
1431981502479,com.cleanmaster.service.PermanentService,com.cleanmaster.mguard:service,10138,17133,94138,[STARTED],false,true,1,1,102464849,
1431981502479,com.google.android.music.dial.DialMediaRouteProviderService,com.google.android.music:main,10073,0,57202,[],false,true,0,0,57212,
1431981502479,ch.unige.css.services.PingService,ch.unige.ping,10149,1632,105248298,[STARTED],false,true,0,0,105248309,
1431981502479,com.google.android.search.core.service.BroadcastListenerService,com.google.android.googlequicksearchbox:search,10026,5527,75471,[STARTED],false,true,0,0,97540772,
1431981502479,com.android.systemui.keyguard.KeyguardService,com.android.systemui,10014,930,44352,[PERSISTENT],false,false,2,2,68066,
1431981502479,openiab.StoreService,cm.aptoide.pt,10148,0,54787,[],false,true,0,0,54797,
1431981502479,ch.unige.css.services.main.CssRegistryService,ch.unige.ping:background,10149,9975,85196929,[STARTED],false,true,0,0,85196940,
1431981502479,com.google.android.finsky.billing.iab.InAppBillingService,com.android.vending,10024,16601,104465177,[],false,true,1,1,104465189,
1431981502479,org.cyanogenmod.audiofx.HeadsetService,org.cyanogenmod.audiofx,10000,1289,67364,"[PERSISTENT,STARTED]",false,true,0,0,67374,
1431981562533,com.android.bluetooth.hid.HidService,com.android.bluetooth,1002,0,49150,[],false,true,0,0,49160,
1431981562533,com.cleanmaster.service.PermanentService,com.cleanmaster.mguard:service,10138,17133,94138,[STARTED],false,true,1,1,102464849,
1431981562533,com.google.android.music.dial.DialMediaRouteProviderService,com.google.android.music:main,10073,0,57202,[],false,true,0,0,57212,
1431981562533,ch.unige.css.services.PingService,ch.unige.ping,10149,1632,105308349,[STARTED],false,true,0,0,105308360,
1431981562533,com.google.android.search.core.service.BroadcastListenerService,com.google.android.googlequicksearchbox:search,10026,5527,75471,[STARTED],false,true,0,0,97540772,
1431981562533,com.android.systemui.keyguard.KeyguardService,com.android.systemui,10014,930,44352,[PERSISTENT],false,false,2,2,68066,
1431981562533,openiab.StoreService,cm.aptoide.pt,10148,0,54787,[],false,true,0,0,54797,
1431981562533,ch.unige.css.services.main.CssRegistryService,ch.unige.ping:background,10149,9975,85196929,[STARTED],false,true,0,0,85196940,
1431981562533,com.google.android.finsky.billing.iab.InAppBillingService,com.android.vending,10024,16601,104465177,[],false,true,1,1,104465189,
1431981562533,org.cyanogenmod.audiofx.HeadsetService,org.cyanogenmod.audiofx,10000,1289,67364,"[PERSISTENT,STARTED]",false,true,0,0,67374,
1431981622617,com.android.bluetooth.hid.HidService,com.android.bluetooth,1002,0,49150,[],false,true,0,0,49160,
1431981622617,com.cleanmaster.service.PermanentService,com.cleanmaster.mguard:service,10138,17133,94138,[STARTED],false,true,1,1,102464849,
1431981622617,com.google.android.music.dial.DialMediaRouteProviderService,com.google.android.music:main,10073,0,57202,[],false,true,0,0,57212,
1431981622617,ch.unige.css.services.PingService,ch.unige.ping,10149,1632,105368423,[STARTED],false,true,0,0,105368434,
1431981622617,com.google.android.search.core.service.BroadcastListenerService,com.google.android.googlequicksearchbox:search,10026,5527,75471,[STARTED],false,true,0,0,97540772,
1431981622617,com.android.systemui.keyguard.KeyguardService,com.android.systemui,10014,930,44352,[PERSISTENT],false,false,2,2,68066,
1431981622617,openiab.StoreService,cm.aptoide.pt,10148,0,54787,[],false,true,0,0,54797,
1431981622617,ch.unige.css.services.main.CssRegistryService,ch.unige.ping:background,10149,9975,85196929,[STARTED],false,true,0,0,85196940,
1431981622617,com.google.android.finsky.billing.iab.InAppBillingService,com.android.vending,10024,16601,104465177,[],false,true,1,1,104465189,
1431981622617,org.cyanogenmod.audiofx.HeadsetService,org.cyanogenmod.audiofx,10000,1289,67364,"[PERSISTENT,STARTED]",false,true,0,0,67374,
1431981682662,com.android.bluetooth.hid.HidService,com.android.bluetooth,1002,0,49150,[],false,true,0,0,49160,
1431981682662,com.cleanmaster.service.PermanentService,com.cleanmaster.mguard:service,10138,17133,94138,[STARTED],false,true,1,1,102464849,
1431981682662,com.google.android.music.dial.DialMediaRouteProviderService,com.google.android.music:main,10073,0,57202,[],false,true,0,0,57212,
1431981682662,ch.unige.css.services.PingService,ch.unige.ping,10149,1632,105428474,[STARTED],false,true,0,0,105428485,
1431981682662,com.google.android.search.core.service.BroadcastListenerService,com.google.android.googlequicksearchbox:search,10026,5527,75471,[STARTED],false,true,0,0,97540772,
1431981682662,com.android.systemui.keyguard.KeyguardService,com.android.systemui,10014,930,44352,[PERSISTENT],false,false,2,2,68066,
1431981682662,openiab.StoreService,cm.aptoide.pt,10148,0,54787,[],false,true,0,0,54797,
1431981682662,ch.unige.css.services.main.CssRegistryService,ch.unige.ping:background,10149,9975,85196929,[STARTED],false,true,0,0,85196940,
1431981682662,com.google.android.finsky.billing.iab.InAppBillingService,com.android.vending,10024,16601,104465177,[],false,true,1,1,104465189,
1431981682662,org.cyanogenmod.audiofx.HeadsetService,org.cyanogenmod.audiofx,10000,1289,67364,"[PERSISTENT,STARTED]",false,true,0,0,67374,
1431981742702,com.android.bluetooth.hid.HidService,com.android.bluetooth,1002,0,49150,[],false,true,0,0,49160,
1431981742702,com.cleanmaster.service.PermanentService,com.cleanmaster.mguard:service,10138,17133,94138,[STARTED],false,true,1,1,102464849,
1431981742702,com.google.android.music.dial.DialMediaRouteProviderService,com.google.android.music:main,10073,0,57202,[],false,true,0,0,57212,
1431981742702,ch.unige.css.services.PingService,ch.unige.ping,10149,1632,105488519,[STARTED],false,true,0,0,105488531,
1431981742702,com.google.android.search.core.service.BroadcastListenerService,com.google.android.googlequicksearchbox:search,10026,5527,75471,[STARTED],false,true,0,0,97540772,
1431981742702,com.android.systemui.keyguard.KeyguardService,com.android.systemui,10014,930,44352,[PERSISTENT],false,false,2,2,68066,
1431981742702,openiab.StoreService,cm.aptoide.pt,10148,0,54787,[],false,true,0,0,54797,
1431981742702,ch.unige.css.services.main.CssRegistryService,ch.unige.ping:background,10149,9975,85196929,[STARTED],false,true,0,0,85196940,
1431981742702,com.google.android.finsky.billing.iab.InAppBillingService,com.android.vending,10024,16601,104465177,[],false,true,1,1,104465189,
1431981742702,org.cyanogenmod.audiofx.HeadsetService,org.cyanogenmod.audiofx,10000,1289,67364,"[PERSISTENT,STARTED]",false,true,0,0,67374,
1431981802790,com.android.bluetooth.hid.HidService,com.android.bluetooth,1002,0,49150,[],false,true,0,0,49160,
1431981802790,com.cleanmaster.service.PermanentService,com.cleanmaster.mguard:service,10138,17133,94138,[STARTED],false,true,1,1,102464849,
1431981802790,com.google.android.music.dial.DialMediaRouteProviderService,com.google.android.music:main,10073,0,57202,[],false,true,0,0,57212,
1431981802790,ch.unige.css.services.PingService,ch.unige.ping,10149,1632,105548607,[STARTED],false,true,0,0,105548618,
1431981802790,com.google.android.search.core.service.BroadcastListenerService,com.google.android.googlequicksearchbox:search,10026,5527,75471,[STARTED],false,true,0,0,97540772,
1431981802790,com.android.systemui.keyguard.KeyguardService,com.android.systemui,10014,930,44352,[PERSISTENT],false,false,2,2,68066,
1431981802790,openiab.StoreService,cm.aptoide.pt,10148,0,54787,[],false,true,0,0,54797,
1431981802790,ch.unige.css.services.main.CssRegistryService,ch.unige.ping:background,10149,9975,85196929,[STARTED],false,true,0,0,85196940,
1431981802790,com.google.android.finsky.billing.iab.InAppBillingService,com.android.vending,10024,16601,104465177,[],false,true,1,1,104465189,
1431981802790,org.cyanogenmod.audiofx.HeadsetService,org.cyanogenmod.audiofx,10000,1289,67364,"[PERSISTENT,STARTED]",false,true,0,0,67374,
1431981862885,com.android.bluetooth.hid.HidService,com.android.bluetooth,1002,0,49150,[],false,true,0,0,49160,
1431981862885,com.cleanmaster.service.PermanentService,com.cleanmaster.mguard:service,10138,17133,94138,[STARTED],false,true,1,1,102464849,
1431981862885,com.google.android.music.dial.DialMediaRouteProviderService,com.google.android.music:main,10073,0,57202,[],false,true,0,0,57212,
1431981862885,ch.unige.css.services.PingService,ch.unige.ping,10149,1632,105608685,[STARTED],false,true,0,0,105608696,
1431981862885,com.google.android.search.core.service.BroadcastListenerService,com.google.android.googlequicksearchbox:search,10026,5527,75471,[STARTED],false,true,0,0,97540772,
1431981862885,com.android.systemui.keyguard.KeyguardService,com.android.systemui,10014,930,44352,[PERSISTENT],false,false,2,2,68066,
1431981862885,openiab.StoreService,cm.aptoide.pt,10148,0,54787,[],false,true,0,0,54797,
1431981862885,ch.unige.css.services.main.CssRegistryService,ch.unige.ping:background,10149,9975,85196929,[STARTED],false,true,0,0,85196940,
1431981862885,com.google.android.finsky.billing.iab.InAppBillingService,com.android.vending,10024,16601,104465177,[],false,true,1,1,104465189,
1431981862885,org.cyanogenmod.audiofx.HeadsetService,org.cyanogenmod.audiofx,10000,1289,67364,"[PERSISTENT,STARTED]",false,true,0,0,67374,
1431981922960,com.android.bluetooth.hid.HidService,com.android.bluetooth,1002,0,49150,[],false,true,0,0,49160,
1431981922960,com.cleanmaster.service.PermanentService,com.cleanmaster.mguard:service,10138,17133,94138,[STARTED],false,true,1,1,102464849,
1431981922960,com.google.android.music.dial.DialMediaRouteProviderService,com.google.android.music:main,10073,0,57202,[],false,true,0,0,57212,
1431981922960,ch.unige.css.services.PingService,ch.unige.ping,10149,1632,105668769,[STARTED],false,true,0,0,105668781,
1431981922960,com.google.android.search.core.service.BroadcastListenerService,com.google.android.googlequicksearchbox:search,10026,5527,75471,[STARTED],false,true,0,0,97540772,
1431981922960,com.android.systemui.keyguard.KeyguardService,com.android.systemui,10014,930,44352,[PERSISTENT],false,false,2,2,68066,
1431981922960,openiab.StoreService,cm.aptoide.pt,10148,0,54787,[],false,true,0,0,54797,
1431981922960,ch.unige.css.services.main.CssRegistryService,ch.unige.ping:background,10149,9975,85196929,[STARTED],false,true,0,0,85196940,
1431981922960,com.google.android.finsky.billing.iab.InAppBillingService,com.android.vending,10024,16601,104465177,[],false,true,1,1,104465189,
1431981922960,org.cyanogenmod.audiofx.HeadsetService,org.cyanogenmod.audiofx,10000,1289,67364,"[PERSISTENT,STARTED]",false,true,0,0,67374,
1431981983007,com.android.bluetooth.hid.HidService,com.android.bluetooth,1002,0,49150,[],false,true,0,0,49160,
1431981983007,com.cleanmaster.service.PermanentService,com.cleanmaster.mguard:service,10138,17133,94138,[STARTED],false,true,1,1,102464849,
1431981983007,com.google.android.music.dial.DialMediaRouteProviderService,com.google.android.music:main,10073,0,57202,[],false,true,0,0,57212,
1431981983007,ch.unige.css.services.PingService,ch.unige.ping,10149,1632,105728833,[STARTED],false,true,0,0,105728844,
1431981983007,com.google.android.search.core.service.BroadcastListenerService,com.google.android.googlequicksearchbox:search,10026,5527,75471,[STARTED],false,true,0,0,97540772,
1431981983007,com.android.systemui.keyguard.KeyguardService,com.android.systemui,10014,930,44352,[PERSISTENT],false,false,2,2,68066,
1431981983007,openiab.StoreService,cm.aptoide.pt,10148,0,54787,[],false,true,0,0,54797,
1431981983007,ch.unige.css.services.main.CssRegistryService,ch.unige.ping:background,10149,9975,85196929,[STARTED],false,true,0,0,85196940,
1431981983007,com.google.android.finsky.billing.iab.InAppBillingService,com.android.vending,10024,16601,104465177,[],false,true,1,1,104465189,
1431981983007,org.cyanogenmod.audiofx.HeadsetService,org.cyanogenmod.audiofx,10000,1289,67364,"[PERSISTENT,STARTED]",false,true,0,0,67374,
1431982043059,com.android.bluetooth.hid.HidService,com.android.bluetooth,1002,0,49150,[],false,true,0,0,49160,
1431982043059,com.cleanmaster.service.PermanentService,com.cleanmaster.mguard:service,10138,17133,94138,[STARTED],false,true,1,1,102464849,
1431982043059,com.google.android.music.dial.DialMediaRouteProviderService,com.google.android.music:main,10073,0,57202,[],false,true,0,0,57212,
1431982043059,ch.unige.css.services.PingService,ch.unige.ping,10149,1632,105788881,[STARTED],false,true,0,0,105788893,
1431982043059,com.google.android.search.core.service.BroadcastListenerService,com.google.android.googlequicksearchbox:search,10026,5527,75471,[STARTED],false,true,0,0,97540772,
1431982043059,com.android.systemui.keyguard.KeyguardService,com.android.systemui,10014,930,44352,[PERSISTENT],false,false,2,2,68066,
1431982043059,openiab.StoreService,cm.aptoide.pt,10148,0,54787,[],false,true,0,0,54797,
1431982043059,ch.unige.css.services.main.CssRegistryService,ch.unige.ping:background,10149,9975,85196929,[STARTED],false,true,0,0,85196940,
1431982043059,com.google.android.finsky.billing.iab.InAppBillingService,com.android.vending,10024,16601,104465177,[],false,true,1,1,104465189,
1431982043059,org.cyanogenmod.audiofx.HeadsetService,org.cyanogenmod.audiofx,10000,1289,67364,"[PERSISTENT,STARTED]",false,true,0,0,67374,
1431982103134,com.android.bluetooth.hid.HidService,com.android.bluetooth,1002,0,49150,[],false,true,0,0,49160,
1431982103134,com.cleanmaster.service.PermanentService,com.cleanmaster.mguard:service,10138,17133,94138,[STARTED],false,true,1,1,102464849,
1431982103134,com.google.android.music.dial.DialMediaRouteProviderService,com.google.android.music:main,10073,0,57202,[],false,true,0,0,57212,
1431982103134,ch.unige.css.services.PingService,ch.unige.ping,10149,1632,105848934,[STARTED],false,true,0,0,105848945,
1431982103134,com.google.android.search.core.service.BroadcastListenerService,com.google.android.googlequicksearchbox:search,10026,5527,75471,[STARTED],false,true,0,0,97540772,
1431982103134,com.android.systemui.keyguard.KeyguardService,com.android.systemui,10014,930,44352,[PERSISTENT],false,false,2,2,68066,
1431982103134,openiab.StoreService,cm.aptoide.pt,10148,0,54787,[],false,true,0,0,54797,
1431982103134,ch.unige.css.services.main.CssRegistryService,ch.unige.ping:background,10149,9975,85196929,[STARTED],false,true,0,0,85196940,
1431982103134,com.google.android.finsky.billing.iab.InAppBillingService,com.android.vending,10024,16601,104465177,[],false,true,1,1,104465189,
1431982103134,org.cyanogenmod.audiofx.HeadsetService,org.cyanogenmod.audiofx,10000,1289,67364,"[PERSISTENT,STARTED]",false,true,0,0,67374,
1431982163143,com.android.bluetooth.hid.HidService,com.android.bluetooth,1002,0,49150,[],false,true,0,0,49160,
1431982163143,com.cleanmaster.service.PermanentService,com.cleanmaster.mguard:service,10138,17133,94138,[STARTED],false,true,1,1,105885876,
1431982163143,com.google.android.gms.ads.identifier.service.AdvertisingIdService,com.google.android.gms,10020,1729,105886609,[],false,true,1,1,105887527,
1431982163143,com.snapchat.android.service.SnapchatService,com.snapchat.android,10109,28736,105887145,[STARTED],false,true,0,0,105907470,
1431982163143,com.google.android.music.dial.DialMediaRouteProviderService,com.google.android.music:main,10073,0,57202,[],false,true,0,0,57212,
1431982163143,ch.unige.css.services.PingService,ch.unige.ping,10149,1632,105908967,[STARTED],false,true,0,0,105908978,
1431982163143,com.google.android.search.core.service.BroadcastListenerService,com.google.android.googlequicksearchbox:search,10026,5527,75471,[STARTED],false,true,0,0,97540772,
1431982163143,com.android.systemui.keyguard.KeyguardService,com.android.systemui,10014,930,44352,[PERSISTENT],false,false,2,2,68066,
1431982163143,openiab.StoreService,cm.aptoide.pt,10148,0,54787,[],false,true,0,0,54797,
1431982163143,ch.unige.css.services.main.CssRegistryService,ch.unige.ping:background,10149,9975,85196929,[STARTED],false,true,0,0,85196940,
1431982223210,com.android.bluetooth.hid.HidService,com.android.bluetooth,1002,0,49150,[],false,true,0,0,49160,
1431982223210,com.cleanmaster.service.PermanentService,com.cleanmaster.mguard:service,10138,17133,94138,[STARTED],false,true,1,1,105918835,
1431982223210,com.google.android.music.dial.DialMediaRouteProviderService,com.google.android.music:main,10073,0,57202,[],false,true,0,0,57212,
1431982223210,ch.unige.css.services.PingService,ch.unige.ping,10149,1632,105969019,[STARTED],false,true,0,0,105969030,
1431982223210,com.google.android.search.core.service.BroadcastListenerService,com.google.android.googlequicksearchbox:search,10026,29282,75471,[STARTED],false,true,0,0,105919444,
1431982223210,com.android.systemui.keyguard.KeyguardService,com.android.systemui,10014,930,44352,[PERSISTENT],false,false,2,2,68066,
1431982223210,openiab.StoreService,cm.aptoide.pt,10148,0,54787,[],false,true,0,0,54797,
1431982223210,ch.unige.css.services.main.CssRegistryService,ch.unige.ping:background,10149,9975,85196929,[STARTED],false,true,0,0,85196940,
1431982223210,com.google.android.finsky.billing.iab.InAppBillingService,com.android.vending,10024,16601,104465177,[],false,true,1,1,105930647,
1431982223210,org.cyanogenmod.audiofx.HeadsetService,org.cyanogenmod.audiofx,10000,1289,67364,"[PERSISTENT,STARTED]",false,true,0,0,67374,
1431982283326,com.android.bluetooth.hid.HidService,com.android.bluetooth,1002,0,49150,[],false,true,0,0,49160,
1431982283326,com.cleanmaster.service.PermanentService,com.cleanmaster.mguard:service,10138,17133,94138,[STARTED],false,true,1,1,105918835,
1431982283326,com.google.android.music.dial.DialMediaRouteProviderService,com.google.android.music:main,10073,0,57202,[],false,true,0,0,57212,
1431982283326,ch.unige.css.services.PingService,ch.unige.ping,10149,1632,106029113,[STARTED],false,true,0,0,106029125,
1431982283326,com.google.android.search.core.service.BroadcastListenerService,com.google.android.googlequicksearchbox:search,10026,29282,75471,[STARTED],false,true,0,0,105919444,
1431982283326,com.android.systemui.keyguard.KeyguardService,com.android.systemui,10014,930,44352,[PERSISTENT],false,false,2,2,68066,
1431982283326,openiab.StoreService,cm.aptoide.pt,10148,0,54787,[],false,true,0,0,54797,
1431982283326,ch.unige.css.services.main.CssRegistryService,ch.unige.ping:background,10149,9975,85196929,[STARTED],false,true,0,0,85196940,
1431982283326,com.google.android.finsky.billing.iab.InAppBillingService,com.android.vending,10024,16601,104465177,[],false,true,1,1,105930647,
1431982283326,org.cyanogenmod.audiofx.HeadsetService,org.cyanogenmod.audiofx,10000,1289,67364,"[PERSISTENT,STARTED]",false,true,0,0,67374,
1431982343370,com.android.bluetooth.hid.HidService,com.android.bluetooth,1002,0,49150,[],false,true,0,0,49160,
1431982343370,com.cleanmaster.service.PermanentService,com.cleanmaster.mguard:service,10138,17133,94138,[STARTED],false,true,1,1,105918835,
1431982343370,com.google.android.music.dial.DialMediaRouteProviderService,com.google.android.music:main,10073,0,57202,[],false,true,0,0,57212,
1431982343370,ch.unige.css.services.PingService,ch.unige.ping,10149,1632,106089181,[STARTED],false,true,0,0,106089192,
1431982343370,com.google.android.search.core.service.BroadcastListenerService,com.google.android.googlequicksearchbox:search,10026,29282,75471,[STARTED],false,true,0,0,105919444,
1431982343370,com.android.systemui.keyguard.KeyguardService,com.android.systemui,10014,930,44352,[PERSISTENT],false,false,2,2,68066,
1431982343370,openiab.StoreService,cm.aptoide.pt,10148,0,54787,[],false,true,0,0,54797,
1431982343370,ch.unige.css.services.main.CssRegistryService,ch.unige.ping:background,10149,9975,85196929,[STARTED],false,true,0,0,85196940,
1431982343370,com.google.android.finsky.billing.iab.InAppBillingService,com.android.vending,10024,16601,104465177,[],false,true,1,1,105930647,
1431982343370,org.cyanogenmod.audiofx.HeadsetService,org.cyanogenmod.audiofx,10000,1289,67364,"[PERSISTENT,STARTED]",false,true,0,0,67374,
1431982403374,com.android.bluetooth.hid.HidService,com.android.bluetooth,1002,0,49150,[],false,true,0,0,49160,
1431982403374,com.cleanmaster.service.PermanentService,com.cleanmaster.mguard:service,10138,17133,94138,[STARTED],false,true,1,1,105918835,
1431982403374,com.google.android.music.dial.DialMediaRouteProviderService,com.google.android.music:main,10073,0,57202,[],false,true,0,0,57212,
1431982403374,ch.unige.css.services.PingService,ch.unige.ping,10149,1632,106149203,[STARTED],false,true,0,0,106149214,
1431982403374,com.google.android.search.core.service.BroadcastListenerService,com.google.android.googlequicksearchbox:search,10026,29282,75471,[STARTED],false,true,0,0,105919444,
1431982403374,com.android.systemui.keyguard.KeyguardService,com.android.systemui,10014,930,44352,[PERSISTENT],false,false,2,2,68066,
1431982403374,openiab.StoreService,cm.aptoide.pt,10148,0,54787,[],false,true,0,0,54797,
1431982403374,ch.unige.css.services.main.CssRegistryService,ch.unige.ping:background,10149,9975,85196929,[STARTED],false,true,0,0,85196940,
1431982403374,com.google.android.finsky.billing.iab.InAppBillingService,com.android.vending,10024,16601,104465177,[],false,true,1,1,105930647,
1431982403374,org.cyanogenmod.audiofx.HeadsetService,org.cyanogenmod.audiofx,10000,1289,67364,"[PERSISTENT,STARTED]",false,true,0,0,67374,
1431982463487,com.android.bluetooth.hid.HidService,com.android.bluetooth,1002,0,49150,[],false,true,0,0,49160,
1431982463487,com.cleanmaster.service.PermanentService,com.cleanmaster.mguard:service,10138,17133,94138,[STARTED],false,true,1,1,105918835,
1431982463487,com.google.android.music.dial.DialMediaRouteProviderService,com.google.android.music:main,10073,0,57202,[],false,true,0,0,57212,
1431982463487,ch.unige.css.services.PingService,ch.unige.ping,10149,1632,106209280,[STARTED],false,true,0,0,106209292,
1431982463487,com.google.android.search.core.service.BroadcastListenerService,com.google.android.googlequicksearchbox:search,10026,29282,75471,[STARTED],false,true,0,0,105919444,
1431982463487,com.android.systemui.keyguard.KeyguardService,com.android.systemui,10014,930,44352,[PERSISTENT],false,false,2,2,68066,
1431982463487,openiab.StoreService,cm.aptoide.pt,10148,0,54787,[],false,true,0,0,54797,
1431982463487,ch.unige.css.services.main.CssRegistryService,ch.unige.ping:background,10149,9975,85196929,[STARTED],false,true,0,0,85196940,
1431982463487,com.google.android.finsky.billing.iab.InAppBillingService,com.android.vending,10024,16601,104465177,[],false,true,1,1,105930647,
1431982463487,org.cyanogenmod.audiofx.HeadsetService,org.cyanogenmod.audiofx,10000,1289,67364,"[PERSISTENT,STARTED]",false,true,0,0,67374,
1431982523567,com.android.bluetooth.hid.HidService,com.android.bluetooth,1002,0,49150,[],false,true,0,0,49160,
1431982523567,com.cleanmaster.service.PermanentService,com.cleanmaster.mguard:service,10138,17133,94138,[STARTED],false,true,1,1,105918835,
1431982523567,com.google.android.music.dial.DialMediaRouteProviderService,com.google.android.music:main,10073,0,57202,[],false,true,0,0,57212,
1431982523567,ch.unige.css.services.PingService,ch.unige.ping,10149,1632,106269361,[STARTED],false,true,0,0,106269372,
1431982523567,com.google.android.search.core.service.BroadcastListenerService,com.google.android.googlequicksearchbox:search,10026,29282,75471,[STARTED],false,true,0,0,105919444,
1431982523567,com.android.systemui.keyguard.KeyguardService,com.android.systemui,10014,930,44352,[PERSISTENT],false,false,2,2,68066,
1431982523567,openiab.StoreService,cm.aptoide.pt,10148,0,54787,[],false,true,0,0,54797,
1431982523567,ch.unige.css.services.main.CssRegistryService,ch.unige.ping:background,10149,9975,85196929,[STARTED],false,true,0,0,85196940,
1431982523567,com.google.android.finsky.billing.iab.InAppBillingService,com.android.vending,10024,16601,104465177,[],false,true,1,1,105930647,
1431982523567,org.cyanogenmod.audiofx.HeadsetService,org.cyanogenmod.audiofx,10000,1289,67364,"[PERSISTENT,STARTED]",false,true,0,0,67374,
1431982583601,com.android.bluetooth.hid.HidService,com.android.bluetooth,1002,0,49150,[],false,true,0,0,49160,
1431982583601,com.cleanmaster.service.PermanentService,com.cleanmaster.mguard:service,10138,17133,94138,[STARTED],false,true,1,1,105918835,
1431982583601,com.google.android.music.dial.DialMediaRouteProviderService,com.google.android.music:main,10073,0,57202,[],false,true,0,0,57212,
1431982583601,ch.unige.css.services.PingService,ch.unige.ping,10149,1632,106329399,[STARTED],false,true,0,0,106329410,
1431982583601,com.google.android.search.core.service.BroadcastListenerService,com.google.android.googlequicksearchbox:search,10026,29282,75471,[STARTED],false,true,0,0,105919444,
1431982583601,com.android.systemui.keyguard.KeyguardService,com.android.systemui,10014,930,44352,[PERSISTENT],false,false,2,2,68066,
1431982583601,openiab.StoreService,cm.aptoide.pt,10148,0,54787,[],false,true,0,0,54797,
1431982583601,ch.unige.css.services.main.CssRegistryService,ch.unige.ping:background,10149,9975,85196929,[STARTED],false,true,0,0,85196940,
1431982583601,com.google.android.finsky.billing.iab.InAppBillingService,com.android.vending,10024,16601,104465177,[],false,true,1,1,105930647,
1431982583601,org.cyanogenmod.audiofx.HeadsetService,org.cyanogenmod.audiofx,10000,1289,67364,"[PERSISTENT,STARTED]",false,true,0,0,67374,
1431982643638,com.android.bluetooth.hid.HidService,com.android.bluetooth,1002,0,49150,[],false,true,0,0,49160,
1431982643638,com.cleanmaster.service.PermanentService,com.cleanmaster.mguard:service,10138,17133,94138,[STARTED],false,true,1,1,105918835,
1431982643638,com.google.android.music.dial.DialMediaRouteProviderService,com.google.android.music:main,10073,0,57202,[],false,true,0,0,57212,
1431982643638,ch.unige.css.services.PingService,ch.unige.ping,10149,1632,106389450,[STARTED],false,true,0,0,106389461,
1431982643638,com.google.android.search.core.service.BroadcastListenerService,com.google.android.googlequicksearchbox:search,10026,29282,75471,[STARTED],false,true,0,0,105919444,
1431982643638,com.android.systemui.keyguard.KeyguardService,com.android.systemui,10014,930,44352,[PERSISTENT],false,false,2,2,68066,
1431982643638,openiab.StoreService,cm.aptoide.pt,10148,0,54787,[],false,true,0,0,54797,
1431982643638,ch.unige.css.services.main.CssRegistryService,ch.unige.ping:background,10149,9975,85196929,[STARTED],false,true,0,0,85196940,
1431982643638,com.google.android.finsky.billing.iab.InAppBillingService,com.android.vending,10024,16601,104465177,[],false,true,1,1,105930647,
1431982643638,org.cyanogenmod.audiofx.HeadsetService,org.cyanogenmod.audiofx,10000,1289,67364,"[PERSISTENT,STARTED]",false,true,0,0,67374,
1431982703669,com.android.bluetooth.hid.HidService,com.android.bluetooth,1002,0,49150,[],false,true,0,0,49160,
1431982703669,com.cleanmaster.service.PermanentService,com.cleanmaster.mguard:service,10138,17133,94138,[STARTED],false,true,1,1,105918835,
1431982703669,com.google.android.music.dial.DialMediaRouteProviderService,com.google.android.music:main,10073,0,57202,[],false,true,0,0,57212,
1431982703669,ch.unige.css.services.PingService,ch.unige.ping,10149,1632,106449497,[STARTED],false,true,0,0,106449508,
1431982703669,com.google.android.search.core.service.BroadcastListenerService,com.google.android.googlequicksearchbox:search,10026,29282,75471,[STARTED],false,true,0,0,105919444,
1431982703669,com.android.systemui.keyguard.KeyguardService,com.android.systemui,10014,930,44352,[PERSISTENT],false,false,2,2,68066,
1431982703669,openiab.StoreService,cm.aptoide.pt,10148,0,54787,[],false,true,0,0,54797,
1431982703669,ch.unige.css.services.main.CssRegistryService,ch.unige.ping:background,10149,9975,85196929,[STARTED],false,true,0,0,85196940,
1431982703669,com.google.android.finsky.billing.iab.InAppBillingService,com.android.vending,10024,16601,104465177,[],false,true,1,1,105930647,
1431982703669,org.cyanogenmod.audiofx.HeadsetService,org.cyanogenmod.audiofx,10000,1289,67364,"[PERSISTENT,STARTED]",false,true,0,0,67374,
1431982763745,com.android.bluetooth.hid.HidService,com.android.bluetooth,1002,0,49150,[],false,true,0,0,49160,
1431982763745,com.cleanmaster.service.PermanentService,com.cleanmaster.mguard:service,10138,17133,94138,[STARTED],false,true,1,1,105918835,
1431982763745,com.google.android.music.dial.DialMediaRouteProviderService,com.google.android.music:main,10073,0,57202,[],false,true,0,0,57212,
1431982763745,ch.unige.css.services.PingService,ch.unige.ping,10149,1632,106509561,[STARTED],false,true,0,0,106509572,
1431982763745,com.google.android.search.core.service.BroadcastListenerService,com.google.android.googlequicksearchbox:search,10026,29282,75471,[STARTED],false,true,0,0,105919444,
1431982763745,com.android.systemui.keyguard.KeyguardService,com.android.systemui,10014,930,44352,[PERSISTENT],false,false,2,2,68066,
1431982763745,openiab.StoreService,cm.aptoide.pt,10148,0,54787,[],false,true,0,0,54797,
1431982763745,ch.unige.css.services.main.CssRegistryService,ch.unige.ping:background,10149,9975,85196929,[STARTED],false,true,0,0,85196940,
1431982763745,com.google.android.finsky.billing.iab.InAppBillingService,com.android.vending,10024,16601,104465177,[],false,true,1,1,105930647,
1431982763745,org.cyanogenmod.audiofx.HeadsetService,org.cyanogenmod.audiofx,10000,1289,67364,"[PERSISTENT,STARTED]",false,true,0,0,67374,
1431982823836,com.android.bluetooth.hid.HidService,com.android.bluetooth,1002,0,49150,[],false,true,0,0,49160,
1431982823836,com.cleanmaster.service.PermanentService,com.cleanmaster.mguard:service,10138,17133,94138,[STARTED],false,true,1,1,105918835,
1431982823836,com.google.android.music.dial.DialMediaRouteProviderService,com.google.android.music:main,10073,0,57202,[],false,true,0,0,57212,
1431982823836,ch.unige.css.services.PingService,ch.unige.ping,10149,1632,106569632,[STARTED],false,true,0,0,106569643,
1431982823836,com.google.android.search.core.service.BroadcastListenerService,com.google.android.googlequicksearchbox:search,10026,29282,75471,[STARTED],false,true,0,0,105919444,
1431982823836,com.android.systemui.keyguard.KeyguardService,com.android.systemui,10014,930,44352,[PERSISTENT],false,false,2,2,68066,
1431982823836,openiab.StoreService,cm.aptoide.pt,10148,0,54787,[],false,true,0,0,54797,
1431982823836,ch.unige.css.services.main.CssRegistryService,ch.unige.ping:background,10149,9975,85196929,[STARTED],false,true,0,0,85196940,
1431982823836,com.google.android.finsky.billing.iab.InAppBillingService,com.android.vending,10024,16601,104465177,[],false,true,1,1,105930647,
1431982823836,org.cyanogenmod.audiofx.HeadsetService,org.cyanogenmod.audiofx,10000,1289,67364,"[PERSISTENT,STARTED]",false,true,0,0,67374,
1431982883883,com.android.bluetooth.hid.HidService,com.android.bluetooth,1002,0,49150,[],false,true,0,0,49160,
1431982883883,com.cleanmaster.service.PermanentService,com.cleanmaster.mguard:service,10138,17133,94138,[STARTED],false,true,1,1,105918835,
1431982883883,com.google.android.music.dial.DialMediaRouteProviderService,com.google.android.music:main,10073,0,57202,[],false,true,0,0,57212,
1431982883883,ch.unige.css.services.PingService,ch.unige.ping,10149,1632,106629694,[STARTED],false,true,0,0,106629705,
1431982883883,com.google.android.search.core.service.BroadcastListenerService,com.google.android.googlequicksearchbox:search,10026,29282,75471,[STARTED],false,true,0,0,105919444,
1431982883883,com.android.systemui.keyguard.KeyguardService,com.android.systemui,10014,930,44352,[PERSISTENT],false,false,2,2,68066,
1431982883883,openiab.StoreService,cm.aptoide.pt,10148,0,54787,[],false,true,0,0,54797,
1431982883883,ch.unige.css.services.main.CssRegistryService,ch.unige.ping:background,10149,9975,85196929,[STARTED],false,true,0,0,85196940,
1431982883883,com.google.android.finsky.billing.iab.InAppBillingService,com.android.vending,10024,16601,104465177,[],false,true,1,1,105930647,
1431982883883,org.cyanogenmod.audiofx.HeadsetService,org.cyanogenmod.audiofx,10000,1289,67364,"[PERSISTENT,STARTED]",false,true,0,0,67374,
1431982944024,com.android.bluetooth.hid.HidService,com.android.bluetooth,1002,0,49150,[],false,true,0,0,49160,
1431982944024,com.cleanmaster.service.PermanentService,com.cleanmaster.mguard:service,10138,17133,94138,[STARTED],false,true,1,1,105918835,
1431982944024,com.google.android.music.dial.DialMediaRouteProviderService,com.google.android.music:main,10073,0,57202,[],false,true,0,0,57212,
1431982944024,ch.unige.css.services.PingService,ch.unige.ping,10149,1632,106689809,[STARTED],false,true,0,0,106689821,
1431982944024,com.google.android.search.core.service.BroadcastListenerService,com.google.android.googlequicksearchbox:search,10026,29282,75471,[STARTED],false,true,0,0,105919444,
1431982944024,com.android.systemui.keyguard.KeyguardService,com.android.systemui,10014,930,44352,[PERSISTENT],false,false,2,2,68066,
1431982944024,openiab.StoreService,cm.aptoide.pt,10148,0,54787,[],false,true,0,0,54797,
1431982944024,ch.unige.css.services.main.CssRegistryService,ch.unige.ping:background,10149,9975,85196929,[STARTED],false,true,0,0,85196940,
1431982944024,com.google.android.finsky.billing.iab.InAppBillingService,com.android.vending,10024,16601,104465177,[],false,true,1,1,105930647,
1431982944024,org.cyanogenmod.audiofx.HeadsetService,org.cyanogenmod.audiofx,10000,1289,67364,"[PERSISTENT,STARTED]",false,true,0,0,67374,
1431983004029,com.android.bluetooth.hid.HidService,com.android.bluetooth,1002,0,49150,[],false,true,0,0,49160,
1431983004029,com.cleanmaster.service.PermanentService,com.cleanmaster.mguard:service,10138,17133,94138,[STARTED],false,true,1,1,105918835,
1431983004029,com.google.android.music.dial.DialMediaRouteProviderService,com.google.android.music:main,10073,0,57202,[],false,true,0,0,57212,
1431983004029,ch.unige.css.services.PingService,ch.unige.ping,10149,1632,106749845,[STARTED],false,true,0,0,106749856,
1431983004029,com.google.android.search.core.service.BroadcastListenerService,com.google.android.googlequicksearchbox:search,10026,29282,75471,[STARTED],false,true,0,0,105919444,
1431983004029,com.android.systemui.keyguard.KeyguardService,com.android.systemui,10014,930,44352,[PERSISTENT],false,false,2,2,68066,
1431983004029,openiab.StoreService,cm.aptoide.pt,10148,0,54787,[],false,true,0,0,54797,
1431983004029,ch.unige.css.services.main.CssRegistryService,ch.unige.ping:background,10149,9975,85196929,[STARTED],false,true,0,0,85196940,
1431983004029,com.google.android.finsky.billing.iab.InAppBillingService,com.android.vending,10024,16601,104465177,[],false,true,1,1,105930647,
1431983004029,org.cyanogenmod.audiofx.HeadsetService,org.cyanogenmod.audiofx,10000,1289,67364,"[PERSISTENT,STARTED]",false,true,0,0,67374,
1431983064089,com.android.bluetooth.hid.HidService,com.android.bluetooth,1002,0,49150,[],false,true,0,0,49160,
1431983064089,com.cleanmaster.service.PermanentService,com.cleanmaster.mguard:service,10138,17133,94138,[STARTED],false,true,1,1,105918835,
1431983064089,com.google.android.music.dial.DialMediaRouteProviderService,com.google.android.music:main,10073,0,57202,[],false,true,0,0,57212,
1431983064089,ch.unige.css.services.PingService,ch.unige.ping,10149,1632,106809894,[STARTED],false,true,0,0,106809905,
1431983064089,com.google.android.search.core.service.BroadcastListenerService,com.google.android.googlequicksearchbox:search,10026,29282,75471,[STARTED],false,true,0,0,105919444,
1431983064089,com.android.systemui.keyguard.KeyguardService,com.android.systemui,10014,930,44352,[PERSISTENT],false,false,2,2,68066,
1431983064089,openiab.StoreService,cm.aptoide.pt,10148,0,54787,[],false,true,0,0,54797,
1431983064089,ch.unige.css.services.main.CssRegistryService,ch.unige.ping:background,10149,9975,85196929,[STARTED],false,true,0,0,85196940,
1431983064089,com.google.android.finsky.billing.iab.InAppBillingService,com.android.vending,10024,16601,104465177,[],false,true,1,1,105930647,
1431983064089,org.cyanogenmod.audiofx.HeadsetService,org.cyanogenmod.audiofx,10000,1289,67364,"[PERSISTENT,STARTED]",false,true,0,0,67374,
1431983124099,com.android.bluetooth.hid.HidService,com.android.bluetooth,1002,0,49150,[],false,true,0,0,49160,
1431983124099,com.cleanmaster.service.PermanentService,com.cleanmaster.mguard:service,10138,17133,94138,[STARTED],false,true,1,1,105918835,
1431983124099,com.google.android.music.dial.DialMediaRouteProviderService,com.google.android.music:main,10073,0,57202,[],false,true,0,0,57212,
1431983124099,ch.unige.css.services.PingService,ch.unige.ping,10149,1632,106869928,[STARTED],false,true,0,0,106869939,
1431983124099,com.google.android.search.core.service.BroadcastListenerService,com.google.android.googlequicksearchbox:search,10026,29282,75471,[STARTED],false,true,0,0,105919444,
1431983124099,com.android.systemui.keyguard.KeyguardService,com.android.systemui,10014,930,44352,[PERSISTENT],false,false,2,2,68066,
1431983124099,openiab.StoreService,cm.aptoide.pt,10148,0,54787,[],false,true,0,0,54797,
1431983124099,ch.unige.css.services.main.CssRegistryService,ch.unige.ping:background,10149,9975,85196929,[STARTED],false,true,0,0,85196940,
1431983124099,com.google.android.finsky.billing.iab.InAppBillingService,com.android.vending,10024,16601,104465177,[],false,true,1,1,105930647,
1431983124099,org.cyanogenmod.audiofx.HeadsetService,org.cyanogenmod.audiofx,10000,1289,67364,"[PERSISTENT,STARTED]",false,true,0,0,67374,
1431983184174,com.android.bluetooth.hid.HidService,com.android.bluetooth,1002,0,49150,[],false,true,0,0,49160,
1431983184174,com.cleanmaster.service.PermanentService,com.cleanmaster.mguard:service,10138,17133,94138,[STARTED],false,true,1,1,105918835,
1431983184174,com.google.android.music.dial.DialMediaRouteProviderService,com.google.android.music:main,10073,0,57202,[],false,true,0,0,57212,
1431983184174,ch.unige.css.services.PingService,ch.unige.ping,10149,1632,106929965,[STARTED],false,true,0,0,106929977,
1431983184174,com.google.android.search.core.service.BroadcastListenerService,com.google.android.googlequicksearchbox:search,10026,29282,75471,[STARTED],false,true,0,0,105919444,
1431983184174,com.android.systemui.keyguard.KeyguardService,com.android.systemui,10014,930,44352,[PERSISTENT],false,false,2,2,68066,
1431983184174,openiab.StoreService,cm.aptoide.pt,10148,0,54787,[],false,true,0,0,54797,
1431983184174,ch.unige.css.services.main.CssRegistryService,ch.unige.ping:background,10149,9975,85196929,[STARTED],false,true,0,0,85196940,
1431983184174,com.google.android.finsky.billing.iab.InAppBillingService,com.android.vending,10024,16601,104465177,[],false,true,1,1,105930647,
1431983184174,org.cyanogenmod.audiofx.HeadsetService,org.cyanogenmod.audiofx,10000,1289,67364,"[PERSISTENT,STARTED]",false,true,0,0,67374,
1431983244213,com.android.bluetooth.hid.HidService,com.android.bluetooth,1002,0,49150,[],false,true,0,0,49160,
1431983244213,com.cleanmaster.service.PermanentService,com.cleanmaster.mguard:service,10138,17133,94138,[STARTED],false,true,1,1,105918835,
1431983244213,com.google.android.music.dial.DialMediaRouteProviderService,com.google.android.music:main,10073,0,57202,[],false,true,0,0,57212,
1431983244213,ch.unige.css.services.PingService,ch.unige.ping,10149,1632,106990039,[STARTED],false,true,0,0,106990050,
1431983244213,com.google.android.search.core.service.BroadcastListenerService,com.google.android.googlequicksearchbox:search,10026,29282,75471,[STARTED],false,true,0,0,105919444,
1431983244213,com.android.systemui.keyguard.KeyguardService,com.android.systemui,10014,930,44352,[PERSISTENT],false,false,2,2,68066,
1431983244213,openiab.StoreService,cm.aptoide.pt,10148,0,54787,[],false,true,0,0,54797,
1431983244213,ch.unige.css.services.main.CssRegistryService,ch.unige.ping:background,10149,9975,85196929,[STARTED],false,true,0,0,85196940,
1431983244213,com.google.android.finsky.billing.iab.InAppBillingService,com.android.vending,10024,16601,104465177,[],false,true,1,1,105930647,
1431983244213,org.cyanogenmod.audiofx.HeadsetService,org.cyanogenmod.audiofx,10000,1289,67364,"[PERSISTENT,STARTED]",false,true,0,0,67374,
1431983304288,com.android.bluetooth.hid.HidService,com.android.bluetooth,1002,0,49150,[],false,true,0,0,49160,
1431983304288,com.cleanmaster.service.PermanentService,com.cleanmaster.mguard:service,10138,17133,94138,[STARTED],false,true,1,1,105918835,
1431983304288,com.google.android.music.dial.DialMediaRouteProviderService,com.google.android.music:main,10073,0,57202,[],false,true,0,0,57212,
1431983304288,ch.unige.css.services.PingService,ch.unige.ping,10149,1632,107050096,[STARTED],false,true,0,0,107050107,
1431983304288,com.google.android.search.core.service.BroadcastListenerService,com.google.android.googlequicksearchbox:search,10026,29282,75471,[STARTED],false,true,0,0,105919444,
1431983304288,com.android.systemui.keyguard.KeyguardService,com.android.systemui,10014,930,44352,[PERSISTENT],false,false,2,2,68066,
1431983304288,openiab.StoreService,cm.aptoide.pt,10148,0,54787,[],false,true,0,0,54797,
1431983304288,ch.unige.css.services.main.CssRegistryService,ch.unige.ping:background,10149,9975,85196929,[STARTED],false,true,0,0,85196940,
1431983304288,com.google.android.finsky.billing.iab.InAppBillingService,com.android.vending,10024,16601,104465177,[],false,true,1,1,105930647,
1431983304288,org.cyanogenmod.audiofx.HeadsetService,org.cyanogenmod.audiofx,10000,1289,67364,"[PERSISTENT,STARTED]",false,true,0,0,67374,
1431983364304,com.android.bluetooth.hid.HidService,com.android.bluetooth,1002,0,49150,[],false,true,0,0,49160,
1431983364304,com.cleanmaster.service.PermanentService,com.cleanmaster.mguard:service,10138,17133,94138,[STARTED],false,true,1,1,105918835,
1431983364304,com.google.android.music.dial.DialMediaRouteProviderService,com.google.android.music:main,10073,0,57202,[],false,true,0,0,57212,
1431983364304,ch.unige.css.services.PingService,ch.unige.ping,10149,1632,107110123,[STARTED],false,true,0,0,107110135,
1431983364304,com.google.android.search.core.service.BroadcastListenerService,com.google.android.googlequicksearchbox:search,10026,29282,75471,[STARTED],false,true,0,0,105919444,
1431983364304,com.android.systemui.keyguard.KeyguardService,com.android.systemui,10014,930,44352,[PERSISTENT],false,false,2,2,68066,
1431983364304,openiab.StoreService,cm.aptoide.pt,10148,0,54787,[],false,true,0,0,54797,
1431983364304,ch.unige.css.services.main.CssRegistryService,ch.unige.ping:background,10149,9975,85196929,[STARTED],false,true,0,0,85196940,
1431983364304,com.google.android.finsky.billing.iab.InAppBillingService,com.android.vending,10024,16601,104465177,[],false,true,1,1,105930647,
1431983364304,org.cyanogenmod.audiofx.HeadsetService,org.cyanogenmod.audiofx,10000,1289,67364,"[PERSISTENT,STARTED]",false,true,0,0,67374,
1431983424421,com.android.bluetooth.hid.HidService,com.android.bluetooth,1002,0,49150,[],false,true,0,0,49160,
1431983424421,com.cleanmaster.service.PermanentService,com.cleanmaster.mguard:service,10138,17133,94138,[STARTED],false,true,1,1,105918835,
1431983424421,com.google.android.music.dial.DialMediaRouteProviderService,com.google.android.music:main,10073,0,57202,[],false,true,0,0,57212,
1431983424421,ch.unige.css.services.PingService,ch.unige.ping,10149,1632,107170201,[STARTED],false,true,0,0,107170213,
1431983424421,com.google.android.search.core.service.BroadcastListenerService,com.google.android.googlequicksearchbox:search,10026,29282,75471,[STARTED],false,true,0,0,105919444,
1431983424421,com.android.systemui.keyguard.KeyguardService,com.android.systemui,10014,930,44352,[PERSISTENT],false,false,2,2,68066,
1431983424421,openiab.StoreService,cm.aptoide.pt,10148,0,54787,[],false,true,0,0,54797,
1431983424421,ch.unige.css.services.main.CssRegistryService,ch.unige.ping:background,10149,9975,85196929,[STARTED],false,true,0,0,85196940,
1431983424421,com.google.android.finsky.billing.iab.InAppBillingService,com.android.vending,10024,16601,104465177,[],false,true,1,1,105930647,
1431983424421,org.cyanogenmod.audiofx.HeadsetService,org.cyanogenmod.audiofx,10000,1289,67364,"[PERSISTENT,STARTED]",false,true,0,0,67374,
1431983484451,com.android.bluetooth.hid.HidService,com.android.bluetooth,1002,0,49150,[],false,true,0,0,49160,
1431983484451,com.cleanmaster.service.PermanentService,com.cleanmaster.mguard:service,10138,17133,94138,[STARTED],false,true,1,1,105918835,
1431983484451,com.google.android.music.dial.DialMediaRouteProviderService,com.google.android.music:main,10073,0,57202,[],false,true,0,0,57212,
1431983484451,ch.unige.css.services.PingService,ch.unige.ping,10149,1632,107230255,[STARTED],false,true,0,0,107230266,
1431983484451,com.google.android.search.core.service.BroadcastListenerService,com.google.android.googlequicksearchbox:search,10026,29282,75471,[STARTED],false,true,0,0,105919444,
1431983484451,com.android.systemui.keyguard.KeyguardService,com.android.systemui,10014,930,44352,[PERSISTENT],false,false,2,2,68066,
1431983484451,openiab.StoreService,cm.aptoide.pt,10148,0,54787,[],false,true,0,0,54797,
1431983484451,ch.unige.css.services.main.CssRegistryService,ch.unige.ping:background,10149,9975,85196929,[STARTED],false,true,0,0,85196940,
1431983484451,com.google.android.finsky.billing.iab.InAppBillingService,com.android.vending,10024,16601,104465177,[],false,true,1,1,105930647,
1431983484451,org.cyanogenmod.audiofx.HeadsetService,org.cyanogenmod.audiofx,10000,1289,67364,"[PERSISTENT,STARTED]",false,true,0,0,67374,
1431983544500,com.android.bluetooth.hid.HidService,com.android.bluetooth,1002,0,49150,[],false,true,0,0,49160,
1431983544500,com.cleanmaster.service.PermanentService,com.cleanmaster.mguard:service,10138,17133,94138,[STARTED],false,true,1,1,105918835,
1431983544500,com.google.android.music.dial.DialMediaRouteProviderService,com.google.android.music:main,10073,0,57202,[],false,true,0,0,57212,
1431983544500,ch.unige.css.services.PingService,ch.unige.ping,10149,1632,107290312,[STARTED],false,true,0,0,107290323,
1431983544500,com.google.android.search.core.service.BroadcastListenerService,com.google.android.googlequicksearchbox:search,10026,29282,75471,[STARTED],false,true,0,0,105919444,
1431983544500,com.android.systemui.keyguard.KeyguardService,com.android.systemui,10014,930,44352,[PERSISTENT],false,false,2,2,68066,
1431983544500,openiab.StoreService,cm.aptoide.pt,10148,0,54787,[],false,true,0,0,54797,
1431983544500,ch.unige.css.services.main.CssRegistryService,ch.unige.ping:background,10149,9975,85196929,[STARTED],false,true,0,0,85196940,
1431983544500,com.google.android.finsky.billing.iab.InAppBillingService,com.android.vending,10024,16601,104465177,[],false,true,1,1,105930647,
1431983544500,org.cyanogenmod.audiofx.HeadsetService,org.cyanogenmod.audiofx,10000,1289,67364,"[PERSISTENT,STARTED]",false,true,0,0,67374,
1431983604553,com.android.bluetooth.hid.HidService,com.android.bluetooth,1002,0,49150,[],false,true,0,0,49160,
1431983604553,com.cleanmaster.service.PermanentService,com.cleanmaster.mguard:service,10138,17133,94138,[STARTED],false,true,1,1,105918835,
1431983604553,com.google.android.music.dial.DialMediaRouteProviderService,com.google.android.music:main,10073,0,57202,[],false,true,0,0,57212,
1431983604553,ch.unige.css.services.PingService,ch.unige.ping,10149,1632,107350369,[STARTED],false,true,0,0,107350380,
1431983604553,com.google.android.search.core.service.BroadcastListenerService,com.google.android.googlequicksearchbox:search,10026,29282,75471,[STARTED],false,true,0,0,105919444,
1431983604553,com.android.systemui.keyguard.KeyguardService,com.android.systemui,10014,930,44352,[PERSISTENT],false,false,2,2,68066,
1431983604553,openiab.StoreService,cm.aptoide.pt,10148,0,54787,[],false,true,0,0,54797,
1431983604553,ch.unige.css.services.main.CssRegistryService,ch.unige.ping:background,10149,9975,85196929,[STARTED],false,true,0,0,85196940,
1431983604553,com.google.android.finsky.billing.iab.InAppBillingService,com.android.vending,10024,16601,104465177,[],false,true,1,1,105930647,
1431983604553,org.cyanogenmod.audiofx.HeadsetService,org.cyanogenmod.audiofx,10000,1289,67364,"[PERSISTENT,STARTED]",false,true,0,0,67374,
1431983664602,com.android.bluetooth.hid.HidService,com.android.bluetooth,1002,0,49150,[],false,true,0,0,49160,
1431983664602,com.cleanmaster.service.PermanentService,com.cleanmaster.mguard:service,10138,17133,94138,[STARTED],false,true,1,1,105918835,
1431983664602,com.google.android.music.dial.DialMediaRouteProviderService,com.google.android.music:main,10073,0,57202,[],false,true,0,0,57212,
1431983664602,ch.unige.css.services.PingService,ch.unige.ping,10149,1632,107410420,[STARTED],false,true,0,0,107410431,
1431983664602,com.google.android.search.core.service.BroadcastListenerService,com.google.android.googlequicksearchbox:search,10026,29282,75471,[STARTED],false,true,0,0,105919444,
1431983664602,com.android.systemui.keyguard.KeyguardService,com.android.systemui,10014,930,44352,[PERSISTENT],false,false,2,2,68066,
1431983664602,openiab.StoreService,cm.aptoide.pt,10148,0,54787,[],false,true,0,0,54797,
1431983664602,ch.unige.css.services.main.CssRegistryService,ch.unige.ping:background,10149,9975,85196929,[STARTED],false,true,0,0,85196940,
1431983664602,com.google.android.finsky.billing.iab.InAppBillingService,com.android.vending,10024,16601,104465177,[],false,true,1,1,105930647,
1431983664602,org.cyanogenmod.audiofx.HeadsetService,org.cyanogenmod.audiofx,10000,1289,67364,"[PERSISTENT,STARTED]",false,true,0,0,67374,
1431983724681,com.android.bluetooth.hid.HidService,com.android.bluetooth,1002,0,49150,[],false,true,0,0,49160,
1431983724681,com.cleanmaster.service.PermanentService,com.cleanmaster.mguard:service,10138,17133,94138,[STARTED],false,true,1,1,105918835,
1431983724681,com.google.android.music.dial.DialMediaRouteProviderService,com.google.android.music:main,10073,0,57202,[],false,true,0,0,57212,
1431983724681,ch.unige.css.services.PingService,ch.unige.ping,10149,1632,107470491,[STARTED],false,true,0,0,107470502,
1431983724681,com.google.android.search.core.service.BroadcastListenerService,com.google.android.googlequicksearchbox:search,10026,29282,75471,[STARTED],false,true,0,0,105919444,
1431983724681,com.android.systemui.keyguard.KeyguardService,com.android.systemui,10014,930,44352,[PERSISTENT],false,false,2,2,68066,
1431983724681,openiab.StoreService,cm.aptoide.pt,10148,0,54787,[],false,true,0,0,54797,
1431983724681,ch.unige.css.services.main.CssRegistryService,ch.unige.ping:background,10149,9975,85196929,[STARTED],false,true,0,0,85196940,
1431983724681,com.google.android.finsky.billing.iab.InAppBillingService,com.android.vending,10024,16601,104465177,[],false,true,1,1,105930647,
1431983724681,org.cyanogenmod.audiofx.HeadsetService,org.cyanogenmod.audiofx,10000,1289,67364,"[PERSISTENT,STARTED]",false,true,0,0,67374,
1431983784754,com.android.bluetooth.hid.HidService,com.android.bluetooth,1002,0,49150,[],false,true,0,0,49160,
1431983784754,com.cleanmaster.service.PermanentService,com.cleanmaster.mguard:service,10138,17133,94138,[STARTED],false,true,1,1,105918835,
1431983784754,com.google.android.music.dial.DialMediaRouteProviderService,com.google.android.music:main,10073,0,57202,[],false,true,0,0,57212,
1431983784754,ch.unige.css.services.PingService,ch.unige.ping,10149,1632,107530554,[STARTED],false,true,0,0,107530565,
1431983784754,com.google.android.search.core.service.BroadcastListenerService,com.google.android.googlequicksearchbox:search,10026,29282,75471,[STARTED],false,true,0,0,105919444,
1431983784754,com.android.systemui.keyguard.KeyguardService,com.android.systemui,10014,930,44352,[PERSISTENT],false,false,2,2,68066,
1431983784754,openiab.StoreService,cm.aptoide.pt,10148,0,54787,[],false,true,0,0,54797,
1431983784754,ch.unige.css.services.main.CssRegistryService,ch.unige.ping:background,10149,9975,85196929,[STARTED],false,true,0,0,85196940,
1431983784754,com.google.android.finsky.billing.iab.InAppBillingService,com.android.vending,10024,16601,104465177,[],false,true,1,1,105930647,
1431983784754,org.cyanogenmod.audiofx.HeadsetService,org.cyanogenmod.audiofx,10000,1289,67364,"[PERSISTENT,STARTED]",false,true,0,0,67374,
1431983844787,com.android.bluetooth.hid.HidService,com.android.bluetooth,1002,0,49150,[],false,true,0,0,49160,
1431983844787,com.cleanmaster.service.PermanentService,com.cleanmaster.mguard:service,10138,17133,94138,[STARTED],false,true,1,1,105918835,
1431983844787,com.google.android.music.dial.DialMediaRouteProviderService,com.google.android.music:main,10073,0,57202,[],false,true,0,0,57212,
1431983844787,ch.unige.css.services.PingService,ch.unige.ping,10149,1632,107590602,[STARTED],false,true,0,0,107590613,
1431983844787,com.google.android.search.core.service.BroadcastListenerService,com.google.android.googlequicksearchbox:search,10026,29282,75471,[STARTED],false,true,0,0,105919444,
1431983844787,com.android.systemui.keyguard.KeyguardService,com.android.systemui,10014,930,44352,[PERSISTENT],false,false,2,2,68066,
1431983844787,openiab.StoreService,cm.aptoide.pt,10148,0,54787,[],false,true,0,0,54797,
1431983844787,ch.unige.css.services.main.CssRegistryService,ch.unige.ping:background,10149,9975,85196929,[STARTED],false,true,0,0,85196940,
1431983844787,com.google.android.finsky.billing.iab.InAppBillingService,com.android.vending,10024,16601,104465177,[],false,true,1,1,105930647,
1431983844787,org.cyanogenmod.audiofx.HeadsetService,org.cyanogenmod.audiofx,10000,1289,67364,"[PERSISTENT,STARTED]",false,true,0,0,67374,
1431983904904,com.android.bluetooth.hid.HidService,com.android.bluetooth,1002,0,49150,[],false,true,0,0,49160,
1431983904904,com.cleanmaster.service.PermanentService,com.cleanmaster.mguard:service,10138,17133,94138,[STARTED],false,true,1,1,105918835,
1431983904904,com.google.android.music.dial.DialMediaRouteProviderService,com.google.android.music:main,10073,0,57202,[],false,true,0,0,57212,
1431983904904,ch.unige.css.services.PingService,ch.unige.ping,10149,1632,107650682,[STARTED],false,true,0,0,107650693,
1431983904904,com.google.android.search.core.service.BroadcastListenerService,com.google.android.googlequicksearchbox:search,10026,29282,75471,[STARTED],false,true,0,0,105919444,
1431983904904,com.android.systemui.keyguard.KeyguardService,com.android.systemui,10014,930,44352,[PERSISTENT],false,false,2,2,68066,
1431983904904,openiab.StoreService,cm.aptoide.pt,10148,0,54787,[],false,true,0,0,54797,
1431983904904,ch.unige.css.services.main.CssRegistryService,ch.unige.ping:background,10149,9975,85196929,[STARTED],false,true,0,0,85196940,
1431983904904,com.google.android.finsky.billing.iab.InAppBillingService,com.android.vending,10024,16601,104465177,[],false,true,1,1,105930647,
1431983904904,org.cyanogenmod.audiofx.HeadsetService,org.cyanogenmod.audiofx,10000,1289,67364,"[PERSISTENT,STARTED]",false,true,0,0,67374,
1431983964954,com.android.bluetooth.hid.HidService,com.android.bluetooth,1002,0,49150,[],false,true,0,0,49160,
1431983964954,com.cleanmaster.service.PermanentService,com.cleanmaster.mguard:service,10138,17133,94138,[STARTED],false,true,1,1,105918835,
1431983964954,com.google.android.music.dial.DialMediaRouteProviderService,com.google.android.music:main,10073,0,57202,[],false,true,0,0,57212,
1431983964954,ch.unige.css.services.PingService,ch.unige.ping,10149,1632,107710764,[STARTED],false,true,0,0,107710776,
1431983964954,com.google.android.search.core.service.BroadcastListenerService,com.google.android.googlequicksearchbox:search,10026,29282,75471,[STARTED],false,true,0,0,105919444,
1431983964954,com.android.systemui.keyguard.KeyguardService,com.android.systemui,10014,930,44352,[PERSISTENT],false,false,2,2,68066,
1431983964954,openiab.StoreService,cm.aptoide.pt,10148,0,54787,[],false,true,0,0,54797,
1431983964954,ch.unige.css.services.main.CssRegistryService,ch.unige.ping:background,10149,9975,85196929,[STARTED],false,true,0,0,85196940,
1431983964954,com.google.android.finsky.billing.iab.InAppBillingService,com.android.vending,10024,16601,104465177,[],false,true,1,1,105930647,
1431983964954,org.cyanogenmod.audiofx.HeadsetService,org.cyanogenmod.audiofx,10000,1289,67364,"[PERSISTENT,STARTED]",false,true,0,0,67374,
1431984025081,com.android.bluetooth.hid.HidService,com.android.bluetooth,1002,0,49150,[],false,true,0,0,49160,
1431984025081,com.cleanmaster.service.PermanentService,com.cleanmaster.mguard:service,10138,17133,94138,[STARTED],false,true,1,1,105918835,
1431984025081,com.google.android.music.dial.DialMediaRouteProviderService,com.google.android.music:main,10073,0,57202,[],false,true,0,0,57212,
1431984025081,ch.unige.css.services.PingService,ch.unige.ping,10149,1632,107770846,[STARTED],false,true,0,0,107770857,
1431984025081,com.google.android.search.core.service.BroadcastListenerService,com.google.android.googlequicksearchbox:search,10026,29282,75471,[STARTED],false,true,0,0,105919444,
1431984025081,com.android.systemui.keyguard.KeyguardService,com.android.systemui,10014,930,44352,[PERSISTENT],false,false,2,2,68066,
1431984025081,openiab.StoreService,cm.aptoide.pt,10148,0,54787,[],false,true,0,0,54797,
1431984025081,ch.unige.css.services.main.CssRegistryService,ch.unige.ping:background,10149,9975,85196929,[STARTED],false,true,0,0,85196940,
1431984025081,com.google.android.finsky.billing.iab.InAppBillingService,com.android.vending,10024,16601,104465177,[],false,true,1,1,105930647,
1431984025081,org.cyanogenmod.audiofx.HeadsetService,org.cyanogenmod.audiofx,10000,1289,67364,"[PERSISTENT,STARTED]",false,true,0,0,67374,
1431984085124,com.android.bluetooth.hid.HidService,com.android.bluetooth,1002,0,49150,[],false,true,0,0,49160,
1431984085124,com.cleanmaster.service.PermanentService,com.cleanmaster.mguard:service,10138,17133,94138,[STARTED],false,true,1,1,105918835,
1431984085124,com.google.android.music.dial.DialMediaRouteProviderService,com.google.android.music:main,10073,0,57202,[],false,true,0,0,57212,
1431984085124,ch.unige.css.services.PingService,ch.unige.ping,10149,1632,107830896,[STARTED],false,true,0,0,107830908,
1431984085124,com.google.android.search.core.service.BroadcastListenerService,com.google.android.googlequicksearchbox:search,10026,29282,75471,[STARTED],false,true,0,0,105919444,
1431984085124,com.android.systemui.keyguard.KeyguardService,com.android.systemui,10014,930,44352,[PERSISTENT],false,false,2,2,68066,
1431984085124,openiab.StoreService,cm.aptoide.pt,10148,0,54787,[],false,true,0,0,54797,
1431984085124,ch.unige.css.services.main.CssRegistryService,ch.unige.ping:background,10149,9975,85196929,[STARTED],false,true,0,0,85196940,
1431984085124,com.google.android.finsky.billing.iab.InAppBillingService,com.android.vending,10024,16601,104465177,[],false,true,1,1,105930647,
1431984085124,org.cyanogenmod.audiofx.HeadsetService,org.cyanogenmod.audiofx,10000,1289,67364,"[PERSISTENT,STARTED]",false,true,0,0,67374,
1431984145203,com.android.bluetooth.hid.HidService,com.android.bluetooth,1002,0,49150,[],false,true,0,0,49160,
1431984145203,com.cleanmaster.service.PermanentService,com.cleanmaster.mguard:service,10138,17133,94138,[STARTED],false,true,1,1,107881451,
1431984145203,com.google.android.music.dial.DialMediaRouteProviderService,com.google.android.music:main,10073,0,57202,[],false,true,0,0,57212,
1431984145203,ch.unige.css.services.PingService,ch.unige.ping,10149,1632,107891013,[STARTED],false,true,0,0,107891025,
1431984145203,com.google.android.search.core.service.BroadcastListenerService,com.google.android.googlequicksearchbox:search,10026,29282,75471,[STARTED],false,true,0,0,105919444,
1431984145203,com.android.systemui.keyguard.KeyguardService,com.android.systemui,10014,930,44352,[PERSISTENT],false,false,2,2,68066,
1431984145203,openiab.StoreService,cm.aptoide.pt,10148,0,54787,[],false,true,0,0,54797,
1431984145203,ch.unige.css.services.main.CssRegistryService,ch.unige.ping:background,10149,9975,85196929,[STARTED],false,true,0,0,85196940,
1431984145203,com.google.android.finsky.billing.iab.InAppBillingService,com.android.vending,10024,16601,104465177,[],false,true,1,1,105930647,
1431984145203,org.cyanogenmod.audiofx.HeadsetService,org.cyanogenmod.audiofx,10000,1289,67364,"[PERSISTENT,STARTED]",false,true,0,0,67374,
1431984205239,com.android.bluetooth.hid.HidService,com.android.bluetooth,1002,0,49150,[],false,true,0,0,49160,
1431984205239,com.cleanmaster.service.PermanentService,com.cleanmaster.mguard:service,10138,17133,94138,[STARTED],false,true,1,1,107881451,
1431984205239,com.google.android.music.dial.DialMediaRouteProviderService,com.google.android.music:main,10073,0,57202,[],false,true,0,0,57212,
1431984205239,ch.unige.css.services.PingService,ch.unige.ping,10149,1632,107951049,[STARTED],false,true,0,0,107951060,
1431984205239,com.google.android.search.core.service.BroadcastListenerService,com.google.android.googlequicksearchbox:search,10026,29282,75471,[STARTED],false,true,0,0,105919444,
1431984205239,com.android.systemui.keyguard.KeyguardService,com.android.systemui,10014,930,44352,[PERSISTENT],false,false,2,2,68066,
1431984205239,openiab.StoreService,cm.aptoide.pt,10148,0,54787,[],false,true,0,0,54797,
1431984205239,ch.unige.css.services.main.CssRegistryService,ch.unige.ping:background,10149,9975,85196929,[STARTED],false,true,0,0,85196940,
1431984205239,com.google.android.finsky.billing.iab.InAppBillingService,com.android.vending,10024,16601,104465177,[],false,true,1,1,105930647,
1431984205239,org.cyanogenmod.audiofx.HeadsetService,org.cyanogenmod.audiofx,10000,1289,67364,"[PERSISTENT,STARTED]",false,true,0,0,67374,
1431984265279,com.android.bluetooth.hid.HidService,com.android.bluetooth,1002,0,49150,[],false,true,0,0,49160,
1431984265279,com.cleanmaster.service.PermanentService,com.cleanmaster.mguard:service,10138,17133,94138,[STARTED],false,true,1,1,107881451,
1431984265279,com.google.android.music.dial.DialMediaRouteProviderService,com.google.android.music:main,10073,0,57202,[],false,true,0,0,57212,
1431984265279,ch.unige.css.services.PingService,ch.unige.ping,10149,1632,108011094,[STARTED],false,true,0,0,108011105,
1431984265279,com.google.android.search.core.service.BroadcastListenerService,com.google.android.googlequicksearchbox:search,10026,29282,75471,[STARTED],false,true,0,0,105919444,
1431984265279,com.android.systemui.keyguard.KeyguardService,com.android.systemui,10014,930,44352,[PERSISTENT],false,false,2,2,68066,
1431984265279,openiab.StoreService,cm.aptoide.pt,10148,0,54787,[],false,true,0,0,54797,
1431984265279,ch.unige.css.services.main.CssRegistryService,ch.unige.ping:background,10149,9975,85196929,[STARTED],false,true,0,0,85196940,
1431984265279,com.google.android.finsky.billing.iab.InAppBillingService,com.android.vending,10024,16601,104465177,[],false,true,1,1,105930647,
1431984265279,org.cyanogenmod.audiofx.HeadsetService,org.cyanogenmod.audiofx,10000,1289,67364,"[PERSISTENT,STARTED]",false,true,0,0,67374,
1431984325345,com.android.bluetooth.hid.HidService,com.android.bluetooth,1002,0,49150,[],false,true,0,0,49160,
1431984325345,com.cleanmaster.service.PermanentService,com.cleanmaster.mguard:service,10138,17133,94138,[STARTED],false,true,1,1,107881451,
1431984325345,com.google.android.music.dial.DialMediaRouteProviderService,com.google.android.music:main,10073,0,57202,[],false,true,0,0,57212,
1431984325345,ch.unige.css.services.PingService,ch.unige.ping,10149,1632,108071152,[STARTED],false,true,0,0,108071163,
1431984325345,com.google.android.search.core.service.BroadcastListenerService,com.google.android.googlequicksearchbox:search,10026,29282,75471,[STARTED],false,true,0,0,105919444,
1431984325345,com.android.systemui.keyguard.KeyguardService,com.android.systemui,10014,930,44352,[PERSISTENT],false,false,2,2,68066,
1431984325345,openiab.StoreService,cm.aptoide.pt,10148,0,54787,[],false,true,0,0,54797,
1431984325345,ch.unige.css.services.main.CssRegistryService,ch.unige.ping:background,10149,9975,85196929,[STARTED],false,true,0,0,85196940,
1431984325345,com.google.android.finsky.billing.iab.InAppBillingService,com.android.vending,10024,16601,104465177,[],false,true,1,1,105930647,
1431984325345,org.cyanogenmod.audiofx.HeadsetService,org.cyanogenmod.audiofx,10000,1289,67364,"[PERSISTENT,STARTED]",false,true,0,0,67374,
1431984385446,com.android.bluetooth.hid.HidService,com.android.bluetooth,1002,0,49150,[],false,true,0,0,49160,
1431984385446,com.cleanmaster.service.PermanentService,com.cleanmaster.mguard:service,10138,17133,94138,[STARTED],false,true,1,1,107881451,
1431984385446,com.google.android.music.dial.DialMediaRouteProviderService,com.google.android.music:main,10073,0,57202,[],false,true,0,0,57212,
1431984385446,ch.unige.css.services.PingService,ch.unige.ping,10149,1632,108131223,[STARTED],false,true,0,0,108131234,
1431984385446,com.google.android.search.core.service.BroadcastListenerService,com.google.android.googlequicksearchbox:search,10026,29282,75471,[STARTED],false,true,0,0,105919444,
1431984385446,com.android.systemui.keyguard.KeyguardService,com.android.systemui,10014,930,44352,[PERSISTENT],false,false,2,2,68066,
1431984385446,openiab.StoreService,cm.aptoide.pt,10148,0,54787,[],false,true,0,0,54797,
1431984385446,ch.unige.css.services.main.CssRegistryService,ch.unige.ping:background,10149,9975,85196929,[STARTED],false,true,0,0,85196940,
1431984385446,com.google.android.finsky.billing.iab.InAppBillingService,com.android.vending,10024,16601,104465177,[],false,true,1,1,105930647,
1431984385446,org.cyanogenmod.audiofx.HeadsetService,org.cyanogenmod.audiofx,10000,1289,67364,"[PERSISTENT,STARTED]",false,true,0,0,67374,
1431984445531,com.android.bluetooth.hid.HidService,com.android.bluetooth,1002,0,49150,[],false,true,0,0,49160,
1431984445531,com.cleanmaster.service.PermanentService,com.cleanmaster.mguard:service,10138,17133,94138,[STARTED],false,true,1,1,107881451,
1431984445531,com.google.android.music.dial.DialMediaRouteProviderService,com.google.android.music:main,10073,0,57202,[],false,true,0,0,57212,
1431984445531,ch.unige.css.services.PingService,ch.unige.ping,10149,1632,108191315,[STARTED],false,true,0,0,108191326,
1431984445531,com.google.android.search.core.service.BroadcastListenerService,com.google.android.googlequicksearchbox:search,10026,29282,75471,[STARTED],false,true,0,0,105919444,
1431984445531,com.android.systemui.keyguard.KeyguardService,com.android.systemui,10014,930,44352,[PERSISTENT],false,false,2,2,68066,
1431984445531,openiab.StoreService,cm.aptoide.pt,10148,0,54787,[],false,true,0,0,54797,
1431984445531,ch.unige.css.services.main.CssRegistryService,ch.unige.ping:background,10149,9975,85196929,[STARTED],false,true,0,0,85196940,
1431984445531,com.google.android.finsky.billing.iab.InAppBillingService,com.android.vending,10024,16601,104465177,[],false,true,1,1,105930647,
1431984445531,org.cyanogenmod.audiofx.HeadsetService,org.cyanogenmod.audiofx,10000,1289,67364,"[PERSISTENT,STARTED]",false,true,0,0,67374,
1431984505551,com.android.bluetooth.hid.HidService,com.android.bluetooth,1002,0,49150,[],false,true,0,0,49160,
1431984505551,com.cleanmaster.service.PermanentService,com.cleanmaster.mguard:service,10138,17133,94138,[STARTED],false,true,1,1,107881451,
1431984505551,com.google.android.music.dial.DialMediaRouteProviderService,com.google.android.music:main,10073,0,57202,[],false,true,0,0,57212,
1431984505551,ch.unige.css.services.PingService,ch.unige.ping,10149,1632,108251371,[STARTED],false,true,0,0,108251383,
1431984505551,com.google.android.search.core.service.BroadcastListenerService,com.google.android.googlequicksearchbox:search,10026,29282,75471,[STARTED],false,true,0,0,105919444,
1431984505551,com.android.systemui.keyguard.KeyguardService,com.android.systemui,10014,930,44352,[PERSISTENT],false,false,2,2,68066,
1431984505551,openiab.StoreService,cm.aptoide.pt,10148,0,54787,[],false,true,0,0,54797,
1431984505551,ch.unige.css.services.main.CssRegistryService,ch.unige.ping:background,10149,9975,85196929,[STARTED],false,true,0,0,85196940,
1431984505551,com.google.android.finsky.billing.iab.InAppBillingService,com.android.vending,10024,16601,104465177,[],false,true,1,1,105930647,
1431984505551,org.cyanogenmod.audiofx.HeadsetService,org.cyanogenmod.audiofx,10000,1289,67364,"[PERSISTENT,STARTED]",false,true,0,0,67374,
1431984565614,com.android.bluetooth.hid.HidService,com.android.bluetooth,1002,0,49150,[],false,true,0,0,49160,
1431984565614,com.cleanmaster.service.PermanentService,com.cleanmaster.mguard:service,10138,17133,94138,[STARTED],false,true,1,1,107881451,
1431984565614,com.google.android.music.dial.DialMediaRouteProviderService,com.google.android.music:main,10073,0,57202,[],false,true,0,0,57212,
1431984565614,ch.unige.css.services.PingService,ch.unige.ping,10149,1632,108311409,[STARTED],false,true,0,0,108311421,
1431984565614,com.google.android.search.core.service.BroadcastListenerService,com.google.android.googlequicksearchbox:search,10026,29282,75471,[STARTED],false,true,0,0,105919444,
1431984565614,com.android.systemui.keyguard.KeyguardService,com.android.systemui,10014,930,44352,[PERSISTENT],false,false,2,2,68066,
1431984565614,openiab.StoreService,cm.aptoide.pt,10148,0,54787,[],false,true,0,0,54797,
1431984565614,ch.unige.css.services.main.CssRegistryService,ch.unige.ping:background,10149,9975,85196929,[STARTED],false,true,0,0,85196940,
1431984565614,com.google.android.finsky.billing.iab.InAppBillingService,com.android.vending,10024,16601,104465177,[],false,true,1,1,105930647,
1431984565614,org.cyanogenmod.audiofx.HeadsetService,org.cyanogenmod.audiofx,10000,1289,67364,"[PERSISTENT,STARTED]",false,true,0,0,67374,
1431984625773,com.android.bluetooth.hid.HidService,com.android.bluetooth,1002,0,49150,[],false,true,0,0,49160,
1431984625773,com.cleanmaster.service.PermanentService,com.cleanmaster.mguard:service,10138,17133,94138,[STARTED],false,true,1,1,107881451,
1431984625773,com.google.android.music.dial.DialMediaRouteProviderService,com.google.android.music:main,10073,0,57202,[],false,true,0,0,57212,
1431984625773,ch.unige.css.services.PingService,ch.unige.ping,10149,1632,108371581,[STARTED],false,true,0,0,108371593,
1431984625773,com.google.android.search.core.service.BroadcastListenerService,com.google.android.googlequicksearchbox:search,10026,29282,75471,[STARTED],false,true,0,0,105919444,
1431984625773,com.android.systemui.keyguard.KeyguardService,com.android.systemui,10014,930,44352,[PERSISTENT],false,false,2,2,68066,
1431984625773,openiab.StoreService,cm.aptoide.pt,10148,0,54787,[],false,true,0,0,54797,
1431984625773,ch.unige.css.services.main.CssRegistryService,ch.unige.ping:background,10149,9975,85196929,[STARTED],false,true,0,0,85196940,
1431984625773,com.google.android.finsky.billing.iab.InAppBillingService,com.android.vending,10024,16601,104465177,[],false,true,1,1,105930647,
1431984625773,org.cyanogenmod.audiofx.HeadsetService,org.cyanogenmod.audiofx,10000,1289,67364,"[PERSISTENT,STARTED]",false,true,0,0,67374,
1431984685926,com.android.bluetooth.hid.HidService,com.android.bluetooth,1002,0,49150,[],false,true,0,0,49160,
1431984685926,com.cleanmaster.service.PermanentService,com.cleanmaster.mguard:service,10138,17133,94138,[STARTED],false,true,1,1,107881451,
1431984685926,com.google.android.music.dial.DialMediaRouteProviderService,com.google.android.music:main,10073,0,57202,[],false,true,0,0,57212,
1431984685926,ch.unige.css.services.PingService,ch.unige.ping,10149,1632,108431717,[STARTED],false,true,0,0,108431728,
1431984685926,com.google.android.search.core.service.BroadcastListenerService,com.google.android.googlequicksearchbox:search,10026,29282,75471,[STARTED],false,true,0,0,105919444,
1431984685926,com.android.systemui.keyguard.KeyguardService,com.android.systemui,10014,930,44352,[PERSISTENT],false,false,2,2,68066,
1431984685926,openiab.StoreService,cm.aptoide.pt,10148,0,54787,[],false,true,0,0,54797,
1431984685926,ch.unige.css.services.main.CssRegistryService,ch.unige.ping:background,10149,9975,85196929,[STARTED],false,true,0,0,85196940,
1431984685926,com.google.android.finsky.billing.iab.InAppBillingService,com.android.vending,10024,16601,104465177,[],false,true,1,1,105930647,
1431984685926,org.cyanogenmod.audiofx.HeadsetService,org.cyanogenmod.audiofx,10000,1289,67364,"[PERSISTENT,STARTED]",false,true,0,0,67374,
1431984745988,com.android.bluetooth.hid.HidService,com.android.bluetooth,1002,0,49150,[],false,true,0,0,49160,
1431984745988,com.cleanmaster.service.PermanentService,com.cleanmaster.mguard:service,10138,17133,94138,[STARTED],false,true,1,1,107881451,
1431984745988,com.google.android.music.dial.DialMediaRouteProviderService,com.google.android.music:main,10073,0,57202,[],false,true,0,0,57212,
1431984745988,ch.unige.css.services.PingService,ch.unige.ping,10149,1632,108491788,[STARTED],false,true,0,0,108491799,
1431984745988,com.google.android.search.core.service.BroadcastListenerService,com.google.android.googlequicksearchbox:search,10026,29282,75471,[STARTED],false,true,0,0,105919444,
1431984745988,com.android.systemui.keyguard.KeyguardService,com.android.systemui,10014,930,44352,[PERSISTENT],false,false,2,2,68066,
1431984745988,openiab.StoreService,cm.aptoide.pt,10148,0,54787,[],false,true,0,0,54797,
1431984745988,ch.unige.css.services.main.CssRegistryService,ch.unige.ping:background,10149,9975,85196929,[STARTED],false,true,0,0,85196940,
1431984745988,com.google.android.finsky.billing.iab.InAppBillingService,com.android.vending,10024,16601,104465177,[],false,true,1,1,105930647,
1431984745988,org.cyanogenmod.audiofx.HeadsetService,org.cyanogenmod.audiofx,10000,1289,67364,"[PERSISTENT,STARTED]",false,true,0,0,67374,
1431984806090,com.android.bluetooth.hid.HidService,com.android.bluetooth,1002,0,49150,[],false,true,0,0,49160,
1431984806090,com.cleanmaster.service.PermanentService,com.cleanmaster.mguard:service,10138,17133,94138,[STARTED],false,true,1,1,107881451,
1431984806090,com.google.android.music.dial.DialMediaRouteProviderService,com.google.android.music:main,10073,0,57202,[],false,true,0,0,57212,
1431984806090,ch.unige.css.services.PingService,ch.unige.ping,10149,1632,108551872,[STARTED],false,true,0,0,108551883,
1431984806090,com.google.android.search.core.service.BroadcastListenerService,com.google.android.googlequicksearchbox:search,10026,29282,75471,[STARTED],false,true,0,0,105919444,
1431984806090,com.android.systemui.keyguard.KeyguardService,com.android.systemui,10014,930,44352,[PERSISTENT],false,false,2,2,68066,
1431984806090,openiab.StoreService,cm.aptoide.pt,10148,0,54787,[],false,true,0,0,54797,
1431984806090,ch.unige.css.services.main.CssRegistryService,ch.unige.ping:background,10149,9975,85196929,[STARTED],false,true,0,0,85196940,
1431984806090,com.google.android.finsky.billing.iab.InAppBillingService,com.android.vending,10024,16601,104465177,[],false,true,1,1,105930647,
1431984806090,org.cyanogenmod.audiofx.HeadsetService,org.cyanogenmod.audiofx,10000,1289,67364,"[PERSISTENT,STARTED]",false,true,0,0,67374,
1431984866149,com.android.bluetooth.hid.HidService,com.android.bluetooth,1002,0,49150,[],false,true,0,0,49160,
1431984866149,com.cleanmaster.service.PermanentService,com.cleanmaster.mguard:service,10138,17133,94138,[STARTED],false,true,1,1,107881451,
1431984866149,com.google.android.music.dial.DialMediaRouteProviderService,com.google.android.music:main,10073,0,57202,[],false,true,0,0,57212,
1431984866149,ch.unige.css.services.PingService,ch.unige.ping,10149,1632,108611958,[STARTED],false,true,0,0,108611970,
1431984866149,com.google.android.search.core.service.BroadcastListenerService,com.google.android.googlequicksearchbox:search,10026,29282,75471,[STARTED],false,true,0,0,105919444,
1431984866149,com.android.systemui.keyguard.KeyguardService,com.android.systemui,10014,930,44352,[PERSISTENT],false,false,2,2,68066,
1431984866149,openiab.StoreService,cm.aptoide.pt,10148,0,54787,[],false,true,0,0,54797,
1431984866149,ch.unige.css.services.main.CssRegistryService,ch.unige.ping:background,10149,9975,85196929,[STARTED],false,true,0,0,85196940,
1431984866149,com.google.android.finsky.billing.iab.InAppBillingService,com.android.vending,10024,16601,104465177,[],false,true,1,1,105930647,
1431984866149,org.cyanogenmod.audiofx.HeadsetService,org.cyanogenmod.audiofx,10000,1289,67364,"[PERSISTENT,STARTED]",false,true,0,0,67374,
1431984926209,com.android.bluetooth.hid.HidService,com.android.bluetooth,1002,0,49150,[],false,true,0,0,49160,
1431984926209,com.cleanmaster.service.PermanentService,com.cleanmaster.mguard:service,10138,17133,94138,[STARTED],false,true,1,1,107881451,
1431984926209,com.google.android.music.dial.DialMediaRouteProviderService,com.google.android.music:main,10073,0,57202,[],false,true,0,0,57212,
1431984926209,ch.unige.css.services.PingService,ch.unige.ping,10149,1632,108672011,[STARTED],false,true,0,0,108672023,
1431984926209,com.google.android.search.core.service.BroadcastListenerService,com.google.android.googlequicksearchbox:search,10026,29282,75471,[STARTED],false,true,0,0,105919444,
1431984926209,com.android.systemui.keyguard.KeyguardService,com.android.systemui,10014,930,44352,[PERSISTENT],false,false,2,2,68066,
1431984926209,openiab.StoreService,cm.aptoide.pt,10148,0,54787,[],false,true,0,0,54797,
1431984926209,ch.unige.css.services.main.CssRegistryService,ch.unige.ping:background,10149,9975,85196929,[STARTED],false,true,0,0,85196940,
1431984926209,com.google.android.finsky.billing.iab.InAppBillingService,com.android.vending,10024,16601,104465177,[],false,true,1,1,105930647,
1431984926209,org.cyanogenmod.audiofx.HeadsetService,org.cyanogenmod.audiofx,10000,1289,67364,"[PERSISTENT,STARTED]",false,true,0,0,67374,
1431984986337,com.android.bluetooth.hid.HidService,com.android.bluetooth,1002,0,49150,[],false,true,0,0,49160,
1431984986337,com.cleanmaster.service.PermanentService,com.cleanmaster.mguard:service,10138,17133,94138,[STARTED],false,true,1,1,107881451,
1431984986337,com.google.android.music.dial.DialMediaRouteProviderService,com.google.android.music:main,10073,0,57202,[],false,true,0,0,57212,
1431984986337,ch.unige.css.services.PingService,ch.unige.ping,10149,1632,108732121,[STARTED],false,true,0,0,108732132,
1431984986337,com.google.android.search.core.service.BroadcastListenerService,com.google.android.googlequicksearchbox:search,10026,29282,75471,[STARTED],false,true,0,0,105919444,
1431984986337,com.android.systemui.keyguard.KeyguardService,com.android.systemui,10014,930,44352,[PERSISTENT],false,false,2,2,68066,
1431984986337,openiab.StoreService,cm.aptoide.pt,10148,0,54787,[],false,true,0,0,54797,
1431984986337,ch.unige.css.services.main.CssRegistryService,ch.unige.ping:background,10149,9975,85196929,[STARTED],false,true,0,0,85196940,
1431984986337,com.google.android.finsky.billing.iab.InAppBillingService,com.android.vending,10024,16601,104465177,[],false,true,1,1,105930647,
1431984986337,org.cyanogenmod.audiofx.HeadsetService,org.cyanogenmod.audiofx,10000,1289,67364,"[PERSISTENT,STARTED]",false,true,0,0,67374,
1431985046397,com.android.bluetooth.hid.HidService,com.android.bluetooth,1002,0,49150,[],false,true,0,0,49160,
1431985046397,com.cleanmaster.service.PermanentService,com.cleanmaster.mguard:service,10138,17133,94138,[STARTED],false,true,1,1,107881451,
1431985046397,com.google.android.music.dial.DialMediaRouteProviderService,com.google.android.music:main,10073,0,57202,[],false,true,0,0,57212,
1431985046397,ch.unige.css.services.PingService,ch.unige.ping,10149,1632,108792189,[STARTED],false,true,0,0,108792200,
1431985046397,com.google.android.search.core.service.BroadcastListenerService,com.google.android.googlequicksearchbox:search,10026,29282,75471,[STARTED],false,true,0,0,105919444,
1431985046397,com.android.systemui.keyguard.KeyguardService,com.android.systemui,10014,930,44352,[PERSISTENT],false,false,2,2,68066,
1431985046397,openiab.StoreService,cm.aptoide.pt,10148,0,54787,[],false,true,0,0,54797,
1431985046397,ch.unige.css.services.main.CssRegistryService,ch.unige.ping:background,10149,9975,85196929,[STARTED],false,true,0,0,85196940,
1431985046397,com.google.android.finsky.billing.iab.InAppBillingService,com.android.vending,10024,16601,104465177,[],false,true,1,1,105930647,
1431985046397,org.cyanogenmod.audiofx.HeadsetService,org.cyanogenmod.audiofx,10000,1289,67364,"[PERSISTENT,STARTED]",false,true,0,0,67374,
1431985106446,com.android.bluetooth.hid.HidService,com.android.bluetooth,1002,0,49150,[],false,true,0,0,49160,
1431985106446,com.cleanmaster.service.PermanentService,com.cleanmaster.mguard:service,10138,17133,94138,[STARTED],false,true,1,1,107881451,
1431985106446,com.google.android.music.dial.DialMediaRouteProviderService,com.google.android.music:main,10073,0,57202,[],false,true,0,0,57212,
1431985106446,ch.unige.css.services.PingService,ch.unige.ping,10149,1632,108852255,[STARTED],false,true,0,0,108852266,
1431985106446,com.google.android.search.core.service.BroadcastListenerService,com.google.android.googlequicksearchbox:search,10026,29282,75471,[STARTED],false,true,0,0,105919444,
1431985106446,com.android.systemui.keyguard.KeyguardService,com.android.systemui,10014,930,44352,[PERSISTENT],false,false,2,2,68066,
1431985106446,openiab.StoreService,cm.aptoide.pt,10148,0,54787,[],false,true,0,0,54797,
1431985106446,ch.unige.css.services.main.CssRegistryService,ch.unige.ping:background,10149,9975,85196929,[STARTED],false,true,0,0,85196940,
1431985106446,com.google.android.finsky.billing.iab.InAppBillingService,com.android.vending,10024,16601,104465177,[],false,true,1,1,105930647,
1431985106446,org.cyanogenmod.audiofx.HeadsetService,org.cyanogenmod.audiofx,10000,1289,67364,"[PERSISTENT,STARTED]",false,true,0,0,67374,
1431985166548,com.android.bluetooth.hid.HidService,com.android.bluetooth,1002,0,49150,[],false,true,0,0,49160,
1431985166548,com.cleanmaster.service.PermanentService,com.cleanmaster.mguard:service,10138,17133,94138,[STARTED],false,true,1,1,107881451,
1431985166548,com.google.android.music.dial.DialMediaRouteProviderService,com.google.android.music:main,10073,0,57202,[],false,true,0,0,57212,
1431985166548,ch.unige.css.services.PingService,ch.unige.ping,10149,1632,108912346,[STARTED],false,true,0,0,108912357,
1431985166548,com.google.android.search.core.service.BroadcastListenerService,com.google.android.googlequicksearchbox:search,10026,29282,75471,[STARTED],false,true,0,0,105919444,
1431985166548,com.android.systemui.keyguard.KeyguardService,com.android.systemui,10014,930,44352,[PERSISTENT],false,false,2,2,68066,
1431985166548,openiab.StoreService,cm.aptoide.pt,10148,0,54787,[],false,true,0,0,54797,
1431985166548,ch.unige.css.services.main.CssRegistryService,ch.unige.ping:background,10149,9975,85196929,[STARTED],false,true,0,0,85196940,
1431985166548,com.google.android.finsky.billing.iab.InAppBillingService,com.android.vending,10024,16601,104465177,[],false,true,1,1,105930647,
1431985166548,org.cyanogenmod.audiofx.HeadsetService,org.cyanogenmod.audiofx,10000,1289,67364,"[PERSISTENT,STARTED]",false,true,0,0,67374,
1431985226580,com.android.bluetooth.hid.HidService,com.android.bluetooth,1002,0,49150,[],false,true,0,0,49160,
1431985226580,com.cleanmaster.service.PermanentService,com.cleanmaster.mguard:service,10138,17133,94138,[STARTED],false,true,1,1,107881451,
1431985226580,com.google.android.music.dial.DialMediaRouteProviderService,com.google.android.music:main,10073,0,57202,[],false,true,0,0,57212,
1431985226580,ch.unige.css.services.PingService,ch.unige.ping,10149,1632,108972396,[STARTED],false,true,0,0,108972407,
1431985226580,com.google.android.search.core.service.BroadcastListenerService,com.google.android.googlequicksearchbox:search,10026,29282,75471,[STARTED],false,true,0,0,105919444,
1431985226580,com.android.systemui.keyguard.KeyguardService,com.android.systemui,10014,930,44352,[PERSISTENT],false,false,2,2,68066,
1431985226580,openiab.StoreService,cm.aptoide.pt,10148,0,54787,[],false,true,0,0,54797,
1431985226580,ch.unige.css.services.main.CssRegistryService,ch.unige.ping:background,10149,9975,85196929,[STARTED],false,true,0,0,85196940,
1431985226580,com.google.android.finsky.billing.iab.InAppBillingService,com.android.vending,10024,16601,104465177,[],false,true,1,1,105930647,
1431985226580,org.cyanogenmod.audiofx.HeadsetService,org.cyanogenmod.audiofx,10000,1289,67364,"[PERSISTENT,STARTED]",false,true,0,0,67374,
1431985286674,com.android.bluetooth.hid.HidService,com.android.bluetooth,1002,0,49150,[],false,true,0,0,49160,
1431985286674,com.cleanmaster.service.PermanentService,com.cleanmaster.mguard:service,10138,17133,94138,[STARTED],false,true,1,1,107881451,
1431985286674,com.google.android.music.dial.DialMediaRouteProviderService,com.google.android.music:main,10073,0,57202,[],false,true,0,0,57212,
1431985286674,ch.unige.css.services.PingService,ch.unige.ping,10149,1632,109032455,[STARTED],false,true,0,0,109032466,
1431985286674,com.google.android.search.core.service.BroadcastListenerService,com.google.android.googlequicksearchbox:search,10026,29282,75471,[STARTED],false,true,0,0,105919444,
1431985286674,com.android.systemui.keyguard.KeyguardService,com.android.systemui,10014,930,44352,[PERSISTENT],false,false,2,2,68066,
1431985286674,openiab.StoreService,cm.aptoide.pt,10148,0,54787,[],false,true,0,0,54797,
1431985286674,ch.unige.css.services.main.CssRegistryService,ch.unige.ping:background,10149,9975,85196929,[STARTED],false,true,0,0,85196940,
1431985286674,com.google.android.finsky.billing.iab.InAppBillingService,com.android.vending,10024,16601,104465177,[],false,true,1,1,105930647,
1431985286674,org.cyanogenmod.audiofx.HeadsetService,org.cyanogenmod.audiofx,10000,1289,67364,"[PERSISTENT,STARTED]",false,true,0,0,67374,
1431985346677,com.android.bluetooth.hid.HidService,com.android.bluetooth,1002,0,49150,[],false,true,0,0,49160,
1431985346677,com.cleanmaster.service.PermanentService,com.cleanmaster.mguard:service,10138,17133,94138,[STARTED],false,true,1,1,107881451,
1431985346677,com.google.android.music.dial.DialMediaRouteProviderService,com.google.android.music:main,10073,0,57202,[],false,true,0,0,57212,
1431985346677,ch.unige.css.services.PingService,ch.unige.ping,10149,1632,109092503,[STARTED],false,true,0,0,109092514,
1431985346677,com.google.android.search.core.service.BroadcastListenerService,com.google.android.googlequicksearchbox:search,10026,29282,75471,[STARTED],false,true,0,0,105919444,
1431985346677,com.android.systemui.keyguard.KeyguardService,com.android.systemui,10014,930,44352,[PERSISTENT],false,false,2,2,68066,
1431985346677,openiab.StoreService,cm.aptoide.pt,10148,0,54787,[],false,true,0,0,54797,
1431985346677,ch.unige.css.services.main.CssRegistryService,ch.unige.ping:background,10149,9975,85196929,[STARTED],false,true,0,0,85196940,
1431985346677,com.google.android.finsky.billing.iab.InAppBillingService,com.android.vending,10024,16601,104465177,[],false,true,1,1,105930647,
1431985346677,org.cyanogenmod.audiofx.HeadsetService,org.cyanogenmod.audiofx,10000,1289,67364,"[PERSISTENT,STARTED]",false,true,0,0,67374,
1431985406784,com.android.bluetooth.hid.HidService,com.android.bluetooth,1002,0,49150,[],false,true,0,0,49160,
1431985406784,com.cleanmaster.service.PermanentService,com.cleanmaster.mguard:service,10138,17133,94138,[STARTED],false,true,1,1,107881451,
1431985406784,com.google.android.music.dial.DialMediaRouteProviderService,com.google.android.music:main,10073,0,57202,[],false,true,0,0,57212,
1431985406784,ch.unige.css.services.PingService,ch.unige.ping,10149,1632,109152572,[STARTED],false,true,0,0,109152584,
1431985406784,com.google.android.search.core.service.BroadcastListenerService,com.google.android.googlequicksearchbox:search,10026,29282,75471,[STARTED],false,true,0,0,105919444,
1431985406784,com.android.systemui.keyguard.KeyguardService,com.android.systemui,10014,930,44352,[PERSISTENT],false,false,2,2,68066,
1431985406784,openiab.StoreService,cm.aptoide.pt,10148,0,54787,[],false,true,0,0,54797,
1431985406784,ch.unige.css.services.main.CssRegistryService,ch.unige.ping:background,10149,9975,85196929,[STARTED],false,true,0,0,85196940,
1431985406784,com.google.android.finsky.billing.iab.InAppBillingService,com.android.vending,10024,16601,104465177,[],false,true,1,1,105930647,
1431985406784,org.cyanogenmod.audiofx.HeadsetService,org.cyanogenmod.audiofx,10000,1289,67364,"[PERSISTENT,STARTED]",false,true,0,0,67374,
1431985466819,com.android.bluetooth.hid.HidService,com.android.bluetooth,1002,0,49150,[],false,true,0,0,49160,
1431985466819,com.cleanmaster.service.PermanentService,com.cleanmaster.mguard:service,10138,17133,94138,[STARTED],false,true,1,1,107881451,
1431985466819,com.google.android.music.dial.DialMediaRouteProviderService,com.google.android.music:main,10073,0,57202,[],false,true,0,0,57212,
1431985466819,ch.unige.css.services.PingService,ch.unige.ping,10149,1632,109212628,[STARTED],false,true,0,0,109212639,
1431985466819,com.google.android.search.core.service.BroadcastListenerService,com.google.android.googlequicksearchbox:search,10026,29282,75471,[STARTED],false,true,0,0,105919444,
1431985466819,com.android.systemui.keyguard.KeyguardService,com.android.systemui,10014,930,44352,[PERSISTENT],false,false,2,2,68066,
1431985466819,openiab.StoreService,cm.aptoide.pt,10148,0,54787,[],false,true,0,0,54797,
1431985466819,ch.unige.css.services.main.CssRegistryService,ch.unige.ping:background,10149,9975,85196929,[STARTED],false,true,0,0,85196940,
1431985466819,com.google.android.finsky.billing.iab.InAppBillingService,com.android.vending,10024,16601,104465177,[],false,true,1,1,105930647,
1431985466819,org.cyanogenmod.audiofx.HeadsetService,org.cyanogenmod.audiofx,10000,1289,67364,"[PERSISTENT,STARTED]",false,true,0,0,67374,
1431985526847,com.android.bluetooth.hid.HidService,com.android.bluetooth,1002,0,49150,[],false,true,0,0,49160,
1431985526847,com.cleanmaster.service.PermanentService,com.cleanmaster.mguard:service,10138,17133,94138,[STARTED],false,true,1,1,107881451,
1431985526847,com.google.android.music.dial.DialMediaRouteProviderService,com.google.android.music:main,10073,0,57202,[],false,true,0,0,57212,
1431985526847,ch.unige.css.services.PingService,ch.unige.ping,10149,1632,109272662,[STARTED],false,true,0,0,109272673,
1431985526847,com.google.android.search.core.service.BroadcastListenerService,com.google.android.googlequicksearchbox:search,10026,29282,75471,[STARTED],false,true,0,0,105919444,
1431985526847,com.android.systemui.keyguard.KeyguardService,com.android.systemui,10014,930,44352,[PERSISTENT],false,false,2,2,68066,
1431985526847,openiab.StoreService,cm.aptoide.pt,10148,0,54787,[],false,true,0,0,54797,
1431985526847,ch.unige.css.services.main.CssRegistryService,ch.unige.ping:background,10149,9975,85196929,[STARTED],false,true,0,0,85196940,
1431985526847,com.google.android.finsky.billing.iab.InAppBillingService,com.android.vending,10024,16601,104465177,[],false,true,1,1,105930647,
1431985526847,org.cyanogenmod.audiofx.HeadsetService,org.cyanogenmod.audiofx,10000,1289,67364,"[PERSISTENT,STARTED]",false,true,0,0,67374,
1431985586939,com.android.bluetooth.hid.HidService,com.android.bluetooth,1002,0,49150,[],false,true,0,0,49160,
1431985586939,com.cleanmaster.service.PermanentService,com.cleanmaster.mguard:service,10138,17133,94138,[STARTED],false,true,1,1,107881451,
1431985586939,com.google.android.music.dial.DialMediaRouteProviderService,com.google.android.music:main,10073,0,57202,[],false,true,0,0,57212,
1431985586939,ch.unige.css.services.PingService,ch.unige.ping,10149,1632,109332744,[STARTED],false,true,0,0,109332756,
1431985586939,com.google.android.search.core.service.BroadcastListenerService,com.google.android.googlequicksearchbox:search,10026,29282,75471,[STARTED],false,true,0,0,105919444,
1431985586939,com.android.systemui.keyguard.KeyguardService,com.android.systemui,10014,930,44352,[PERSISTENT],false,false,2,2,68066,
1431985586939,openiab.StoreService,cm.aptoide.pt,10148,0,54787,[],false,true,0,0,54797,
1431985586939,ch.unige.css.services.main.CssRegistryService,ch.unige.ping:background,10149,9975,85196929,[STARTED],false,true,0,0,85196940,
1431985586939,com.google.android.finsky.billing.iab.InAppBillingService,com.android.vending,10024,16601,104465177,[],false,true,1,1,105930647,
1431985586939,org.cyanogenmod.audiofx.HeadsetService,org.cyanogenmod.audiofx,10000,1289,67364,"[PERSISTENT,STARTED]",false,true,0,0,67374,
1431985647002,com.android.bluetooth.hid.HidService,com.android.bluetooth,1002,0,49150,[],false,true,0,0,49160,
1431985647002,com.cleanmaster.service.PermanentService,com.cleanmaster.mguard:service,10138,17133,94138,[STARTED],false,true,1,1,107881451,
1431985647002,com.google.android.music.dial.DialMediaRouteProviderService,com.google.android.music:main,10073,0,57202,[],false,true,0,0,57212,
1431985647002,ch.unige.css.services.PingService,ch.unige.ping,10149,1632,109392797,[STARTED],false,true,0,0,109392808,
1431985647002,com.google.android.search.core.service.BroadcastListenerService,com.google.android.googlequicksearchbox:search,10026,29282,75471,[STARTED],false,true,0,0,105919444,
1431985647002,com.android.systemui.keyguard.KeyguardService,com.android.systemui,10014,930,44352,[PERSISTENT],false,false,2,2,68066,
1431985647002,openiab.StoreService,cm.aptoide.pt,10148,0,54787,[],false,true,0,0,54797,
1431985647002,ch.unige.css.services.main.CssRegistryService,ch.unige.ping:background,10149,9975,85196929,[STARTED],false,true,0,0,85196940,
1431985647002,com.google.android.finsky.billing.iab.InAppBillingService,com.android.vending,10024,16601,104465177,[],false,true,1,1,105930647,
1431985647002,org.cyanogenmod.audiofx.HeadsetService,org.cyanogenmod.audiofx,10000,1289,67364,"[PERSISTENT,STARTED]",false,true,0,0,67374,
1431985707007,com.android.bluetooth.hid.HidService,com.android.bluetooth,1002,0,49150,[],false,true,0,0,49160,
1431985707007,com.cleanmaster.service.PermanentService,com.cleanmaster.mguard:service,10138,17133,94138,[STARTED],false,true,1,1,107881451,
1431985707007,com.google.android.music.dial.DialMediaRouteProviderService,com.google.android.music:main,10073,0,57202,[],false,true,0,0,57212,
1431985707007,ch.unige.css.services.PingService,ch.unige.ping,10149,1632,109452821,[STARTED],false,true,0,0,109452832,
1431985707007,com.google.android.search.core.service.BroadcastListenerService,com.google.android.googlequicksearchbox:search,10026,29282,75471,[STARTED],false,true,0,0,105919444,
1431985707007,com.android.systemui.keyguard.KeyguardService,com.android.systemui,10014,930,44352,[PERSISTENT],false,false,2,2,68066,
1431985707007,openiab.StoreService,cm.aptoide.pt,10148,0,54787,[],false,true,0,0,54797,
1431985707007,ch.unige.css.services.main.CssRegistryService,ch.unige.ping:background,10149,9975,85196929,[STARTED],false,true,0,0,85196940,
1431985707007,com.google.android.finsky.billing.iab.InAppBillingService,com.android.vending,10024,16601,104465177,[],false,true,1,1,105930647,
1431985707007,org.cyanogenmod.audiofx.HeadsetService,org.cyanogenmod.audiofx,10000,1289,67364,"[PERSISTENT,STARTED]",false,true,0,0,67374,
1431985767047,com.android.bluetooth.hid.HidService,com.android.bluetooth,1002,0,49150,[],false,true,0,0,49160,
1431985767047,com.cleanmaster.service.PermanentService,com.cleanmaster.mguard:service,10138,17133,94138,[STARTED],false,true,1,1,107881451,
1431985767047,com.google.android.music.dial.DialMediaRouteProviderService,com.google.android.music:main,10073,0,57202,[],false,true,0,0,57212,
1431985767047,ch.unige.css.services.PingService,ch.unige.ping,10149,1632,109512859,[STARTED],false,true,0,0,109512870,
1431985767047,com.google.android.search.core.service.BroadcastListenerService,com.google.android.googlequicksearchbox:search,10026,29282,75471,[STARTED],false,true,0,0,105919444,
1431985767047,com.android.systemui.keyguard.KeyguardService,com.android.systemui,10014,930,44352,[PERSISTENT],false,false,2,2,68066,
1431985767047,openiab.StoreService,cm.aptoide.pt,10148,0,54787,[],false,true,0,0,54797,
1431985767047,ch.unige.css.services.main.CssRegistryService,ch.unige.ping:background,10149,9975,85196929,[STARTED],false,true,0,0,85196940,
1431985767047,com.google.android.finsky.billing.iab.InAppBillingService,com.android.vending,10024,16601,104465177,[],false,true,1,1,105930647,
1431985767047,org.cyanogenmod.audiofx.HeadsetService,org.cyanogenmod.audiofx,10000,1289,67364,"[PERSISTENT,STARTED]",false,true,0,0,67374,
1431985827064,com.android.bluetooth.hid.HidService,com.android.bluetooth,1002,0,49150,[],false,true,0,0,49160,
1431985827064,com.cleanmaster.service.PermanentService,com.cleanmaster.mguard:service,10138,17133,94138,[STARTED],false,true,1,1,107881451,
1431985827064,com.google.android.music.dial.DialMediaRouteProviderService,com.google.android.music:main,10073,0,57202,[],false,true,0,0,57212,
1431985827064,ch.unige.css.services.PingService,ch.unige.ping,10149,1632,109572886,[STARTED],false,true,0,0,109572898,
1431985827064,com.google.android.search.core.service.BroadcastListenerService,com.google.android.googlequicksearchbox:search,10026,29282,75471,[STARTED],false,true,0,0,105919444,
1431985827064,com.android.systemui.keyguard.KeyguardService,com.android.systemui,10014,930,44352,[PERSISTENT],false,false,2,2,68066,
1431985827064,openiab.StoreService,cm.aptoide.pt,10148,0,54787,[],false,true,0,0,54797,
1431985827064,ch.unige.css.services.main.CssRegistryService,ch.unige.ping:background,10149,9975,85196929,[STARTED],false,true,0,0,85196940,
1431985827064,com.google.android.finsky.billing.iab.InAppBillingService,com.android.vending,10024,16601,104465177,[],false,true,1,1,105930647,
1431985827064,org.cyanogenmod.audiofx.HeadsetService,org.cyanogenmod.audiofx,10000,1289,67364,"[PERSISTENT,STARTED]",false,true,0,0,67374,
1431985887143,com.android.bluetooth.hid.HidService,com.android.bluetooth,1002,0,49150,[],false,true,0,0,49160,
1431985887143,com.cleanmaster.service.PermanentService,com.cleanmaster.mguard:service,10138,17133,94138,[STARTED],false,true,1,1,107881451,
1431985887143,com.google.android.music.dial.DialMediaRouteProviderService,com.google.android.music:main,10073,0,57202,[],false,true,0,0,57212,
1431985887143,ch.unige.css.services.PingService,ch.unige.ping,10149,1632,109632938,[STARTED],false,true,0,0,109632949,
1431985887143,com.google.android.search.core.service.BroadcastListenerService,com.google.android.googlequicksearchbox:search,10026,29282,75471,[STARTED],false,true,0,0,105919444,
1431985887143,com.android.systemui.keyguard.KeyguardService,com.android.systemui,10014,930,44352,[PERSISTENT],false,false,2,2,68066,
1431985887143,openiab.StoreService,cm.aptoide.pt,10148,0,54787,[],false,true,0,0,54797,
1431985887143,ch.unige.css.services.main.CssRegistryService,ch.unige.ping:background,10149,9975,85196929,[STARTED],false,true,0,0,85196940,
1431985887143,com.google.android.finsky.billing.iab.InAppBillingService,com.android.vending,10024,16601,104465177,[],false,true,1,1,105930647,
1431985887143,org.cyanogenmod.audiofx.HeadsetService,org.cyanogenmod.audiofx,10000,1289,67364,"[PERSISTENT,STARTED]",false,true,0,0,67374,
1431985947215,com.android.bluetooth.hid.HidService,com.android.bluetooth,1002,0,49150,[],false,true,0,0,49160,
1431985947215,com.cleanmaster.service.PermanentService,com.cleanmaster.mguard:service,10138,17133,94138,[STARTED],false,true,1,1,107881451,
1431985947215,com.google.android.music.dial.DialMediaRouteProviderService,com.google.android.music:main,10073,0,57202,[],false,true,0,0,57212,
1431985947215,ch.unige.css.services.PingService,ch.unige.ping,10149,1632,109693033,[STARTED],false,true,0,0,109693044,
1431985947215,com.google.android.search.core.service.BroadcastListenerService,com.google.android.googlequicksearchbox:search,10026,29282,75471,[STARTED],false,true,0,0,105919444,
1431985947215,com.android.systemui.keyguard.KeyguardService,com.android.systemui,10014,930,44352,[PERSISTENT],false,false,2,2,68066,
1431985947215,openiab.StoreService,cm.aptoide.pt,10148,0,54787,[],false,true,0,0,54797,
1431985947215,ch.unige.css.services.main.CssRegistryService,ch.unige.ping:background,10149,9975,85196929,[STARTED],false,true,0,0,85196940,
1431985947215,com.google.android.finsky.billing.iab.InAppBillingService,com.android.vending,10024,16601,104465177,[],false,true,1,1,105930647,
1431985947215,org.cyanogenmod.audiofx.HeadsetService,org.cyanogenmod.audiofx,10000,1289,67364,"[PERSISTENT,STARTED]",false,true,0,0,67374,
1431986007318,com.android.bluetooth.hid.HidService,com.android.bluetooth,1002,0,49150,[],false,true,0,0,49160,
1431986007318,com.cleanmaster.service.PermanentService,com.cleanmaster.mguard:service,10138,17133,94138,[STARTED],false,true,1,1,107881451,
1431986007318,com.google.android.music.dial.DialMediaRouteProviderService,com.google.android.music:main,10073,0,57202,[],false,true,0,0,57212,
1431986007318,ch.unige.css.services.PingService,ch.unige.ping,10149,1632,109753092,[STARTED],false,true,0,0,109753103,
1431986007318,com.google.android.search.core.service.BroadcastListenerService,com.google.android.googlequicksearchbox:search,10026,29282,75471,[STARTED],false,true,0,0,105919444,
1431986007318,com.android.systemui.keyguard.KeyguardService,com.android.systemui,10014,930,44352,[PERSISTENT],false,false,2,2,68066,
1431986007318,openiab.StoreService,cm.aptoide.pt,10148,0,54787,[],false,true,0,0,54797,
1431986007318,ch.unige.css.services.main.CssRegistryService,ch.unige.ping:background,10149,9975,85196929,[STARTED],false,true,0,0,85196940,
1431986007318,com.google.android.finsky.billing.iab.InAppBillingService,com.android.vending,10024,16601,104465177,[],false,true,1,1,105930647,
1431986007318,org.cyanogenmod.audiofx.HeadsetService,org.cyanogenmod.audiofx,10000,1289,67364,"[PERSISTENT,STARTED]",false,true,0,0,67374,
1431986067335,com.android.bluetooth.hid.HidService,com.android.bluetooth,1002,0,49150,[],false,true,0,0,49160,
1431986067335,com.cleanmaster.service.PermanentService,com.cleanmaster.mguard:service,10138,17133,94138,[STARTED],false,true,1,1,107881451,
1431986067335,com.google.android.music.dial.DialMediaRouteProviderService,com.google.android.music:main,10073,0,57202,[],false,true,0,0,57212,
1431986067335,ch.unige.css.services.PingService,ch.unige.ping,10149,1632,109813139,[STARTED],false,true,0,0,109813150,
1431986067335,com.google.android.search.core.service.BroadcastListenerService,com.google.android.googlequicksearchbox:search,10026,29282,75471,[STARTED],false,true,0,0,105919444,
1431986067335,com.android.systemui.keyguard.KeyguardService,com.android.systemui,10014,930,44352,[PERSISTENT],false,false,2,2,68066,
1431986067335,openiab.StoreService,cm.aptoide.pt,10148,0,54787,[],false,true,0,0,54797,
1431986067335,ch.unige.css.services.main.CssRegistryService,ch.unige.ping:background,10149,9975,85196929,[STARTED],false,true,0,0,85196940,
1431986067335,com.google.android.finsky.billing.iab.InAppBillingService,com.android.vending,10024,16601,104465177,[],false,true,1,1,105930647,
1431986067335,org.cyanogenmod.audiofx.HeadsetService,org.cyanogenmod.audiofx,10000,1289,67364,"[PERSISTENT,STARTED]",false,true,0,0,67374,
1431986127405,com.android.bluetooth.hid.HidService,com.android.bluetooth,1002,0,49150,[],false,true,0,0,49160,
1431986127405,com.cleanmaster.service.PermanentService,com.cleanmaster.mguard:service,10138,17133,94138,[STARTED],false,true,1,1,107881451,
1431986127405,com.google.android.music.dial.DialMediaRouteProviderService,com.google.android.music:main,10073,0,57202,[],false,true,0,0,57212,
1431986127405,ch.unige.css.services.PingService,ch.unige.ping,10149,1632,109873225,[STARTED],false,true,0,0,109873236,
1431986127405,com.google.android.search.core.service.BroadcastListenerService,com.google.android.googlequicksearchbox:search,10026,29282,75471,[STARTED],false,true,0,0,105919444,
1431986127405,com.android.systemui.keyguard.KeyguardService,com.android.systemui,10014,930,44352,[PERSISTENT],false,false,2,2,68066,
1431986127405,openiab.StoreService,cm.aptoide.pt,10148,0,54787,[],false,true,0,0,54797,
1431986127405,ch.unige.css.services.main.CssRegistryService,ch.unige.ping:background,10149,9975,85196929,[STARTED],false,true,0,0,85196940,
1431986127405,com.google.android.finsky.billing.iab.InAppBillingService,com.android.vending,10024,16601,104465177,[],false,true,1,1,105930647,
1431986127405,org.cyanogenmod.audiofx.HeadsetService,org.cyanogenmod.audiofx,10000,1289,67364,"[PERSISTENT,STARTED]",false,true,0,0,67374,
1431986187464,com.android.bluetooth.hid.HidService,com.android.bluetooth,1002,0,49150,[],false,true,0,0,49160,
1431986187464,com.cleanmaster.service.PermanentService,com.cleanmaster.mguard:service,10138,17133,94138,[STARTED],false,true,1,1,107881451,
1431986187464,com.google.android.music.dial.DialMediaRouteProviderService,com.google.android.music:main,10073,0,57202,[],false,true,0,0,57212,
1431986187464,ch.unige.css.services.PingService,ch.unige.ping,10149,1632,109933280,[STARTED],false,true,0,0,109933291,
1431986187464,com.google.android.search.core.service.BroadcastListenerService,com.google.android.googlequicksearchbox:search,10026,29282,75471,[STARTED],false,true,0,0,105919444,
1431986187464,com.android.systemui.keyguard.KeyguardService,com.android.systemui,10014,930,44352,[PERSISTENT],false,false,2,2,68066,
1431986187464,openiab.StoreService,cm.aptoide.pt,10148,0,54787,[],false,true,0,0,54797,
1431986187464,ch.unige.css.services.main.CssRegistryService,ch.unige.ping:background,10149,9975,85196929,[STARTED],false,true,0,0,85196940,
1431986187464,com.google.android.finsky.billing.iab.InAppBillingService,com.android.vending,10024,16601,104465177,[],false,true,1,1,105930647,
1431986187464,org.cyanogenmod.audiofx.HeadsetService,org.cyanogenmod.audiofx,10000,1289,67364,"[PERSISTENT,STARTED]",false,true,0,0,67374,
1431986247532,com.android.bluetooth.hid.HidService,com.android.bluetooth,1002,0,49150,[],false,true,0,0,49160,
1431986247532,com.cleanmaster.service.PermanentService,com.cleanmaster.mguard:service,10138,17133,94138,[STARTED],false,true,1,1,107881451,
1431986247532,com.google.android.music.dial.DialMediaRouteProviderService,com.google.android.music:main,10073,0,57202,[],false,true,0,0,57212,
1431986247532,ch.unige.css.services.PingService,ch.unige.ping,10149,1632,109993314,[STARTED],false,true,0,0,109993325,
1431986247532,com.google.android.search.core.service.BroadcastListenerService,com.google.android.googlequicksearchbox:search,10026,29282,75471,[STARTED],false,true,0,0,105919444,
1431986247532,com.android.systemui.keyguard.KeyguardService,com.android.systemui,10014,930,44352,[PERSISTENT],false,false,2,2,68066,
1431986247532,openiab.StoreService,cm.aptoide.pt,10148,0,54787,[],false,true,0,0,54797,
1431986247532,ch.unige.css.services.main.CssRegistryService,ch.unige.ping:background,10149,9975,85196929,[STARTED],false,true,0,0,85196940,
1431986247532,com.google.android.finsky.billing.iab.InAppBillingService,com.android.vending,10024,16601,104465177,[],false,true,1,1,105930647,
1431986247532,org.cyanogenmod.audiofx.HeadsetService,org.cyanogenmod.audiofx,10000,1289,67364,"[PERSISTENT,STARTED]",false,true,0,0,67374,
1431986307524,com.android.bluetooth.hid.HidService,com.android.bluetooth,1002,0,49150,[],false,true,0,0,49160,
1431986307524,com.cleanmaster.service.PermanentService,com.cleanmaster.mguard:service,10138,17133,94138,[STARTED],false,true,1,1,107881451,
1431986307524,com.google.android.music.dial.DialMediaRouteProviderService,com.google.android.music:main,10073,0,57202,[],false,true,0,0,57212,
1431986307524,ch.unige.css.services.PingService,ch.unige.ping,10149,1632,110053345,[STARTED],false,true,0,0,110053356,
1431986307524,com.google.android.search.core.service.BroadcastListenerService,com.google.android.googlequicksearchbox:search,10026,29282,75471,[STARTED],false,true,0,0,105919444,
1431986307524,com.android.systemui.keyguard.KeyguardService,com.android.systemui,10014,930,44352,[PERSISTENT],false,false,2,2,68066,
1431986307524,openiab.StoreService,cm.aptoide.pt,10148,0,54787,[],false,true,0,0,54797,
1431986307524,ch.unige.css.services.main.CssRegistryService,ch.unige.ping:background,10149,9975,85196929,[STARTED],false,true,0,0,85196940,
1431986307524,com.google.android.finsky.billing.iab.InAppBillingService,com.android.vending,10024,16601,104465177,[],false,true,1,1,105930647,
1431986307524,org.cyanogenmod.audiofx.HeadsetService,org.cyanogenmod.audiofx,10000,1289,67364,"[PERSISTENT,STARTED]",false,true,0,0,67374,
1431986367639,com.android.bluetooth.hid.HidService,com.android.bluetooth,1002,0,49150,[],false,true,0,0,49160,
1431986367639,com.cleanmaster.service.PermanentService,com.cleanmaster.mguard:service,10138,17133,94138,[STARTED],false,true,1,1,107881451,
1431986367639,com.google.android.music.dial.DialMediaRouteProviderService,com.google.android.music:main,10073,0,57202,[],false,true,0,0,57212,
1431986367639,ch.unige.css.services.PingService,ch.unige.ping,10149,1632,110113422,[STARTED],false,true,0,0,110113433,
1431986367639,com.google.android.search.core.service.BroadcastListenerService,com.google.android.googlequicksearchbox:search,10026,29282,75471,[STARTED],false,true,0,0,105919444,
1431986367639,com.android.systemui.keyguard.KeyguardService,com.android.systemui,10014,930,44352,[PERSISTENT],false,false,2,2,68066,
1431986367639,openiab.StoreService,cm.aptoide.pt,10148,0,54787,[],false,true,0,0,54797,
1431986367639,ch.unige.css.services.main.CssRegistryService,ch.unige.ping:background,10149,9975,85196929,[STARTED],false,true,0,0,85196940,
1431986367639,com.google.android.finsky.billing.iab.InAppBillingService,com.android.vending,10024,16601,104465177,[],false,true,1,1,105930647,
1431986367639,org.cyanogenmod.audiofx.HeadsetService,org.cyanogenmod.audiofx,10000,1289,67364,"[PERSISTENT,STARTED]",false,true,0,0,67374,
